{
    "animation": [
        {
            "name": "Root",
            "time": [0.0, 0.0167, 0.0333, 0.05, 0.0667, 0.0833, 0.1, 0.1167, 0.1333, 0.15, 0.1667, 0.1833, 0.2, 0.2167, 0.2333, 0.25, 0.2667, 0.2833, 0.3, 0.3167, 0.3333, 0.35, 0.3667, 0.3833, 0.4, 0.4167, 0.4333, 0.45, 0.4667, 0.4833, 0.5, 0.5167, 0.5333, 0.55, 0.5667, 0.5833, 0.6, 0.6167, 0.6333, 0.65, 0.6667, 0.6833, 0.7, 0.7167, 0.7333, 0.75, 0.7667, 0.7833, 0.8, 0.8167, 0.8333, 0.85, 0.8667, 0.8833, 0.9, 0.9167, 0.9333, 0.95, 0.9667, 0.9833, 1.0, 1.0167, 1.0333, 1.05, 1.0667, 1.0833, 1.1, 1.1167, 1.1333, 1.15, 1.1667, 1.1833, 1.2, 1.2167, 1.2333, 1.25, 1.2667, 1.2833, 1.3, 1.3167, 1.3333, 1.35, 1.3667, 1.3833, 1.4, 1.4167, 1.4333, 1.45, 1.4667, 1.4833, 1.5, 1.5167, 1.5333, 1.55, 1.5667, 1.5833, 1.6, 1.6167, 1.6333, 1.65, 1.6667, 1.6833, 1.7, 1.7167, 1.7333, 1.75, 1.7667, 1.7833, 1.8, 1.8167, 1.8333, 1.85, 1.8667, 1.8833, 1.9, 2.0],
            "transform": [
                [0.900842, 0.0, -0.434148, -5e-06, -0.434148, 0.0, -0.900842, 0.000946, 0.0, 1.0, 0.0, 0.739346, 0.0, 0.0, 0.0, 1.0],
                [0.901091, 0.0, -0.433631, -7.2e-05, -0.433631, 0.0, -0.901091, 0.000654, 0.0, 1.0, 0.0, 0.739346, 0.0, 0.0, 0.0, 1.0],
                [0.90184, 0.0, -0.43207, -0.000275, -0.43207, 0.0, -0.90184, -0.00023, 0.0, 1.0, 0.0, 0.739346, 0.0, 0.0, 0.0, 1.0],
                [0.903089, 0.0, -0.429454, -0.000609, -0.429454, 0.0, -0.903089, -0.001712, 0.0, 1.0, 0.0, 0.739346, 0.0, 0.0, 0.0, 1.0],
                [0.90483, 0.0, -0.425772, -0.00107, -0.425772, 0.0, -0.90483, -0.003795, 0.0, 1.0, 0.0, 0.739346, 0.0, 0.0, 0.0, 1.0],
                [0.907051, 0.0, -0.42102, -0.001646, -0.42102, 0.0, -0.907051, -0.006483, 0.0, 1.0, 0.0, 0.739346, 0.0, 0.0, 0.0, 1.0],
                [0.909731, 0.0, -0.415197, -0.002325, -0.415197, 0.0, -0.909731, -0.009773, 0.0, 1.0, 0.0, 0.739346, 0.0, 0.0, 0.0, 1.0],
                [0.912843, 0.0, -0.408311, -0.00309, -0.408311, 0.0, -0.912843, -0.01366, 0.0, 1.0, 0.0, 0.739346, 0.0, 0.0, 0.0, 1.0],
                [0.916351, 0.0, -0.400376, -0.00392, -0.400376, 0.0, -0.916351, -0.018135, 0.0, 1.0, 0.0, 0.739346, 0.0, 0.0, 0.0, 1.0],
                [0.920214, 0.0, -0.391416, -0.004792, -0.391416, 0.0, -0.920214, -0.02318, 0.0, 1.0, 0.0, 0.739346, 0.0, 0.0, 0.0, 1.0],
                [0.924382, 0.0, -0.381469, -0.00568, -0.381469, 0.0, -0.924382, -0.028772, 0.0, 1.0, 0.0, 0.739346, 0.0, 0.0, 0.0, 1.0],
                [0.9288, 0.0, -0.370581, -0.006556, -0.370581, 0.0, -0.9288, -0.034883, 0.0, 1.0, 0.0, 0.739346, 0.0, 0.0, 0.0, 1.0],
                [0.933409, 0.0, -0.358815, -0.007393, -0.358815, 0.0, -0.933409, -0.041474, 0.0, 1.0, 0.0, 0.739346, 0.0, 0.0, 0.0, 1.0],
                [0.938143, 0.0, -0.346247, -0.008162, -0.346247, 0.0, -0.938143, -0.048498, 0.0, 1.0, 0.0, 0.739346, 0.0, 0.0, 0.0, 1.0],
                [0.942938, 0.0, -0.332969, -0.008835, -0.332969, 0.0, -0.942938, -0.055903, 0.0, 1.0, 0.0, 0.739346, 0.0, 0.0, 0.0, 1.0],
                [0.947726, 0.0, -0.319086, -0.00939, -0.319086, 0.0, -0.947726, -0.063625, 0.0, 1.0, 0.0, 0.739346, 0.0, 0.0, 0.0, 1.0],
                [0.952444, 0.0, -0.304715, -0.009804, -0.304715, 0.0, -0.952444, -0.071597, 0.0, 1.0, 0.0, 0.739346, 0.0, 0.0, 0.0, 1.0],
                [0.957031, 0.0, -0.289987, -0.010063, -0.289987, 0.0, -0.957031, -0.079743, 0.0, 1.0, 0.0, 0.739346, 0.0, 0.0, 0.0, 1.0],
                [0.961433, 0.0, -0.275041, -0.010157, -0.275041, 0.0, -0.961433, -0.087986, 0.0, 1.0, 0.0, 0.739346, 0.0, 0.0, 0.0, 1.0],
                [0.965603, 0.0, -0.260022, -0.010081, -0.260022, 0.0, -0.965603, -0.096243, 0.0, 1.0, 0.0, 0.739346, 0.0, 0.0, 0.0, 1.0],
                [0.969504, 0.0, -0.245077, -0.009839, -0.245077, 0.0, -0.969504, -0.104432, 0.0, 1.0, 0.0, 0.739346, 0.0, 0.0, 0.0, 1.0],
                [0.973107, 0.0, -0.230354, -0.009439, -0.230354, 0.0, -0.973107, -0.112474, 0.0, 1.0, 0.0, 0.739346, 0.0, 0.0, 0.0, 1.0],
                [0.976394, 0.0, -0.215997, -0.008896, -0.215997, 0.0, -0.976394, -0.120291, 0.0, 1.0, 0.0, 0.739346, 0.0, 0.0, 0.0, 1.0],
                [0.979357, 0.0, -0.20214, -0.008231, -0.20214, 0.0, -0.979357, -0.127811, 0.0, 1.0, 0.0, 0.739346, 0.0, 0.0, 0.0, 1.0],
                [0.981994, 0.0, -0.188911, -0.007467, -0.188911, 0.0, -0.981994, -0.134967, 0.0, 1.0, 0.0, 0.739346, 0.0, 0.0, 0.0, 1.0],
                [0.984314, 0.0, -0.176423, -0.006632, -0.176423, 0.0, -0.984314, -0.141701, 0.0, 1.0, 0.0, 0.739346, 0.0, 0.0, 0.0, 1.0],
                [0.986331, 0.0, -0.164777, -0.005753, -0.164777, 0.0, -0.986331, -0.147963, 0.0, 1.0, 0.0, 0.739346, 0.0, 0.0, 0.0, 1.0],
                [0.988061, 0.0, -0.154061, -0.004859, -0.154061, 0.0, -0.988061, -0.153709, 0.0, 1.0, 0.0, 0.739346, 0.0, 0.0, 0.0, 1.0],
                [0.989527, 0.0, -0.144346, -0.003979, -0.144346, 0.0, -0.989527, -0.158904, 0.0, 1.0, 0.0, 0.739346, 0.0, 0.0, 0.0, 1.0],
                [0.990751, 0.0, -0.13569, -0.00314, -0.13569, 0.0, -0.990751, -0.163521, 0.0, 1.0, 0.0, 0.739346, 0.0, 0.0, 0.0, 1.0],
                [0.991756, 0.0, -0.12814, -0.002365, -0.12814, 0.0, -0.991756, -0.167541, 0.0, 1.0, 0.0, 0.739346, 0.0, 0.0, 0.0, 1.0],
                [0.992564, 0.0, -0.121727, -0.001675, -0.121727, 0.0, -0.992564, -0.170948, 0.0, 1.0, 0.0, 0.739346, 0.0, 0.0, 0.0, 1.0],
                [0.993194, 0.0, -0.116474, -0.001089, -0.116474, 0.0, -0.993194, -0.173735, 0.0, 1.0, 0.0, 0.739346, 0.0, 0.0, 0.0, 1.0],
                [0.993664, 0.0, -0.112391, -0.000621, -0.112391, 0.0, -0.993664, -0.175898, 0.0, 1.0, 0.0, 0.739346, 0.0, 0.0, 0.0, 1.0],
                [0.993989, 0.0, -0.109484, -0.00028, -0.109484, 0.0, -0.993989, -0.177437, 0.0, 1.0, 0.0, 0.739346, 0.0, 0.0, 0.0, 1.0],
                [0.994178, 0.0, -0.107747, -7.3e-05, -0.107747, 0.0, -0.994178, -0.178356, 0.0, 1.0, 0.0, 0.739346, 0.0, 0.0, 0.0, 1.0],
                [0.994241, 0.0, -0.107171, -5e-06, -0.107171, 0.0, -0.994241, -0.17866, 0.0, 1.0, 0.0, 0.739346, 0.0, 0.0, 0.0, 1.0],
                [0.994241, 0.0, -0.107171, -5e-06, -0.107171, 0.0, -0.994241, -0.17866, 0.0, 1.0, 0.0, 0.739346, 0.0, 0.0, 0.0, 1.0],
                [0.994241, 0.0, -0.107171, -5e-06, -0.107171, 0.0, -0.994241, -0.17866, 0.0, 1.0, 0.0, 0.739346, 0.0, 0.0, 0.0, 1.0],
                [0.994241, 0.0, -0.107171, -5e-06, -0.107171, 0.0, -0.994241, -0.17866, 0.0, 1.0, 0.0, 0.739346, 0.0, 0.0, 0.0, 1.0],
                [0.994241, 0.0, -0.107171, -5e-06, -0.107171, 0.0, -0.994241, -0.17866, 0.0, 1.0, 0.0, 0.739346, 0.0, 0.0, 0.0, 1.0],
                [0.994241, 0.0, -0.107171, -5e-06, -0.107171, 0.0, -0.994241, -0.17866, 0.0, 1.0, 0.0, 0.739346, 0.0, 0.0, 0.0, 1.0],
                [0.994241, 0.0, -0.107171, -5e-06, -0.107171, 0.0, -0.994241, -0.17866, 0.0, 1.0, 0.0, 0.739346, 0.0, 0.0, 0.0, 1.0],
                [0.994241, 0.0, -0.107171, -5e-06, -0.107171, 0.0, -0.994241, -0.17866, 0.0, 1.0, 0.0, 0.739346, 0.0, 0.0, 0.0, 1.0],
                [0.994241, 0.0, -0.107171, -5e-06, -0.107171, 0.0, -0.994241, -0.17866, 0.0, 1.0, 0.0, 0.739346, 0.0, 0.0, 0.0, 1.0],
                [0.994241, 0.0, -0.107171, -5e-06, -0.107171, 0.0, -0.994241, -0.17866, 0.0, 1.0, 0.0, 0.739346, 0.0, 0.0, 0.0, 1.0],
                [0.994241, 0.0, -0.107171, -5e-06, -0.107171, 0.0, -0.994241, -0.17866, 0.0, 1.0, 0.0, 0.739346, 0.0, 0.0, 0.0, 1.0],
                [0.994241, 0.0, -0.107171, -5e-06, -0.107171, 0.0, -0.994241, -0.17866, 0.0, 1.0, 0.0, 0.739346, 0.0, 0.0, 0.0, 1.0],
                [0.994241, 0.0, -0.107171, -5e-06, -0.107171, 0.0, -0.994241, -0.17866, 0.0, 1.0, 0.0, 0.739346, 0.0, 0.0, 0.0, 1.0],
                [0.994241, 0.0, -0.107171, -5e-06, -0.107171, 0.0, -0.994241, -0.17866, 0.0, 1.0, 0.0, 0.739346, 0.0, 0.0, 0.0, 1.0],
                [0.994241, 0.0, -0.107171, -5e-06, -0.107171, 0.0, -0.994241, -0.17866, 0.0, 1.0, 0.0, 0.739346, 0.0, 0.0, 0.0, 1.0],
                [0.994241, 0.0, -0.107171, -5e-06, -0.107171, 0.0, -0.994241, -0.17866, 0.0, 1.0, 0.0, 0.739346, 0.0, 0.0, 0.0, 1.0],
                [0.994241, 0.0, -0.107171, -5e-06, -0.107171, 0.0, -0.994241, -0.17866, 0.0, 1.0, 0.0, 0.739346, 0.0, 0.0, 0.0, 1.0],
                [0.994241, 0.0, -0.107171, -5e-06, -0.107171, 0.0, -0.994241, -0.17866, 0.0, 1.0, 0.0, 0.739346, 0.0, 0.0, 0.0, 1.0],
                [0.994241, 0.0, -0.107171, -5e-06, -0.107171, 0.0, -0.994241, -0.17866, 0.0, 1.0, 0.0, 0.739346, 0.0, 0.0, 0.0, 1.0],
                [0.994241, 0.0, -0.107171, -5e-06, -0.107171, 0.0, -0.994241, -0.17866, 0.0, 1.0, 0.0, 0.739346, 0.0, 0.0, 0.0, 1.0],
                [0.994241, 0.0, -0.107171, -5e-06, -0.107171, 0.0, -0.994241, -0.17866, 0.0, 1.0, 0.0, 0.739346, 0.0, 0.0, 0.0, 1.0],
                [0.994241, 0.0, -0.107171, -5e-06, -0.107171, 0.0, -0.994241, -0.17866, 0.0, 1.0, 0.0, 0.739346, 0.0, 0.0, 0.0, 1.0],
                [0.994241, 0.0, -0.107171, -5e-06, -0.107171, 0.0, -0.994241, -0.17866, 0.0, 1.0, 0.0, 0.739346, 0.0, 0.0, 0.0, 1.0],
                [0.994241, 0.0, -0.107171, -5e-06, -0.107171, 0.0, -0.994241, -0.17866, 0.0, 1.0, 0.0, 0.739346, 0.0, 0.0, 0.0, 1.0],
                [0.994241, 0.0, -0.107171, -5e-06, -0.107171, 0.0, -0.994241, -0.17866, 0.0, 1.0, 0.0, 0.739346, 0.0, 0.0, 0.0, 1.0],
                [0.994241, 0.0, -0.107171, -5e-06, -0.107171, 0.0, -0.994241, -0.17866, 0.0, 1.0, 0.0, 0.739346, 0.0, 0.0, 0.0, 1.0],
                [0.994241, 0.0, -0.107171, -5e-06, -0.107171, 0.0, -0.994241, -0.17866, 0.0, 1.0, 0.0, 0.739346, 0.0, 0.0, 0.0, 1.0],
                [0.994241, 0.0, -0.107171, -5e-06, -0.107171, 0.0, -0.994241, -0.17866, 0.0, 1.0, 0.0, 0.739346, 0.0, 0.0, 0.0, 1.0],
                [0.994241, 0.0, -0.107171, -5e-06, -0.107171, 0.0, -0.994241, -0.17866, 0.0, 1.0, 0.0, 0.739346, 0.0, 0.0, 0.0, 1.0],
                [0.994241, 0.0, -0.107171, -5e-06, -0.107171, 0.0, -0.994241, -0.17866, 0.0, 1.0, 0.0, 0.739346, 0.0, 0.0, 0.0, 1.0],
                [0.994241, 0.0, -0.107171, -5e-06, -0.107171, 0.0, -0.994241, -0.17866, 0.0, 1.0, 0.0, 0.739346, 0.0, 0.0, 0.0, 1.0],
                [0.994241, 0.0, -0.107171, -5e-06, -0.107171, 0.0, -0.994241, -0.17866, 0.0, 1.0, 0.0, 0.739346, 0.0, 0.0, 0.0, 1.0],
                [0.994241, 0.0, -0.107171, -5e-06, -0.107171, 0.0, -0.994241, -0.17866, 0.0, 1.0, 0.0, 0.739346, 0.0, 0.0, 0.0, 1.0],
                [0.994241, 0.0, -0.107171, -5e-06, -0.107171, 0.0, -0.994241, -0.17866, 0.0, 1.0, 0.0, 0.739346, 0.0, 0.0, 0.0, 1.0],
                [0.994241, 0.0, -0.107171, -5e-06, -0.107171, 0.0, -0.994241, -0.17866, 0.0, 1.0, 0.0, 0.739346, 0.0, 0.0, 0.0, 1.0],
                [0.994241, 0.0, -0.107171, -5e-06, -0.107171, 0.0, -0.994241, -0.17866, 0.0, 1.0, 0.0, 0.739346, 0.0, 0.0, 0.0, 1.0],
                [0.994241, 0.0, -0.107171, -5e-06, -0.107171, 0.0, -0.994241, -0.17866, 0.0, 1.0, 0.0, 0.739346, 0.0, 0.0, 0.0, 1.0],
                [0.994241, 0.0, -0.107171, -5e-06, -0.107171, 0.0, -0.994241, -0.17866, 0.0, 1.0, 0.0, 0.739346, 0.0, 0.0, 0.0, 1.0],
                [0.994241, 0.0, -0.107171, -5e-06, -0.107171, 0.0, -0.994241, -0.17866, 0.0, 1.0, 0.0, 0.739346, 0.0, 0.0, 0.0, 1.0],
                [0.994241, 0.0, -0.107171, -5e-06, -0.107171, 0.0, -0.994241, -0.17866, 0.0, 1.0, 0.0, 0.739346, 0.0, 0.0, 0.0, 1.0],
                [0.994241, 0.0, -0.107171, -5e-06, -0.107171, 0.0, -0.994241, -0.17866, 0.0, 1.0, 0.0, 0.739346, 0.0, 0.0, 0.0, 1.0],
                [0.994241, 0.0, -0.107171, -5e-06, -0.107171, 0.0, -0.994241, -0.17866, 0.0, 1.0, 0.0, 0.739346, 0.0, 0.0, 0.0, 1.0],
                [0.994241, 0.0, -0.107171, -5e-06, -0.107171, 0.0, -0.994241, -0.17866, 0.0, 1.0, 0.0, 0.739346, 0.0, 0.0, 0.0, 1.0],
                [0.994241, 0.0, -0.107171, -5e-06, -0.107171, 0.0, -0.994241, -0.17866, 0.0, 1.0, 0.0, 0.739346, 0.0, 0.0, 0.0, 1.0],
                [0.994241, 0.0, -0.107171, -5e-06, -0.107171, 0.0, -0.994241, -0.17866, 0.0, 1.0, 0.0, 0.739346, 0.0, 0.0, 0.0, 1.0],
                [0.994241, 0.0, -0.107171, -5e-06, -0.107171, 0.0, -0.994241, -0.17866, 0.0, 1.0, 0.0, 0.739346, 0.0, 0.0, 0.0, 1.0],
                [0.994166, 0.0, -0.107857, -8.7e-05, -0.107857, 0.0, -0.994166, -0.178298, 0.0, 1.0, 0.0, 0.739346, 0.0, 0.0, 0.0, 1.0],
                [0.99394, 0.0, -0.109925, -0.000332, -0.109925, 0.0, -0.99394, -0.177204, 0.0, 1.0, 0.0, 0.739346, 0.0, 0.0, 0.0, 1.0],
                [0.993551, 0.0, -0.113388, -0.000736, -0.113388, 0.0, -0.993551, -0.17537, 0.0, 1.0, 0.0, 0.739346, 0.0, 0.0, 0.0, 1.0],
                [0.992984, 0.0, -0.118249, -0.00129, -0.118249, 0.0, -0.992984, -0.172794, 0.0, 1.0, 0.0, 0.739346, 0.0, 0.0, 0.0, 1.0],
                [0.99222, 0.0, -0.124499, -0.001977, -0.124499, 0.0, -0.99222, -0.169476, 0.0, 1.0, 0.0, 0.739346, 0.0, 0.0, 0.0, 1.0],
                [0.991234, 0.0, -0.132119, -0.002778, -0.132119, 0.0, -0.991234, -0.165423, 0.0, 1.0, 0.0, 0.739346, 0.0, 0.0, 0.0, 1.0],
                [0.989999, 0.0, -0.141073, -0.003668, -0.141073, 0.0, -0.989999, -0.160651, 0.0, 1.0, 0.0, 0.739346, 0.0, 0.0, 0.0, 1.0],
                [0.988486, 0.0, -0.151309, -0.004617, -0.151309, 0.0, -0.988486, -0.155181, 0.0, 1.0, 0.0, 0.739346, 0.0, 0.0, 0.0, 1.0],
                [0.986666, 0.0, -0.162757, -0.00559, -0.162757, 0.0, -0.986666, -0.149047, 0.0, 1.0, 0.0, 0.739346, 0.0, 0.0, 0.0, 1.0],
                [0.98451, 0.0, -0.175328, -0.006553, -0.175328, 0.0, -0.98451, -0.142291, 0.0, 1.0, 0.0, 0.739346, 0.0, 0.0, 0.0, 1.0],
                [0.981994, 0.0, -0.188911, -0.007467, -0.188911, 0.0, -0.981994, -0.134967, 0.0, 1.0, 0.0, 0.739346, 0.0, 0.0, 0.0, 1.0],
                [0.979101, 0.0, -0.203376, -0.008296, -0.203376, 0.0, -0.979101, -0.127141, 0.0, 1.0, 0.0, 0.739346, 0.0, 0.0, 0.0, 1.0],
                [0.97582, 0.0, -0.218574, -0.009005, -0.218574, 0.0, -0.97582, -0.11889, 0.0, 1.0, 0.0, 0.739346, 0.0, 0.0, 0.0, 1.0],
                [0.972155, 0.0, -0.234339, -0.009563, -0.234339, 0.0, -0.972155, -0.1103, 0.0, 1.0, 0.0, 0.739346, 0.0, 0.0, 0.0, 1.0],
                [0.968118, 0.0, -0.250493, -0.009946, -0.250493, 0.0, -0.968118, -0.101467, 0.0, 1.0, 0.0, 0.739346, 0.0, 0.0, 0.0, 1.0],
                [0.963739, 0.0, -0.266848, -0.010137, -0.266848, 0.0, -0.963739, -0.092493, 0.0, 1.0, 0.0, 0.739346, 0.0, 0.0, 0.0, 1.0],
                [0.959057, 0.0, -0.283212, -0.010127, -0.283212, 0.0, -0.959057, -0.083483, 0.0, 1.0, 0.0, 0.739346, 0.0, 0.0, 0.0, 1.0],
                [0.95413, 0.0, -0.299393, -0.009917, -0.299393, 0.0, -0.95413, -0.074543, 0.0, 1.0, 0.0, 0.739346, 0.0, 0.0, 0.0, 1.0],
                [0.949022, 0.0, -0.315209, -0.009517, -0.315209, 0.0, -0.949022, -0.065777, 0.0, 1.0, 0.0, 0.739346, 0.0, 0.0, 0.0, 1.0],
                [0.943811, 0.0, -0.330487, -0.008946, -0.330487, 0.0, -0.943811, -0.057285, 0.0, 1.0, 0.0, 0.739346, 0.0, 0.0, 0.0, 1.0],
                [0.938578, 0.0, -0.345068, -0.008227, -0.345068, 0.0, -0.938578, -0.049156, 0.0, 1.0, 0.0, 0.739346, 0.0, 0.0, 0.0, 1.0],
                [0.933409, 0.0, -0.358815, -0.007393, -0.358815, 0.0, -0.933409, -0.041474, 0.0, 1.0, 0.0, 0.739346, 0.0, 0.0, 0.0, 1.0],
                [0.92839, 0.0, -0.371608, -0.006478, -0.371608, 0.0, -0.92839, -0.034307, 0.0, 1.0, 0.0, 0.739346, 0.0, 0.0, 0.0, 1.0],
                [0.923604, 0.0, -0.383349, -0.005518, -0.383349, 0.0, -0.923604, -0.027716, 0.0, 1.0, 0.0, 0.739346, 0.0, 0.0, 0.0, 1.0],
                [0.919128, 0.0, -0.393959, -0.004551, -0.393959, 0.0, -0.919128, -0.021748, 0.0, 1.0, 0.0, 0.739346, 0.0, 0.0, 0.0, 1.0],
                [0.915032, 0.0, -0.403381, -0.003612, -0.403381, 0.0, -0.915032, -0.016441, 0.0, 1.0, 0.0, 0.739346, 0.0, 0.0, 0.0, 1.0],
                [0.911377, 0.0, -0.411572, -0.002733, -0.411572, 0.0, -0.911377, -0.01182, 0.0, 1.0, 0.0, 0.739346, 0.0, 0.0, 0.0, 1.0],
                [0.908214, 0.0, -0.418506, -0.001943, -0.418506, 0.0, -0.908214, -0.007904, 0.0, 1.0, 0.0, 0.739346, 0.0, 0.0, 0.0, 1.0],
                [0.905583, 0.0, -0.424168, -0.001267, -0.424168, 0.0, -0.905583, -0.004702, 0.0, 1.0, 0.0, 0.739346, 0.0, 0.0, 0.0, 1.0],
                [0.903515, 0.0, -0.428556, -0.000723, -0.428556, 0.0, -0.903515, -0.00222, 0.0, 1.0, 0.0, 0.739346, 0.0, 0.0, 0.0, 1.0],
                [0.90203, 0.0, -0.431673, -0.000326, -0.431673, 0.0, -0.90203, -0.000455, 0.0, 1.0, 0.0, 0.739346, 0.0, 0.0, 0.0, 1.0],
                [0.901138, 0.0, -0.433532, -8.5e-05, -0.433532, 0.0, -0.901138, 0.000598, 0.0, 1.0, 0.0, 0.739346, 0.0, 0.0, 0.0, 1.0],
                [0.900842, 0.0, -0.434148, -5e-06, -0.434148, 0.0, -0.900842, 0.000946, 0.0, 1.0, 0.0, 0.739346, 0.0, 0.0, 0.0, 1.0],
                [0.900842, 0.0, -0.434148, -5e-06, -0.434148, 0.0, -0.900842, 0.000946, 0.0, 1.0, 0.0, 0.739346, 0.0, 0.0, 0.0, 1.0]
            ]
        },
        {
            "name": "Thigh_R",
            "time": [0.0, 0.0167, 0.0333, 0.05, 0.0667, 0.0833, 0.1, 0.1167, 0.1333, 0.15, 0.1667, 0.1833, 0.2, 0.2167, 0.2333, 0.25, 0.2667, 0.2833, 0.3, 0.3167, 0.3333, 0.35, 0.3667, 0.3833, 0.4, 0.4167, 0.4333, 0.45, 0.4667, 0.4833, 0.5, 0.5167, 0.5333, 0.55, 0.5667, 0.5833, 0.6, 0.6167, 0.6333, 0.65, 0.6667, 0.6833, 0.7, 0.7167, 0.7333, 0.75, 0.7667, 0.7833, 0.8, 0.8167, 0.8333, 0.85, 0.8667, 0.8833, 0.9, 0.9167, 0.9333, 0.95, 0.9667, 0.9833, 1.0, 1.0167, 1.0333, 1.05, 1.0667, 1.0833, 1.1, 1.1167, 1.1333, 1.15, 1.1667, 1.1833, 1.2, 1.2167, 1.2333, 1.25, 1.2667, 1.2833, 1.3, 1.3167, 1.3333, 1.35, 1.3667, 1.3833, 1.4, 1.4167, 1.4333, 1.45, 1.4667, 1.4833, 1.5, 1.5167, 1.5333, 1.55, 1.5667, 1.5833, 1.6, 1.6167, 1.6333, 1.65, 1.6667, 1.6833, 1.7, 1.7167, 1.7333, 1.75, 1.7667, 1.7833, 1.8, 1.8167, 1.8333, 1.85, 1.8667, 1.8833, 1.9, 2.0],
            "transform": [
                [0.990703, 0.115138, 0.072456, 0.124994, 0.119659, -0.99091, -0.061465, -0.002831, 0.064723, 0.069573, -0.995437, -1.2e-05, 0.0, 0.0, 0.0, 1.0],
                [0.990711, 0.11514, 0.072343, 0.124994, 0.119607, -0.990959, -0.06077, -0.002831, 0.064694, 0.068868, -0.995488, -1.2e-05, 0.0, 0.0, 0.0, 1.0],
                [0.990736, 0.115143, 0.072004, 0.124994, 0.119452, -0.991103, -0.058687, -0.002831, 0.064608, 0.066753, -0.995638, -1.2e-05, 0.0, 0.0, 0.0, 1.0],
                [0.990776, 0.115144, 0.071442, 0.124994, 0.119192, -0.991333, -0.055236, -0.002831, 0.064465, 0.063252, -0.995876, -1.2e-05, 0.0, 0.0, 0.0, 1.0],
                [0.990833, 0.115135, 0.070664, 0.124994, 0.118828, -0.99163, -0.050474, -0.002831, 0.064263, 0.058418, -0.996184, -1.2e-05, 0.0, 0.0, 0.0, 1.0],
                [0.990906, 0.115108, 0.069682, 0.124994, 0.118361, -0.991973, -0.044477, -0.002831, 0.064005, 0.052329, -0.996539, -1.2e-05, 0.0, 0.0, 0.0, 1.0],
                [0.990994, 0.115054, 0.06851, 0.124994, 0.117792, -0.992336, -0.037338, -0.002831, 0.063691, 0.045081, -0.996913, -1.2e-05, 0.0, 0.0, 0.0, 1.0],
                [0.991097, 0.114961, 0.067164, 0.124994, 0.117123, -0.992688, -0.029167, -0.002831, 0.063322, 0.036783, -0.997277, -1.2e-05, 0.0, 0.0, 0.0, 1.0],
                [0.991213, 0.114821, 0.065664, 0.124994, 0.11636, -0.993004, -0.020079, -0.002831, 0.062901, 0.027552, -0.997602, -1.2e-05, 0.0, 0.0, 0.0, 1.0],
                [0.991343, 0.114625, 0.064028, 0.124994, 0.115505, -0.993254, -0.010195, -0.002831, 0.06243, 0.017511, -0.997858, -1.2e-05, 0.0, 0.0, 0.0, 1.0],
                [0.991484, 0.114366, 0.06228, 0.124994, 0.114567, -0.993415, 0.000362, -0.002831, 0.061913, 0.006786, -0.99802, -1.2e-05, 0.0, 0.0, 0.0, 1.0],
                [0.991636, 0.114039, 0.06044, 0.124994, 0.113551, -0.993466, 0.011461, -0.002831, 0.061354, -0.004493, -0.998068, -1.2e-05, 0.0, 0.0, 0.0, 1.0],
                [0.991796, 0.11364, 0.05853, 0.124994, 0.112467, -0.993389, 0.022981, -0.002831, 0.060757, -0.016202, -0.997983, -1.2e-05, 0.0, 0.0, 0.0, 1.0],
                [0.991963, 0.113169, 0.056573, 0.124994, 0.111323, -0.993174, 0.034804, -0.002831, 0.060128, -0.028218, -0.997754, -1.2e-05, 0.0, 0.0, 0.0, 1.0],
                [0.992136, 0.112627, 0.054591, 0.124994, 0.110129, -0.992814, 0.046807, -0.002831, 0.059472, -0.040419, -0.997373, -1.2e-05, 0.0, 0.0, 0.0, 1.0],
                [0.992313, 0.112019, 0.052604, 0.124994, 0.108898, -0.992308, 0.058868, -0.002831, 0.058796, -0.052678, -0.996841, -1.2e-05, 0.0, 0.0, 0.0, 1.0],
                [0.992491, 0.111348, 0.050636, 0.124994, 0.10764, -0.991662, 0.070853, -0.002831, 0.058105, -0.064863, -0.996163, -1.2e-05, 0.0, 0.0, 0.0, 1.0],
                [0.992668, 0.110624, 0.048702, 0.124994, 0.106368, -0.990882, 0.082688, -0.002831, 0.057407, -0.076893, -0.995347, -1.2e-05, 0.0, 0.0, 0.0, 1.0],
                [0.992844, 0.109856, 0.04682, 0.124994, 0.105094, -0.989984, 0.09427, -0.002831, 0.056709, -0.088667, -0.994408, -1.2e-05, 0.0, 0.0, 0.0, 1.0],
                [0.993016, 0.109059, 0.044991, 0.124994, 0.10383, -0.988971, 0.105615, -0.002831, 0.056015, -0.100199, -0.993351, -1.2e-05, 0.0, 0.0, 0.0, 1.0],
                [0.993184, 0.108235, 0.043254, 0.124994, 0.102587, -0.987886, 0.116436, -0.002831, 0.055334, -0.111198, -0.992218, -1.2e-05, 0.0, 0.0, 0.0, 1.0],
                [0.993345, 0.107401, 0.041608, 0.124994, 0.101377, -0.98674, 0.126754, -0.002831, 0.054672, -0.121685, -0.991023, -1.2e-05, 0.0, 0.0, 0.0, 1.0],
                [0.993498, 0.106566, 0.040063, 0.124994, 0.10021, -0.985558, 0.1365, -0.002831, 0.054032, -0.131591, -0.989792, -1.2e-05, 0.0, 0.0, 0.0, 1.0],
                [0.993643, 0.105744, 0.038625, 0.124994, 0.099096, -0.984364, 0.145624, -0.002831, 0.053422, -0.140864, -0.988548, -1.2e-05, 0.0, 0.0, 0.0, 1.0],
                [0.993779, 0.104945, 0.037299, 0.124994, 0.098042, -0.983179, 0.154099, -0.002831, 0.052845, -0.149477, -0.987313, -1.2e-05, 0.0, 0.0, 0.0, 1.0],
                [0.993904, 0.104179, 0.036086, 0.124994, 0.097055, -0.982023, 0.161896, -0.002831, 0.052305, -0.157401, -0.98611, -1.2e-05, 0.0, 0.0, 0.0, 1.0],
                [0.994018, 0.103455, 0.034989, 0.124994, 0.096143, -0.980916, 0.168997, -0.002831, 0.051806, -0.164616, -0.984957, -1.2e-05, 0.0, 0.0, 0.0, 1.0],
                [0.994122, 0.102782, 0.034006, 0.124994, 0.095309, -0.979874, 0.17539, -0.002831, 0.05135, -0.171113, -0.983874, -1.2e-05, 0.0, 0.0, 0.0, 1.0],
                [0.994215, 0.102166, 0.033137, 0.124994, 0.094558, -0.978913, 0.181071, -0.002831, 0.050939, -0.176885, -0.982874, -1.2e-05, 0.0, 0.0, 0.0, 1.0],
                [0.994297, 0.101613, 0.03238, 0.124994, 0.093893, -0.978044, 0.186045, -0.002831, 0.050576, -0.181938, -0.98197, -1.2e-05, 0.0, 0.0, 0.0, 1.0],
                [0.994367, 0.101127, 0.031733, 0.124994, 0.093315, -0.977278, 0.190316, -0.002831, 0.05026, -0.186278, -0.981172, -1.2e-05, 0.0, 0.0, 0.0, 1.0],
                [0.994427, 0.100712, 0.031193, 0.124994, 0.092827, -0.97662, 0.193895, -0.002831, 0.049993, -0.189914, -0.980488, -1.2e-05, 0.0, 0.0, 0.0, 1.0],
                [0.994475, 0.100374, 0.030746, 0.124994, 0.092428, -0.976058, 0.196893, -0.002831, 0.049774, -0.192959, -0.979905, -1.2e-05, 0.0, 0.0, 0.0, 1.0],
                [0.994512, 0.100108, 0.030411, 0.124994, 0.092119, -0.975634, 0.199128, -0.002831, 0.049605, -0.195229, -0.979464, -1.2e-05, 0.0, 0.0, 0.0, 1.0],
                [0.994538, 0.099918, 0.030174, 0.124994, 0.091899, -0.975331, 0.200708, -0.002831, 0.049485, -0.196834, -0.979148, -1.2e-05, 0.0, 0.0, 0.0, 1.0],
                [0.994554, 0.099804, 0.030033, 0.124994, 0.091768, -0.975149, 0.201648, -0.002831, 0.049414, -0.197789, -0.97896, -1.2e-05, 0.0, 0.0, 0.0, 1.0],
                [0.994559, 0.099766, 0.029986, 0.124994, 0.091724, -0.975089, 0.201959, -0.002831, 0.04939, -0.198105, -0.978897, -1.2e-05, 0.0, 0.0, 0.0, 1.0],
                [0.994559, 0.099766, 0.029986, 0.124994, 0.091724, -0.975089, 0.201959, -0.002831, 0.04939, -0.198105, -0.978897, -1.2e-05, 0.0, 0.0, 0.0, 1.0],
                [0.994559, 0.099766, 0.029986, 0.124994, 0.091724, -0.975089, 0.201959, -0.002831, 0.04939, -0.198105, -0.978897, -1.2e-05, 0.0, 0.0, 0.0, 1.0],
                [0.994559, 0.099766, 0.029986, 0.124994, 0.091724, -0.975089, 0.201959, -0.002831, 0.04939, -0.198105, -0.978897, -1.2e-05, 0.0, 0.0, 0.0, 1.0],
                [0.994559, 0.099766, 0.029986, 0.124994, 0.091724, -0.975089, 0.201959, -0.002831, 0.04939, -0.198105, -0.978897, -1.2e-05, 0.0, 0.0, 0.0, 1.0],
                [0.994559, 0.099766, 0.029986, 0.124994, 0.091724, -0.975089, 0.201959, -0.002831, 0.04939, -0.198105, -0.978897, -1.2e-05, 0.0, 0.0, 0.0, 1.0],
                [0.994559, 0.099766, 0.029986, 0.124994, 0.091724, -0.975089, 0.201959, -0.002831, 0.04939, -0.198105, -0.978897, -1.2e-05, 0.0, 0.0, 0.0, 1.0],
                [0.994559, 0.099766, 0.029986, 0.124994, 0.091724, -0.975089, 0.201959, -0.002831, 0.04939, -0.198105, -0.978897, -1.2e-05, 0.0, 0.0, 0.0, 1.0],
                [0.994559, 0.099766, 0.029986, 0.124994, 0.091724, -0.975089, 0.201959, -0.002831, 0.04939, -0.198105, -0.978897, -1.2e-05, 0.0, 0.0, 0.0, 1.0],
                [0.994559, 0.099766, 0.029986, 0.124994, 0.091724, -0.975089, 0.201959, -0.002831, 0.04939, -0.198105, -0.978897, -1.2e-05, 0.0, 0.0, 0.0, 1.0],
                [0.994559, 0.099766, 0.029986, 0.124994, 0.091724, -0.975089, 0.201959, -0.002831, 0.04939, -0.198105, -0.978897, -1.2e-05, 0.0, 0.0, 0.0, 1.0],
                [0.994559, 0.099766, 0.029986, 0.124994, 0.091724, -0.975089, 0.201959, -0.002831, 0.04939, -0.198105, -0.978897, -1.2e-05, 0.0, 0.0, 0.0, 1.0],
                [0.994559, 0.099766, 0.029986, 0.124994, 0.091724, -0.975089, 0.201959, -0.002831, 0.04939, -0.198105, -0.978897, -1.2e-05, 0.0, 0.0, 0.0, 1.0],
                [0.994559, 0.099766, 0.029986, 0.124994, 0.091724, -0.975089, 0.201959, -0.002831, 0.04939, -0.198105, -0.978897, -1.2e-05, 0.0, 0.0, 0.0, 1.0],
                [0.994559, 0.099766, 0.029986, 0.124994, 0.091724, -0.975089, 0.201959, -0.002831, 0.04939, -0.198105, -0.978897, -1.2e-05, 0.0, 0.0, 0.0, 1.0],
                [0.994559, 0.099766, 0.029986, 0.124994, 0.091724, -0.975089, 0.201959, -0.002831, 0.04939, -0.198105, -0.978897, -1.2e-05, 0.0, 0.0, 0.0, 1.0],
                [0.994559, 0.099766, 0.029986, 0.124994, 0.091724, -0.975089, 0.201959, -0.002831, 0.04939, -0.198105, -0.978897, -1.2e-05, 0.0, 0.0, 0.0, 1.0],
                [0.994559, 0.099766, 0.029986, 0.124994, 0.091724, -0.975089, 0.201959, -0.002831, 0.04939, -0.198105, -0.978897, -1.2e-05, 0.0, 0.0, 0.0, 1.0],
                [0.994559, 0.099766, 0.029986, 0.124994, 0.091724, -0.975089, 0.201959, -0.002831, 0.04939, -0.198105, -0.978897, -1.2e-05, 0.0, 0.0, 0.0, 1.0],
                [0.994559, 0.099766, 0.029986, 0.124994, 0.091724, -0.975089, 0.201959, -0.002831, 0.04939, -0.198105, -0.978897, -1.2e-05, 0.0, 0.0, 0.0, 1.0],
                [0.994559, 0.099766, 0.029986, 0.124994, 0.091724, -0.975089, 0.201959, -0.002831, 0.04939, -0.198105, -0.978897, -1.2e-05, 0.0, 0.0, 0.0, 1.0],
                [0.994559, 0.099766, 0.029986, 0.124994, 0.091724, -0.975089, 0.201959, -0.002831, 0.04939, -0.198105, -0.978897, -1.2e-05, 0.0, 0.0, 0.0, 1.0],
                [0.994559, 0.099766, 0.029986, 0.124994, 0.091724, -0.975089, 0.201959, -0.002831, 0.04939, -0.198105, -0.978897, -1.2e-05, 0.0, 0.0, 0.0, 1.0],
                [0.994559, 0.099766, 0.029986, 0.124994, 0.091724, -0.975089, 0.201959, -0.002831, 0.04939, -0.198105, -0.978897, -1.2e-05, 0.0, 0.0, 0.0, 1.0],
                [0.994559, 0.099766, 0.029986, 0.124994, 0.091724, -0.975089, 0.201959, -0.002831, 0.04939, -0.198105, -0.978897, -1.2e-05, 0.0, 0.0, 0.0, 1.0],
                [0.994559, 0.099766, 0.029986, 0.124994, 0.091724, -0.975089, 0.201959, -0.002831, 0.04939, -0.198105, -0.978897, -1.2e-05, 0.0, 0.0, 0.0, 1.0],
                [0.994559, 0.099766, 0.029986, 0.124994, 0.091724, -0.975089, 0.201959, -0.002831, 0.04939, -0.198105, -0.978897, -1.2e-05, 0.0, 0.0, 0.0, 1.0],
                [0.994559, 0.099766, 0.029986, 0.124994, 0.091724, -0.975089, 0.201959, -0.002831, 0.04939, -0.198105, -0.978897, -1.2e-05, 0.0, 0.0, 0.0, 1.0],
                [0.994559, 0.099766, 0.029986, 0.124994, 0.091724, -0.975089, 0.201959, -0.002831, 0.04939, -0.198105, -0.978897, -1.2e-05, 0.0, 0.0, 0.0, 1.0],
                [0.994559, 0.099766, 0.029986, 0.124994, 0.091724, -0.975089, 0.201959, -0.002831, 0.04939, -0.198105, -0.978897, -1.2e-05, 0.0, 0.0, 0.0, 1.0],
                [0.994559, 0.099766, 0.029986, 0.124994, 0.091724, -0.975089, 0.201959, -0.002831, 0.04939, -0.198105, -0.978897, -1.2e-05, 0.0, 0.0, 0.0, 1.0],
                [0.994559, 0.099766, 0.029986, 0.124994, 0.091724, -0.975089, 0.201959, -0.002831, 0.04939, -0.198105, -0.978897, -1.2e-05, 0.0, 0.0, 0.0, 1.0],
                [0.994559, 0.099766, 0.029986, 0.124994, 0.091724, -0.975089, 0.201959, -0.002831, 0.04939, -0.198105, -0.978897, -1.2e-05, 0.0, 0.0, 0.0, 1.0],
                [0.994559, 0.099766, 0.029986, 0.124994, 0.091724, -0.975089, 0.201959, -0.002831, 0.04939, -0.198105, -0.978897, -1.2e-05, 0.0, 0.0, 0.0, 1.0],
                [0.994559, 0.099766, 0.029986, 0.124994, 0.091724, -0.975089, 0.201959, -0.002831, 0.04939, -0.198105, -0.978897, -1.2e-05, 0.0, 0.0, 0.0, 1.0],
                [0.994559, 0.099766, 0.029986, 0.124994, 0.091724, -0.975089, 0.201959, -0.002831, 0.04939, -0.198105, -0.978897, -1.2e-05, 0.0, 0.0, 0.0, 1.0],
                [0.994559, 0.099766, 0.029986, 0.124994, 0.091724, -0.975089, 0.201959, -0.002831, 0.04939, -0.198105, -0.978897, -1.2e-05, 0.0, 0.0, 0.0, 1.0],
                [0.994559, 0.099766, 0.029986, 0.124994, 0.091724, -0.975089, 0.201959, -0.002831, 0.04939, -0.198105, -0.978897, -1.2e-05, 0.0, 0.0, 0.0, 1.0],
                [0.994559, 0.099766, 0.029986, 0.124994, 0.091724, -0.975089, 0.201959, -0.002831, 0.04939, -0.198105, -0.978897, -1.2e-05, 0.0, 0.0, 0.0, 1.0],
                [0.994559, 0.099766, 0.029986, 0.124994, 0.091724, -0.975089, 0.201959, -0.002831, 0.04939, -0.198105, -0.978897, -1.2e-05, 0.0, 0.0, 0.0, 1.0],
                [0.994559, 0.099766, 0.029986, 0.124994, 0.091724, -0.975089, 0.201959, -0.002831, 0.04939, -0.198105, -0.978897, -1.2e-05, 0.0, 0.0, 0.0, 1.0],
                [0.994559, 0.099766, 0.029986, 0.124994, 0.091724, -0.975089, 0.201959, -0.002831, 0.04939, -0.198105, -0.978897, -1.2e-05, 0.0, 0.0, 0.0, 1.0],
                [0.994559, 0.099766, 0.029986, 0.124994, 0.091724, -0.975089, 0.201959, -0.002831, 0.04939, -0.198105, -0.978897, -1.2e-05, 0.0, 0.0, 0.0, 1.0],
                [0.994559, 0.099766, 0.029986, 0.124994, 0.091724, -0.975089, 0.201959, -0.002831, 0.04939, -0.198105, -0.978897, -1.2e-05, 0.0, 0.0, 0.0, 1.0],
                [0.994559, 0.099766, 0.029986, 0.124994, 0.091724, -0.975089, 0.201959, -0.002831, 0.04939, -0.198105, -0.978897, -1.2e-05, 0.0, 0.0, 0.0, 1.0],
                [0.994559, 0.099766, 0.029986, 0.124994, 0.091724, -0.975089, 0.201959, -0.002831, 0.04939, -0.198105, -0.978897, -1.2e-05, 0.0, 0.0, 0.0, 1.0],
                [0.994553, 0.099811, 0.030042, 0.124994, 0.091776, -0.975161, 0.201589, -0.002831, 0.049418, -0.197729, -0.978971, -1.2e-05, 0.0, 0.0, 0.0, 1.0],
                [0.994534, 0.099947, 0.03021, 0.124994, 0.091932, -0.975377, 0.200469, -0.002831, 0.049504, -0.196591, -0.979196, -1.2e-05, 0.0, 0.0, 0.0, 1.0],
                [0.994503, 0.100173, 0.030492, 0.124994, 0.092194, -0.975738, 0.198584, -0.002831, 0.049647, -0.194676, -0.979572, -1.2e-05, 0.0, 0.0, 0.0, 1.0],
                [0.994458, 0.100489, 0.030893, 0.124994, 0.092562, -0.976242, 0.195916, -0.002831, 0.049848, -0.191966, -0.980096, -1.2e-05, 0.0, 0.0, 0.0, 1.0],
                [0.994401, 0.100892, 0.031425, 0.124994, 0.093038, -0.976905, 0.192353, -0.002831, 0.050108, -0.188348, -0.980784, -1.2e-05, 0.0, 0.0, 0.0, 1.0],
                [0.99433, 0.101383, 0.032073, 0.124994, 0.093619, -0.977683, 0.188072, -0.002831, 0.050426, -0.183998, -0.981594, -1.2e-05, 0.0, 0.0, 0.0, 1.0],
                [0.994246, 0.101957, 0.032849, 0.124994, 0.094306, -0.978586, 0.182962, -0.002831, 0.050802, -0.178806, -0.982533, -1.2e-05, 0.0, 0.0, 0.0, 1.0],
                [0.994149, 0.102608, 0.033758, 0.124994, 0.095096, -0.979604, 0.17701, -0.002831, 0.051234, -0.172759, -0.983592, -1.2e-05, 0.0, 0.0, 0.0, 1.0],
                [0.994038, 0.103329, 0.034801, 0.124994, 0.095985, -0.980721, 0.170212, -0.002831, 0.05172, -0.165851, -0.984755, -1.2e-05, 0.0, 0.0, 0.0, 1.0],
                [0.993915, 0.104111, 0.035982, 0.124994, 0.096969, -0.98192, 0.162571, -0.002831, 0.052258, -0.158087, -0.986003, -1.2e-05, 0.0, 0.0, 0.0, 1.0],
                [0.993779, 0.104944, 0.037299, 0.124994, 0.098041, -0.983179, 0.154098, -0.002831, 0.052845, -0.149477, -0.987314, -1.2e-05, 0.0, 0.0, 0.0, 1.0],
                [0.99363, 0.105818, 0.038752, 0.124994, 0.099194, -0.984473, 0.144821, -0.002831, 0.053476, -0.140048, -0.988661, -1.2e-05, 0.0, 0.0, 0.0, 1.0],
                [0.993471, 0.106717, 0.040336, 0.124994, 0.100419, -0.985775, 0.134774, -0.002831, 0.054147, -0.129838, -0.990017, -1.2e-05, 0.0, 0.0, 0.0, 1.0],
                [0.993301, 0.107629, 0.042047, 0.124994, 0.101703, -0.987057, 0.123993, -0.002831, 0.05485, -0.118879, -0.991354, -1.2e-05, 0.0, 0.0, 0.0, 1.0],
                [0.993124, 0.108537, 0.043876, 0.124994, 0.103036, -0.988289, 0.112556, -0.002831, 0.05558, -0.107254, -0.992638, -1.2e-05, 0.0, 0.0, 0.0, 1.0],
                [0.992939, 0.109427, 0.045809, 0.124994, 0.104402, -0.989439, 0.100549, -0.002831, 0.05633, -0.09505, -0.993839, -1.2e-05, 0.0, 0.0, 0.0, 1.0],
                [0.992748, 0.110279, 0.047839, 0.124994, 0.105788, -0.990488, 0.087989, -0.002831, 0.057089, -0.082283, -0.994934, -1.2e-05, 0.0, 0.0, 0.0, 1.0],
                [0.992555, 0.11109, 0.049928, 0.124994, 0.107179, -0.991393, 0.075179, -0.002831, 0.057852, -0.069261, -0.995881, -1.2e-05, 0.0, 0.0, 0.0, 1.0],
                [0.992361, 0.111842, 0.052065, 0.124994, 0.108557, -0.992146, 0.062145, -0.002831, 0.058609, -0.05601, -0.99667, -1.2e-05, 0.0, 0.0, 0.0, 1.0],
                [0.992168, 0.112522, 0.054229, 0.124994, 0.109908, -0.992733, 0.049, -0.002831, 0.059351, -0.042648, -0.997288, -1.2e-05, 0.0, 0.0, 0.0, 1.0],
                [0.991979, 0.113123, 0.056394, 0.124994, 0.111216, -0.993148, 0.035889, -0.002831, 0.060069, -0.029321, -0.997725, -1.2e-05, 0.0, 0.0, 0.0, 1.0],
                [0.991796, 0.11364, 0.05853, 0.124994, 0.112467, -0.993389, 0.022982, -0.002831, 0.060757, -0.016202, -0.997983, -1.2e-05, 0.0, 0.0, 0.0, 1.0],
                [0.991621, 0.114072, 0.06061, 0.124994, 0.113647, -0.993466, 0.010433, -0.002831, 0.061406, -0.003449, -0.998069, -1.2e-05, 0.0, 0.0, 0.0, 1.0],
                [0.991458, 0.114418, 0.062605, 0.124994, 0.114744, -0.993393, -0.001603, -0.002831, 0.06201, 0.008782, -0.997999, -1.2e-05, 0.0, 0.0, 0.0, 1.0],
                [0.991306, 0.114685, 0.064487, 0.124994, 0.115747, -0.993194, -0.012963, -0.002831, 0.062563, 0.020323, -0.997796, -1.2e-05, 0.0, 0.0, 0.0, 1.0],
                [0.991169, 0.114878, 0.066226, 0.124994, 0.116648, -0.992895, -0.023482, -0.002831, 0.06306, 0.031009, -0.99749, -1.2e-05, 0.0, 0.0, 0.0, 1.0],
                [0.991048, 0.115009, 0.067796, 0.124994, 0.117439, -0.992531, -0.033001, -0.002831, 0.063496, 0.040677, -0.997115, -1.2e-05, 0.0, 0.0, 0.0, 1.0],
                [0.990944, 0.115088, 0.069172, 0.124994, 0.118115, -0.992137, -0.041367, -0.002831, 0.063869, 0.049172, -0.996708, -1.2e-05, 0.0, 0.0, 0.0, 1.0],
                [0.990858, 0.115128, 0.07033, 0.124994, 0.11867, -0.991751, -0.048432, -0.002831, 0.064176, 0.056344, -0.996309, -1.2e-05, 0.0, 0.0, 0.0, 1.0],
                [0.99079, 0.115143, 0.071251, 0.124994, 0.119103, -0.991408, -0.054065, -0.002831, 0.064415, 0.062062, -0.995954, -1.2e-05, 0.0, 0.0, 0.0, 1.0],
                [0.990742, 0.115144, 0.071918, 0.124994, 0.119412, -0.991139, -0.058159, -0.002831, 0.064586, 0.066218, -0.995675, -1.2e-05, 0.0, 0.0, 0.0, 1.0],
                [0.990713, 0.11514, 0.072321, 0.124994, 0.119597, -0.990968, -0.060638, -0.002831, 0.064689, 0.068734, -0.995498, -1.2e-05, 0.0, 0.0, 0.0, 1.0],
                [0.990703, 0.115138, 0.072456, 0.124994, 0.119659, -0.99091, -0.061465, -0.002831, 0.064723, 0.069573, -0.995437, -1.2e-05, 0.0, 0.0, 0.0, 1.0],
                [0.990703, 0.115138, 0.072456, 0.124994, 0.119659, -0.99091, -0.061465, -0.002831, 0.064723, 0.069573, -0.995437, -1.2e-05, 0.0, 0.0, 0.0, 1.0]
            ]
        },
        {
            "name": "Leg_R",
            "time": [0.0, 0.0167, 0.0333, 0.05, 0.0667, 0.0833, 0.1, 0.1167, 0.1333, 0.15, 0.1667, 0.1833, 0.2, 0.2167, 0.2333, 0.25, 0.2667, 0.2833, 0.3, 0.3167, 0.3333, 0.35, 0.3667, 0.3833, 0.4, 0.4167, 0.4333, 0.45, 0.4667, 0.4833, 0.5, 0.5167, 0.5333, 0.55, 0.5667, 0.5833, 0.6, 0.6167, 0.6333, 0.65, 0.6667, 0.6833, 0.7, 0.7167, 0.7333, 0.75, 0.7667, 0.7833, 0.8, 0.8167, 0.8333, 0.85, 0.8667, 0.8833, 0.9, 0.9167, 0.9333, 0.95, 0.9667, 0.9833, 1.0, 1.0167, 1.0333, 1.05, 1.0667, 1.0833, 1.1, 1.1167, 1.1333, 1.15, 1.1667, 1.1833, 1.2, 1.2167, 1.2333, 1.25, 1.2667, 1.2833, 1.3, 1.3167, 1.3333, 1.35, 1.3667, 1.3833, 1.4, 1.4167, 1.4333, 1.45, 1.4667, 1.4833, 1.5, 1.5167, 1.5333, 1.55, 1.5667, 1.5833, 1.6, 1.6167, 1.6333, 1.65, 1.6667, 1.6833, 1.7, 1.7167, 1.7333, 1.75, 1.7667, 1.7833, 1.8, 1.8167, 1.8333, 1.85, 1.8667, 1.8833, 1.9, 2.0],
            "transform": [
                [1.0, -0.000268, -0.000148, 0.0, 0.000295, 0.970946, 0.239293, 0.375166, 7.9e-05, -0.2393, 0.970948, 0.0, 0.0, 0.0, 0.0, 1.0],
                [1.0, -0.000269, -0.000148, 0.0, 0.000296, 0.970733, 0.240155, 0.375166, 7.9e-05, -0.240161, 0.970735, -0.0, 0.0, 0.0, 0.0, 1.0],
                [1.0, -0.000271, -0.000148, -0.0, 0.000299, 0.970094, 0.242725, 0.375166, 7.8e-05, -0.242732, 0.970095, 0.0, 0.0, 0.0, 0.0, 1.0],
                [1.0, -0.000276, -0.00015, -0.0, 0.000305, 0.969027, 0.246947, 0.375166, 7.7e-05, -0.246954, 0.969029, -0.0, 0.0, 0.0, 0.0, 1.0],
                [1.0, -0.000283, -0.000151, -0.0, 0.000312, 0.967543, 0.252701, 0.375166, 7.5e-05, -0.252708, 0.967544, 0.0, 0.0, 0.0, 0.0, 1.0],
                [1.0, -0.000291, -0.000154, 0.0, 0.00032, 0.965653, 0.259826, 0.375166, 7.3e-05, -0.259834, 0.965656, -0.0, 0.0, 0.0, 0.0, 1.0],
                [1.0, -0.0003, -0.000156, -0.0, 0.000331, 0.963379, 0.268136, 0.375166, 7e-05, -0.268144, 0.963381, 0.0, 0.0, 0.0, 0.0, 1.0],
                [1.0, -0.00031, -0.000159, -0.0, 0.000342, 0.960746, 0.27742, 0.375166, 6.7e-05, -0.277429, 0.960748, -0.0, 0.0, 0.0, 0.0, 1.0],
                [1.0, -0.000322, -0.000162, 0.0, 0.000355, 0.957788, 0.287469, 0.375166, 6.3e-05, -0.287478, 0.95779, -0.0, 0.0, 0.0, 0.0, 1.0],
                [1.0, -0.000333, -0.000166, 0.0, 0.000368, 0.954541, 0.29807, 0.375166, 5.9e-05, -0.298081, 0.954544, 0.0, 0.0, 0.0, 0.0, 1.0],
                [1.0, -0.000346, -0.00017, 0.0, 0.000381, 0.951052, 0.309021, 0.375166, 5.5e-05, -0.309032, 0.951055, 0.0, 0.0, 0.0, 0.0, 1.0],
                [1.0, -0.000358, -0.000174, -0.0, 0.000395, 0.947373, 0.320123, 0.375166, 5e-05, -0.320135, 0.947376, 0.0, 0.0, 0.0, 0.0, 1.0],
                [1.0, -0.00037, -0.000178, 0.0, 0.000408, 0.943555, 0.331207, 0.375166, 4.5e-05, -0.33122, 0.943558, 0.0, 0.0, 0.0, 0.0, 1.0],
                [1.0, -0.000383, -0.000182, 0.0, 0.000422, 0.939651, 0.342125, 0.375166, 4.1e-05, -0.342139, 0.939654, 0.0, 0.0, 0.0, 0.0, 1.0],
                [1.0, -0.000394, -0.000187, -0.0, 0.000435, 0.935718, 0.352737, 0.375166, 3.6e-05, -0.352752, 0.935722, -0.0, 0.0, 0.0, 0.0, 1.0],
                [1.0, -0.000406, -0.000191, -0.0, 0.000448, 0.931817, 0.362918, 0.375166, 3.1e-05, -0.362933, 0.931821, 0.0, 0.0, 0.0, 0.0, 1.0],
                [1.0, -0.000417, -0.000196, 0.0, 0.000459, 0.928015, 0.372533, 0.375166, 2.6e-05, -0.372549, 0.928019, 0.0, 0.0, 0.0, 0.0, 1.0],
                [1.0, -0.000427, -0.0002, -0.0, 0.000471, 0.924338, 0.381564, 0.375166, 2.2e-05, -0.381581, 0.924342, 0.0, 0.0, 0.0, 0.0, 1.0],
