{
    "animation": [
        {
            "name": "Root",
            "time": [0.0, 0.0167, 0.0333, 0.05, 0.0667, 0.0833, 0.1, 0.1167, 0.1333, 0.15, 0.1667, 0.1833, 0.2, 0.2167, 0.2333, 0.25, 0.2667, 0.2833, 0.3, 0.3167, 0.3333, 0.35, 0.3667, 0.3833, 0.4, 0.4167, 0.4333, 0.45, 0.4667, 0.4833, 0.5, 0.5167, 0.5333, 0.55, 0.5667, 0.5833, 0.6, 0.6167, 0.6333, 0.65, 0.6667, 0.6833, 0.7, 0.7167, 0.7333, 0.75, 0.7667, 0.7833, 0.8, 0.8167, 0.8333, 0.85, 0.8667, 0.8833, 0.9, 0.9167, 0.9333, 0.95, 0.9667, 0.9833, 1.0, 1.0167, 1.0333, 1.05, 1.0667, 1.0833, 1.1, 1.1167, 1.1333, 1.15, 1.1667, 1.1833, 1.2, 1.2167, 1.2333, 1.25, 1.2667, 1.2833, 1.3, 1.3167, 1.3333, 1.35, 1.3667, 1.3833, 1.4, 1.4167, 1.4333, 1.45, 1.4667, 1.4833, 1.5, 1.5167, 1.5333, 1.55, 1.5667, 1.5833, 1.6, 1.6167, 1.6333, 1.65, 1.6667, 1.6833, 1.7, 1.7167, 1.7333, 1.75, 1.7667, 1.7833, 1.8, 1.8167, 1.8333, 1.85, 1.8667, 1.8833, 1.9, 1.9167, 1.9333, 1.95, 1.9667, 1.9833, 2.0, 2.0167, 2.0333, 2.05, 2.0667, 2.0833, 2.1, 2.1167, 2.1333, 2.15, 2.1667, 2.1833, 2.2, 2.2167, 2.2333, 2.25, 2.2667, 2.2833, 2.3, 2.3167, 2.3333, 2.35, 2.3667, 2.3833, 2.4, 2.4167, 2.4333, 2.45, 2.4667, 2.4833, 2.5, 2.5167, 2.5333, 2.55, 2.5667, 2.5833, 2.6, 2.6167, 2.6333, 2.65, 2.6667, 2.6833, 2.7, 2.7167, 2.7333, 2.75, 2.7667, 2.7833, 2.8, 2.8167, 2.8333, 2.85, 2.8667, 2.8833, 2.9, 2.9167, 2.9333, 2.95, 2.9667, 2.9833, 3.0, 3.0167, 3.0333, 3.05, 3.0667, 3.0833, 3.1, 3.1167, 3.1333, 3.15, 3.1667, 3.1833, 3.2, 3.2167, 3.2333, 3.25, 3.2667, 3.2833, 3.3, 3.3167, 3.3333, 3.35, 3.3667, 3.3833, 3.4, 3.4167, 3.4333, 3.45, 3.4667, 3.4833, 3.5, 3.5167, 3.5333, 3.55, 3.5667, 3.5833, 3.6, 3.6167, 3.6333, 3.65, 3.6667, 3.6833, 3.7, 3.7167, 3.7333, 3.75, 3.7667, 3.7833, 3.8, 3.8167, 3.8333, 3.85, 3.8667, 3.8833, 3.9, 3.9167, 3.9333, 3.95, 3.9667, 3.9833, 4.0, 4.0167, 4.0333, 4.05, 4.0667, 4.0833, 4.1],
            "transform": [
                [0.900842, 0.0, -0.434148, -5e-06, -0.434148, 0.0, -0.900842, 0.000946, 0.0, 1.0, 0.0, 0.739346, 0.0, 0.0, 0.0, 1.0],
                [0.903995, 0.0, -0.427544, 3.1e-05, -0.427544, 0.0, -0.903995, -0.000607, 0.0, 1.0, 0.0, 0.739346, 0.0, 0.0, 0.0, 1.0],
                [0.913281, 0.0, -0.407331, 0.000137, -0.407331, 0.0, -0.913281, -0.005301, 0.0, 1.0, 0.0, 0.739346, 0.0, 0.0, 0.0, 1.0],
                [0.92795, 0.0, -0.372705, 0.000314, -0.372705, 0.0, -0.92795, -0.01315, 0.0, 1.0, 0.0, 0.739346, 0.0, 0.0, 0.0, 1.0],
                [0.94649, 0.0, -0.322732, 0.000562, -0.322732, 0.0, -0.94649, -0.024102, 0.0, 1.0, 0.0, 0.739346, 0.0, 0.0, 0.0, 1.0],
                [0.966509, 0.0, -0.256633, 0.000877, -0.256633, 0.0, -0.966509, -0.038021, 0.0, 1.0, 0.0, 0.739346, 0.0, 0.0, 0.0, 1.0],
                [0.984707, 0.0, -0.174219, 0.001254, -0.174219, 0.0, -0.984707, -0.054671, 0.0, 1.0, 0.0, 0.739346, 0.0, 0.0, 0.0, 1.0],
                [0.997074, 0.0, -0.076437, 0.001684, -0.076437, 0.0, -0.997074, -0.073703, 0.0, 1.0, 0.0, 0.739346, 0.0, 0.0, 0.0, 1.0],
                [0.999417, 0.0, 0.034128, 0.002158, 0.034128, 0.0, -0.999417, -0.094654, 0.0, 1.0, 0.0, 0.739346, 0.0, 0.0, 0.0, 1.0],
                [0.98822, 0.0, 0.153041, 0.002663, 0.153041, 0.0, -0.98822, -0.116953, 0.0, 1.0, 0.0, 0.739346, 0.0, 0.0, 0.0, 1.0],
                [0.96163, 0.0, 0.274351, 0.003183, 0.274351, 0.0, -0.96163, -0.139948, 0.0, 1.0, 0.0, 0.739346, 0.0, 0.0, 0.0, 1.0],
                [0.920169, 0.0, 0.391521, 0.003703, 0.391521, 0.0, -0.920169, -0.162944, 0.0, 1.0, 0.0, 0.739346, 0.0, 0.0, 0.0, 1.0],
                [0.866785, 0.0, 0.498682, 0.004208, 0.498682, 0.0, -0.866785, -0.185243, 0.0, 1.0, 0.0, 0.739346, 0.0, 0.0, 0.0, 1.0],
                [0.806169, 0.0, 0.591685, 0.004682, 0.591685, 0.0, -0.806169, -0.206193, 0.0, 1.0, 0.0, 0.739346, 0.0, 0.0, 0.0, 1.0],
                [0.743671, 0.0, 0.668546, 0.005112, 0.668546, 0.0, -0.743671, -0.225226, 0.0, 1.0, 0.0, 0.739346, 0.0, 0.0, 0.0, 1.0],
                [0.684267, 0.0, 0.729232, 0.005489, 0.729232, 0.0, -0.684267, -0.241876, 0.0, 1.0, 0.0, 0.739346, 0.0, 0.0, 0.0, 1.0],
                [0.631924, 0.0, 0.77503, 0.005804, 0.77503, 0.0, -0.631924, -0.255795, 0.0, 1.0, 0.0, 0.739346, 0.0, 0.0, 0.0, 1.0],
                [0.589399, 0.0, 0.807842, 0.006052, 0.807842, 0.0, -0.589399, -0.266747, 0.0, 1.0, 0.0, 0.739346, 0.0, 0.0, 0.0, 1.0],
                [0.558353, 0.0, 0.829603, 0.006229, 0.829603, 0.0, -0.558353, -0.274596, 0.0, 1.0, 0.0, 0.739346, 0.0, 0.0, 0.0, 1.0],
                [0.539604, 0.0, 0.841919, 0.006335, 0.841919, 0.0, -0.539604, -0.27929, 0.0, 1.0, 0.0, 0.739346, 0.0, 0.0, 0.0, 1.0],
                [0.533375, 0.0, 0.845879, 0.00637, 0.845879, 0.0, -0.533375, -0.280843, 0.0, 1.0, 0.0, 0.739346, 0.0, 0.0, 0.0, 1.0],
                [0.533375, 0.0, 0.845879, 0.00637, 0.845879, 0.0, -0.533375, -0.280843, 0.0, 1.0, 0.0, 0.739346, 0.0, 0.0, 0.0, 1.0],
                [0.533375, 0.0, 0.845879, 0.00637, 0.845879, 0.0, -0.533375, -0.280843, 0.0, 1.0, 0.0, 0.739346, 0.0, 0.0, 0.0, 1.0],
                [0.533375, 0.0, 0.845879, 0.00637, 0.845879, 0.0, -0.533375, -0.280843, 0.0, 1.0, 0.0, 0.739346, 0.0, 0.0, 0.0, 1.0],
                [0.533375, 0.0, 0.845879, 0.00637, 0.845879, 0.0, -0.533375, -0.280843, 0.0, 1.0, 0.0, 0.739346, 0.0, 0.0, 0.0, 1.0],
                [0.533375, 0.0, 0.845879, 0.00637, 0.845879, 0.0, -0.533375, -0.280843, 0.0, 1.0, 0.0, 0.739346, 0.0, 0.0, 0.0, 1.0],
                [0.533375, 0.0, 0.845879, 0.00637, 0.845879, 0.0, -0.533375, -0.280843, 0.0, 1.0, 0.0, 0.739346, 0.0, 0.0, 0.0, 1.0],
                [0.533375, 0.0, 0.845879, 0.00637, 0.845879, 0.0, -0.533375, -0.280843, 0.0, 1.0, 0.0, 0.739346, 0.0, 0.0, 0.0, 1.0],
                [0.533375, 0.0, 0.845879, 0.00637, 0.845879, 0.0, -0.533375, -0.280843, 0.0, 1.0, 0.0, 0.739346, 0.0, 0.0, 0.0, 1.0],
                [0.533375, 0.0, 0.845879, 0.00637, 0.845879, 0.0, -0.533375, -0.280843, 0.0, 1.0, 0.0, 0.739346, 0.0, 0.0, 0.0, 1.0],
                [0.533375, 0.0, 0.845879, 0.00637, 0.845879, 0.0, -0.533375, -0.280843, 0.0, 1.0, 0.0, 0.739346, 0.0, 0.0, 0.0, 1.0],
                [0.533375, 0.0, 0.845879, 0.00637, 0.845879, 0.0, -0.533375, -0.280843, 0.0, 1.0, 0.0, 0.739346, 0.0, 0.0, 0.0, 1.0],
                [0.533375, 0.0, 0.845879, 0.00637, 0.845879, 0.0, -0.533375, -0.280843, 0.0, 1.0, 0.0, 0.739346, 0.0, 0.0, 0.0, 1.0],
                [0.533375, 0.0, 0.845879, 0.00637, 0.845879, 0.0, -0.533375, -0.280843, 0.0, 1.0, 0.0, 0.739346, 0.0, 0.0, 0.0, 1.0],
                [0.533375, 0.0, 0.845879, 0.00637, 0.845879, 0.0, -0.533375, -0.280843, 0.0, 1.0, 0.0, 0.739346, 0.0, 0.0, 0.0, 1.0],
                [0.533375, 0.0, 0.845879, 0.00637, 0.845879, 0.0, -0.533375, -0.280843, 0.0, 1.0, 0.0, 0.739346, 0.0, 0.0, 0.0, 1.0],
                [0.533375, 0.0, 0.845879, 0.00637, 0.845879, 0.0, -0.533375, -0.280843, 0.0, 1.0, 0.0, 0.739346, 0.0, 0.0, 0.0, 1.0],
                [0.533375, 0.0, 0.845879, 0.00637, 0.845879, 0.0, -0.533375, -0.280843, 0.0, 1.0, 0.0, 0.739346, 0.0, 0.0, 0.0, 1.0],
                [0.533375, 0.0, 0.845879, 0.00637, 0.845879, 0.0, -0.533375, -0.280843, 0.0, 1.0, 0.0, 0.739346, 0.0, 0.0, 0.0, 1.0],
                [0.533375, 0.0, 0.845879, 0.00637, 0.845879, 0.0, -0.533375, -0.280843, 0.0, 1.0, 0.0, 0.739346, 0.0, 0.0, 0.0, 1.0],
                [0.533375, 0.0, 0.845879, 0.00637, 0.845879, 0.0, -0.533375, -0.280843, 0.0, 1.0, 0.0, 0.739346, 0.0, 0.0, 0.0, 1.0],
                [0.533375, 0.0, 0.845879, 0.00637, 0.845879, 0.0, -0.533375, -0.280843, 0.0, 1.0, 0.0, 0.739346, 0.0, 0.0, 0.0, 1.0],
                [0.533375, 0.0, 0.845879, 0.00637, 0.845879, 0.0, -0.533375, -0.280843, 0.0, 1.0, 0.0, 0.739346, 0.0, 0.0, 0.0, 1.0],
                [0.533375, 0.0, 0.845879, 0.00637, 0.845879, 0.0, -0.533375, -0.280843, 0.0, 1.0, 0.0, 0.739346, 0.0, 0.0, 0.0, 1.0],
                [0.533375, 0.0, 0.845879, 0.00637, 0.845879, 0.0, -0.533375, -0.280843, 0.0, 1.0, 0.0, 0.739346, 0.0, 0.0, 0.0, 1.0],
                [0.533375, 0.0, 0.845879, 0.00637, 0.845879, 0.0, -0.533375, -0.280843, 0.0, 1.0, 0.0, 0.739346, 0.0, 0.0, 0.0, 1.0],
                [0.533375, 0.0, 0.845879, 0.00637, 0.845879, 0.0, -0.533375, -0.280843, 0.0, 1.0, 0.0, 0.739346, 0.0, 0.0, 0.0, 1.0],
                [0.533375, 0.0, 0.845879, 0.00637, 0.845879, 0.0, -0.533375, -0.280843, 0.0, 1.0, 0.0, 0.739346, 0.0, 0.0, 0.0, 1.0],
                [0.533375, 0.0, 0.845879, 0.00637, 0.845879, 0.0, -0.533375, -0.280843, 0.0, 1.0, 0.0, 0.739346, 0.0, 0.0, 0.0, 1.0],
                [0.533375, 0.0, 0.845879, 0.00637, 0.845879, 0.0, -0.533375, -0.280843, 0.0, 1.0, 0.0, 0.739346, 0.0, 0.0, 0.0, 1.0],
                [0.533375, 0.0, 0.845879, 0.00637, 0.845879, 0.0, -0.533375, -0.280843, 0.0, 1.0, 0.0, 0.739346, 0.0, 0.0, 0.0, 1.0],
                [0.533375, 0.0, 0.845879, 0.00637, 0.845879, 0.0, -0.533375, -0.280843, 0.0, 1.0, 0.0, 0.739346, 0.0, 0.0, 0.0, 1.0],
                [0.533375, 0.0, 0.845879, 0.00637, 0.845879, 0.0, -0.533375, -0.280843, 0.0, 1.0, 0.0, 0.739346, 0.0, 0.0, 0.0, 1.0],
                [0.533375, 0.0, 0.845879, 0.00637, 0.845879, 0.0, -0.533375, -0.280843, 0.0, 1.0, 0.0, 0.739346, 0.0, 0.0, 0.0, 1.0],
                [0.533375, 0.0, 0.845879, 0.00637, 0.845879, 0.0, -0.533375, -0.280843, 0.0, 1.0, 0.0, 0.739346, 0.0, 0.0, 0.0, 1.0],
                [0.533375, 0.0, 0.845879, 0.00637, 0.845879, 0.0, -0.533375, -0.280843, 0.0, 1.0, 0.0, 0.739346, 0.0, 0.0, 0.0, 1.0],
                [0.533375, 0.0, 0.845879, 0.00637, 0.845879, 0.0, -0.533375, -0.280843, 0.0, 1.0, 0.0, 0.739346, 0.0, 0.0, 0.0, 1.0],
                [0.533375, 0.0, 0.845879, 0.00637, 0.845879, 0.0, -0.533375, -0.280843, 0.0, 1.0, 0.0, 0.739346, 0.0, 0.0, 0.0, 1.0],
                [0.533375, 0.0, 0.845879, 0.00637, 0.845879, 0.0, -0.533375, -0.280843, 0.0, 1.0, 0.0, 0.739346, 0.0, 0.0, 0.0, 1.0],
                [0.533375, 0.0, 0.845879, 0.00637, 0.845879, 0.0, -0.533375, -0.280843, 0.0, 1.0, 0.0, 0.739346, 0.0, 0.0, 0.0, 1.0],
                [0.533375, 0.0, 0.845879, 0.00637, 0.845879, 0.0, -0.533375, -0.280843, 0.0, 1.0, 0.0, 0.739346, 0.0, 0.0, 0.0, 1.0],
                [0.536926, 0.0, 0.843629, 0.004843, 0.843629, 0.0, -0.536926, -0.282515, 0.0, 1.0, 0.0, 0.739342, 0.0, 0.0, 0.0, 1.0],
                [0.547636, 0.0, 0.836717, 0.000192, 0.836717, 0.0, -0.547636, -0.287486, 0.0, 1.0, 0.0, 0.739314, 0.0, 0.0, 0.0, 1.0],
                [0.565537, 0.0, 0.824723, -0.00765, 0.824723, 0.0, -0.565537, -0.295526, 0.0, 1.0, 0.0, 0.739231, 0.0, 0.0, 0.0, 1.0],
                [0.590553, 0.0, 0.806999, -0.018661, 0.806999, 0.0, -0.590553, -0.306164, 0.0, 1.0, 0.0, 0.739055, 0.0, 0.0, 0.0, 1.0],
                [0.622446, 0.0, 0.782663, -0.032654, 0.782663, 0.0, -0.622446, -0.31869, 0.0, 1.0, 0.0, 0.738741, 0.0, 0.0, 0.0, 1.0],
                [0.660733, 0.0, 0.750621, -0.049197, 0.750621, 0.0, -0.660733, -0.332176, 0.0, 1.0, 0.0, 0.738241, 0.0, 0.0, 0.0, 1.0],
                [0.704589, 0.0, 0.709616, -0.06755, 0.709616, 0.0, -0.704589, -0.345571, 0.0, 1.0, 0.0, 0.737507, 0.0, 0.0, 0.0, 1.0],
                [0.75274, 0.0, 0.658318, -0.086647, 0.658318, 0.0, -0.75274, -0.357831, 0.0, 1.0, 0.0, 0.736496, 0.0, 0.0, 0.0, 1.0],
                [0.803366, 0.0, 0.595485, -0.10515, 0.595485, 0.0, -0.803366, -0.3681, 0.0, 1.0, 0.0, 0.735178, 0.0, 0.0, 0.0, 1.0],
                [0.854053, 0.0, 0.520187, -0.12156, 0.520187, 0.0, -0.854053, -0.375889, 0.0, 1.0, 0.0, 0.733539, 0.0, 0.0, 0.0, 1.0],
                [0.901834, 0.0, 0.432084, -0.1344, 0.432084, 0.0, -0.901834, -0.381204, 0.0, 1.0, 0.0, 0.731577, 0.0, 0.0, 0.0, 1.0],
                [0.943377, 0.0, 0.331723, -0.142407, 0.331723, 0.0, -0.943377, -0.384604, 0.0, 1.0, 0.0, 0.729306, 0.0, 0.0, 0.0, 1.0],
                [0.975327, 0.0, 0.220764, -0.144733, 0.220764, 0.0, -0.975327, -0.387144, 0.0, 1.0, 0.0, 0.726748, 0.0, 0.0, 0.0, 1.0],
                [0.994781, 0.0, 0.102031, -0.141099, 0.102031, 0.0, -0.994781, -0.390222, 0.0, 1.0, 0.0, 0.723931, 0.0, 0.0, 0.0, 1.0],
                [0.999786, 0.0, -0.020667, -0.131869, -0.020667, 0.0, -0.999786, -0.395338, 0.0, 1.0, 0.0, 0.720884, 0.0, 0.0, 0.0, 1.0],
                [0.989726, 0.0, -0.142978, -0.116427, -0.142978, 0.0, -0.989726, -0.406367, 0.0, 1.0, 0.0, 0.716444, 0.0, 0.0, 0.0, 1.0],
                [0.965448, 0.0, -0.260594, -0.095734, -0.260594, 0.0, -0.965448, -0.427653, 0.0, 1.0, 0.0, 0.7094, 0.0, 0.0, 0.0, 1.0],
                [0.9291, 0.0, -0.36983, -0.073321, -0.36983, 0.0, -0.9291, -0.460399, 0.0, 1.0, 0.0, 0.699771, 0.0, 0.0, 0.0, 1.0],
                [0.883713, 0.0, -0.468029, -0.05269, -0.468029, 0.0, -0.883713, -0.50443, 0.0, 1.0, 0.0, 0.687691, 0.0, 0.0, 0.0, 1.0],
                [0.832701, 0.0, -0.553723, -0.036768, -0.553723, 0.0, -0.832701, -0.558228, 0.0, 1.0, 0.0, 0.673441, 0.0, 0.0, 0.0, 1.0],
                [0.779391, 0.0, -0.626538, -0.027473, -0.626538, 0.0, -0.779391, -0.619165, 0.0, 1.0, 0.0, 0.657468, 0.0, 0.0, 0.0, 1.0],
                [0.726696, 0.0, -0.686959, -0.025506, -0.686959, 0.0, -0.726696, -0.683894, 0.0, 1.0, 0.0, 0.640379, 0.0, 0.0, 0.0, 1.0],
                [0.676959, 0.0, -0.736021, -0.030367, -0.736021, 0.0, -0.676959, -0.748811, 0.0, 1.0, 0.0, 0.622898, 0.0, 0.0, 0.0, 1.0],
                [0.631916, 0.0, -0.775037, -0.040588, -0.775037, 0.0, -0.631916, -0.810512, 0.0, 1.0, 0.0, 0.605795, 0.0, 0.0, 0.0, 1.0],
                [0.592761, 0.0, -0.805379, -0.054108, -0.805379, 0.0, -0.592761, -0.866159, 0.0, 1.0, 0.0, 0.589795, 0.0, 0.0, 0.0, 1.0],
                [0.56025, 0.0, -0.828324, -0.068679, -0.828324, 0.0, -0.56025, -0.91368, 0.0, 1.0, 0.0, 0.575506, 0.0, 0.0, 0.0, 1.0],
                [0.534809, 0.0, -0.844973, -0.082219, -0.844973, 0.0, -0.534809, -0.951788, 0.0, 1.0, 0.0, 0.563377, 0.0, 0.0, 0.0, 1.0],
                [0.516635, 0.0, -0.856206, -0.093042, -0.856206, 0.0, -0.516635, -0.979861, 0.0, 1.0, 0.0, 0.55369, 0.0, 0.0, 0.0, 1.0],
                [0.505773, 0.0, -0.862667, -0.09997, -0.862667, 0.0, -0.505773, -0.997759, 0.0, 1.0, 0.0, 0.54658, 0.0, 0.0, 0.0, 1.0],
                [0.502173, 0.0, -0.864767, -0.102343, -0.864767, 0.0, -0.502173, -1.005629, 0.0, 1.0, 0.0, 0.542068, 0.0, 0.0, 0.0, 1.0],
                [0.502173, 0.0, -0.864767, -0.102343, -0.864767, 0.0, -0.502173, -1.008535, 0.0, 1.0, 0.0, 0.538881, 0.0, 0.0, 0.0, 1.0],
                [0.502173, 0.0, -0.864767, -0.102343, -0.864767, 0.0, -0.502173, -1.011364, 0.0, 1.0, 0.0, 0.535778, 0.0, 0.0, 0.0, 1.0],
                [0.502173, 0.0, -0.864767, -0.102343, -0.864767, 0.0, -0.502173, -1.014114, 0.0, 1.0, 0.0, 0.532763, 0.0, 0.0, 0.0, 1.0],
                [0.502173, 0.0, -0.864767, -0.102343, -0.864767, 0.0, -0.502173, -1.016779, 0.0, 1.0, 0.0, 0.52984, 0.0, 0.0, 0.0, 1.0],
                [0.502173, 0.0, -0.864767, -0.102343, -0.864767, 0.0, -0.502173, -1.019356, 0.0, 1.0, 0.0, 0.527014, 0.0, 0.0, 0.0, 1.0],
                [0.502173, 0.0, -0.864767, -0.102343, -0.864767, 0.0, -0.502173, -1.02184, 0.0, 1.0, 0.0, 0.52429, 0.0, 0.0, 0.0, 1.0],
                [0.502173, 0.0, -0.864767, -0.102343, -0.864767, 0.0, -0.502173, -1.024229, 0.0, 1.0, 0.0, 0.521671, 0.0, 0.0, 0.0, 1.0],
                [0.502173, 0.0, -0.864767, -0.102343, -0.864767, 0.0, -0.502173, -1.026517, 0.0, 1.0, 0.0, 0.519161, 0.0, 0.0, 0.0, 1.0],
                [0.502173, 0.0, -0.864767, -0.102343, -0.864767, 0.0, -0.502173, -1.028701, 0.0, 1.0, 0.0, 0.516766, 0.0, 0.0, 0.0, 1.0],
                [0.502173, 0.0, -0.864767, -0.102343, -0.864767, 0.0, -0.502173, -1.030779, 0.0, 1.0, 0.0, 0.514488, 0.0, 0.0, 0.0, 1.0],
                [0.502173, 0.0, -0.864767, -0.102343, -0.864767, 0.0, -0.502173, -1.032746, 0.0, 1.0, 0.0, 0.51233, 0.0, 0.0, 0.0, 1.0],
                [0.502173, 0.0, -0.864767, -0.102343, -0.864767, 0.0, -0.502173, -1.0346, 0.0, 1.0, 0.0, 0.510297, 0.0, 0.0, 0.0, 1.0],
                [0.502173, 0.0, -0.864767, -0.102343, -0.864767, 0.0, -0.502173, -1.03634, 0.0, 1.0, 0.0, 0.508389, 0.0, 0.0, 0.0, 1.0],
                [0.502173, 0.0, -0.864767, -0.102343, -0.864767, 0.0, -0.502173, -1.037964, 0.0, 1.0, 0.0, 0.506608, 0.0, 0.0, 0.0, 1.0],
                [0.502173, 0.0, -0.864767, -0.102343, -0.864767, 0.0, -0.502173, -1.039471, 0.0, 1.0, 0.0, 0.504955, 0.0, 0.0, 0.0, 1.0],
                [0.502173, 0.0, -0.864767, -0.102343, -0.864767, 0.0, -0.502173, -1.040862, 0.0, 1.0, 0.0, 0.50343, 0.0, 0.0, 0.0, 1.0],
                [0.502173, 0.0, -0.864767, -0.102343, -0.864767, 0.0, -0.502173, -1.042137, 0.0, 1.0, 0.0, 0.502032, 0.0, 0.0, 0.0, 1.0],
                [0.502173, 0.0, -0.864767, -0.102343, -0.864767, 0.0, -0.502173, -1.043298, 0.0, 1.0, 0.0, 0.500758, 0.0, 0.0, 0.0, 1.0],
                [0.502173, 0.0, -0.864767, -0.102343, -0.864767, 0.0, -0.502173, -1.044348, 0.0, 1.0, 0.0, 0.499606, 0.0, 0.0, 0.0, 1.0],
                [0.502173, 0.0, -0.864767, -0.102343, -0.864767, 0.0, -0.502173, -1.045291, 0.0, 1.0, 0.0, 0.498573, 0.0, 0.0, 0.0, 1.0],
                [0.502173, 0.0, -0.864767, -0.102343, -0.864767, 0.0, -0.502173, -1.04613, 0.0, 1.0, 0.0, 0.497653, 0.0, 0.0, 0.0, 1.0],
                [0.502173, 0.0, -0.864767, -0.102343, -0.864767, 0.0, -0.502173, -1.04687, 0.0, 1.0, 0.0, 0.496841, 0.0, 0.0, 0.0, 1.0],
                [0.502173, 0.0, -0.864767, -0.102343, -0.864767, 0.0, -0.502173, -1.047518, 0.0, 1.0, 0.0, 0.49613, 0.0, 0.0, 0.0, 1.0],
                [0.502173, 0.0, -0.864767, -0.102343, -0.864767, 0.0, -0.502173, -1.048079, 0.0, 1.0, 0.0, 0.495515, 0.0, 0.0, 0.0, 1.0],
                [0.502173, 0.0, -0.864767, -0.102343, -0.864767, 0.0, -0.502173, -1.04856, 0.0, 1.0, 0.0, 0.494988, 0.0, 0.0, 0.0, 1.0],
                [0.502173, 0.0, -0.864767, -0.102343, -0.864767, 0.0, -0.502173, -1.048966, 0.0, 1.0, 0.0, 0.494542, 0.0, 0.0, 0.0, 1.0],
                [0.502173, 0.0, -0.864767, -0.102343, -0.864767, 0.0, -0.502173, -1.049306, 0.0, 1.0, 0.0, 0.494169, 0.0, 0.0, 0.0, 1.0],
                [0.502173, 0.0, -0.864767, -0.102343, -0.864767, 0.0, -0.502173, -1.049586, 0.0, 1.0, 0.0, 0.493863, 0.0, 0.0, 0.0, 1.0],
                [0.502173, 0.0, -0.864767, -0.102343, -0.864767, 0.0, -0.502173, -1.049813, 0.0, 1.0, 0.0, 0.493614, 0.0, 0.0, 0.0, 1.0],
                [0.502173, 0.0, -0.864767, -0.102343, -0.864767, 0.0, -0.502173, -1.049993, 0.0, 1.0, 0.0, 0.493417, 0.0, 0.0, 0.0, 1.0],
                [0.502173, 0.0, -0.864767, -0.102343, -0.864767, 0.0, -0.502173, -1.050132, 0.0, 1.0, 0.0, 0.493264, 0.0, 0.0, 0.0, 1.0],
                [0.502173, 0.0, -0.864767, -0.102343, -0.864767, 0.0, -0.502173, -1.050237, 0.0, 1.0, 0.0, 0.493149, 0.0, 0.0, 0.0, 1.0],
                [0.502173, 0.0, -0.864767, -0.102343, -0.864767, 0.0, -0.502173, -1.050313, 0.0, 1.0, 0.0, 0.493065, 0.0, 0.0, 0.0, 1.0],
                [0.502173, 0.0, -0.864767, -0.102343, -0.864767, 0.0, -0.502173, -1.050366, 0.0, 1.0, 0.0, 0.493008, 0.0, 0.0, 0.0, 1.0],
                [0.502173, 0.0, -0.864767, -0.102343, -0.864767, 0.0, -0.502173, -1.0504, 0.0, 1.0, 0.0, 0.49297, 0.0, 0.0, 0.0, 1.0],
                [0.502173, 0.0, -0.864767, -0.102343, -0.864767, 0.0, -0.502173, -1.05042, 0.0, 1.0, 0.0, 0.492949, 0.0, 0.0, 0.0, 1.0],
                [0.502173, 0.0, -0.864767, -0.102343, -0.864767, 0.0, -0.502173, -1.050429, 0.0, 1.0, 0.0, 0.492938, 0.0, 0.0, 0.0, 1.0],
                [0.502173, 0.0, -0.864767, -0.102343, -0.864767, 0.0, -0.502173, -1.050433, 0.0, 1.0, 0.0, 0.492934, 0.0, 0.0, 0.0, 1.0],
                [0.502173, 0.0, -0.864767, -0.102343, -0.864767, 0.0, -0.502173, -1.050433, 0.0, 1.0, 0.0, 0.492933, 0.0, 0.0, 0.0, 1.0],
                [0.502173, 0.0, -0.864767, -0.102343, -0.864767, 0.0, -0.502173, -0.543445, 0.0, 1.0, 0.0, 0.492933, 0.0, 0.0, 0.0, 1.0],
                [0.502173, 0.0, -0.864767, -0.102343, -0.864767, 0.0, -0.502173, 0.93282, 0.0, 1.0, 0.0, 0.492933, 0.0, 0.0, 0.0, 1.0],
                [0.502173, 0.0, -0.864767, -0.102343, -0.864767, 0.0, -0.502173, 3.056951, 0.0, 1.0, 0.0, 0.492933, 0.0, 0.0, 0.0, 1.0],
                [0.502173, 0.0, -0.864767, -0.102343, -0.864767, 0.0, -0.502173, 5.184773, 0.0, 1.0, 0.0, 0.492933, 0.0, 0.0, 0.0, 1.0],
                [0.502173, 0.0, -0.864767, -0.102343, -0.864767, 0.0, -0.502173, 6.671192, 0.0, 1.0, 0.0, 0.492933, 0.0, 0.0, 0.0, 1.0],
                [0.502173, 0.0, -0.864767, -0.102343, -0.864767, 0.0, -0.502173, 7.192803, 0.0, 1.0, 0.0, 0.492933, 0.0, 0.0, 0.0, 1.0],
                [0.502173, 0.0, -0.864767, -0.102343, -0.864767, 0.0, -0.502173, 7.207808, 0.0, 1.0, 0.0, 0.492933, 0.0, 0.0, 0.0, 1.0],
                [0.502173, 0.0, -0.864767, -0.102343, -0.864767, 0.0, -0.502173, 7.220848, 0.0, 1.0, 0.0, 0.492933, 0.0, 0.0, 0.0, 1.0],
                [0.502173, 0.0, -0.864767, -0.102343, -0.864767, 0.0, -0.502173, 7.232383, 0.0, 1.0, 0.0, 0.492933, 0.0, 0.0, 0.0, 1.0],
                [0.502173, 0.0, -0.864767, -0.102343, -0.864767, 0.0, -0.502173, 7.242722, 0.0, 1.0, 0.0, 0.492933, 0.0, 0.0, 0.0, 1.0],
                [0.502173, 0.0, -0.864767, -0.102343, -0.864767, 0.0, -0.502173, 7.252079, 0.0, 1.0, 0.0, 0.492933, 0.0, 0.0, 0.0, 1.0],
                [0.502173, 0.0, -0.864767, -0.102343, -0.864767, 0.0, -0.502173, 7.260613, 0.0, 1.0, 0.0, 0.492933, 0.0, 0.0, 0.0, 1.0],
                [0.502173, 0.0, -0.864767, -0.102343, -0.864767, 0.0, -0.502173, 7.268443, 0.0, 1.0, 0.0, 0.492933, 0.0, 0.0, 0.0, 1.0],
                [0.502173, 0.0, -0.864767, -0.102343, -0.864767, 0.0, -0.502173, 7.275661, 0.0, 1.0, 0.0, 0.492933, 0.0, 0.0, 0.0, 1.0],
                [0.502173, 0.0, -0.864767, -0.102343, -0.864767, 0.0, -0.502173, 7.282345, 0.0, 1.0, 0.0, 0.492933, 0.0, 0.0, 0.0, 1.0],
                [0.502173, 0.0, -0.864767, -0.102343, -0.864767, 0.0, -0.502173, 7.288555, 0.0, 1.0, 0.0, 0.492933, 0.0, 0.0, 0.0, 1.0],
                [0.502173, 0.0, -0.864767, -0.102343, -0.864767, 0.0, -0.502173, 7.29434, 0.0, 1.0, 0.0, 0.492933, 0.0, 0.0, 0.0, 1.0],
                [0.502173, 0.0, -0.864767, -0.102343, -0.864767, 0.0, -0.502173, 7.299744, 0.0, 1.0, 0.0, 0.492933, 0.0, 0.0, 0.0, 1.0],
                [0.502173, 0.0, -0.864767, -0.102343, -0.864767, 0.0, -0.502173, 7.304802, 0.0, 1.0, 0.0, 0.492933, 0.0, 0.0, 0.0, 1.0],
                [0.502173, 0.0, -0.864767, -0.102343, -0.864767, 0.0, -0.502173, 7.309545, 0.0, 1.0, 0.0, 0.492933, 0.0, 0.0, 0.0, 1.0],
                [0.502173, 0.0, -0.864767, -0.102343, -0.864767, 0.0, -0.502173, 7.313999, 0.0, 1.0, 0.0, 0.492933, 0.0, 0.0, 0.0, 1.0],
                [0.502173, 0.0, -0.864767, -0.102343, -0.864767, 0.0, -0.502173, 7.318188, 0.0, 1.0, 0.0, 0.492933, 0.0, 0.0, 0.0, 1.0],
                [0.502173, 0.0, -0.864767, -0.102343, -0.864767, 0.0, -0.502173, 7.322131, 0.0, 1.0, 0.0, 0.492933, 0.0, 0.0, 0.0, 1.0],
                [0.502173, 0.0, -0.864767, -0.102343, -0.864767, 0.0, -0.502173, 7.325848, 0.0, 1.0, 0.0, 0.492933, 0.0, 0.0, 0.0, 1.0],
                [0.502173, 0.0, -0.864767, -0.102343, -0.864767, 0.0, -0.502173, 7.329352, 0.0, 1.0, 0.0, 0.492933, 0.0, 0.0, 0.0, 1.0],
                [0.502173, 0.0, -0.864767, -0.102343, -0.864767, 0.0, -0.502173, 7.332662, 0.0, 1.0, 0.0, 0.492933, 0.0, 0.0, 0.0, 1.0],
                [0.502173, 0.0, -0.864767, -0.102343, -0.864767, 0.0, -0.502173, 7.335786, 0.0, 1.0, 0.0, 0.492933, 0.0, 0.0, 0.0, 1.0],
                [0.502173, 0.0, -0.864767, -0.102343, -0.864767, 0.0, -0.502173, 7.338738, 0.0, 1.0, 0.0, 0.492933, 0.0, 0.0, 0.0, 1.0],
                [0.502173, 0.0, -0.864767, -0.102343, -0.864767, 0.0, -0.502173, 7.341528, 0.0, 1.0, 0.0, 0.492933, 0.0, 0.0, 0.0, 1.0],
                [0.502173, 0.0, -0.864767, -0.102343, -0.864767, 0.0, -0.502173, 7.344167, 0.0, 1.0, 0.0, 0.492933, 0.0, 0.0, 0.0, 1.0],
                [0.502173, 0.0, -0.864767, -0.102343, -0.864767, 0.0, -0.502173, 7.346662, 0.0, 1.0, 0.0, 0.492933, 0.0, 0.0, 0.0, 1.0],
                [0.502173, 0.0, -0.864767, -0.102343, -0.864767, 0.0, -0.502173, 7.34902, 0.0, 1.0, 0.0, 0.492933, 0.0, 0.0, 0.0, 1.0],
                [0.502173, 0.0, -0.864767, -0.102343, -0.864767, 0.0, -0.502173, 7.351252, 0.0, 1.0, 0.0, 0.492933, 0.0, 0.0, 0.0, 1.0],
                [0.502173, 0.0, -0.864767, -0.102343, -0.864767, 0.0, -0.502173, 7.353362, 0.0, 1.0, 0.0, 0.492933, 0.0, 0.0, 0.0, 1.0],
                [0.502173, 0.0, -0.864767, -0.102343, -0.864767, 0.0, -0.502173, 7.355357, 0.0, 1.0, 0.0, 0.492933, 0.0, 0.0, 0.0, 1.0],
                [0.502173, 0.0, -0.864767, -0.102343, -0.864767, 0.0, -0.502173, 7.357243, 0.0, 1.0, 0.0, 0.492933, 0.0, 0.0, 0.0, 1.0],
                [0.502173, 0.0, -0.864767, -0.102343, -0.864767, 0.0, -0.502173, 7.359025, 0.0, 1.0, 0.0, 0.492933, 0.0, 0.0, 0.0, 1.0],
                [0.502173, 0.0, -0.864767, -0.102343, -0.864767, 0.0, -0.502173, 7.36071, 0.0, 1.0, 0.0, 0.492933, 0.0, 0.0, 0.0, 1.0],
                [0.502173, 0.0, -0.864767, -0.102343, -0.864767, 0.0, -0.502173, 7.3623, 0.0, 1.0, 0.0, 0.492933, 0.0, 0.0, 0.0, 1.0],
                [0.502173, 0.0, -0.864767, -0.102343, -0.864767, 0.0, -0.502173, 7.363801, 0.0, 1.0, 0.0, 0.492933, 0.0, 0.0, 0.0, 1.0],
                [0.502173, 0.0, -0.864767, -0.102343, -0.864767, 0.0, -0.502173, 7.365216, 0.0, 1.0, 0.0, 0.492933, 0.0, 0.0, 0.0, 1.0],
                [0.502173, 0.0, -0.864767, -0.102343, -0.864767, 0.0, -0.502173, 7.366551, 0.0, 1.0, 0.0, 0.492933, 0.0, 0.0, 0.0, 1.0],
                [0.502173, 0.0, -0.864767, -0.102343, -0.864767, 0.0, -0.502173, 7.367808, 0.0, 1.0, 0.0, 0.492933, 0.0, 0.0, 0.0, 1.0],
                [0.502173, 0.0, -0.864767, -0.102343, -0.864767, 0.0, -0.502173, 7.368991, 0.0, 1.0, 0.0, 0.492933, 0.0, 0.0, 0.0, 1.0],
                [0.502173, 0.0, -0.864767, -0.102343, -0.864767, 0.0, -0.502173, 7.370104, 0.0, 1.0, 0.0, 0.492933, 0.0, 0.0, 0.0, 1.0],
                [0.502173, 0.0, -0.864767, -0.102343, -0.864767, 0.0, -0.502173, 7.371149, 0.0, 1.0, 0.0, 0.492933, 0.0, 0.0, 0.0, 1.0],
                [0.502173, 0.0, -0.864767, -0.102343, -0.864767, 0.0, -0.502173, 7.37213, 0.0, 1.0, 0.0, 0.492933, 0.0, 0.0, 0.0, 1.0],
                [0.502173, 0.0, -0.864767, -0.102343, -0.864767, 0.0, -0.502173, 7.373049, 0.0, 1.0, 0.0, 0.492933, 0.0, 0.0, 0.0, 1.0],
                [0.502173, 0.0, -0.864767, -0.102343, -0.864767, 0.0, -0.502173, 7.373909, 0.0, 1.0, 0.0, 0.492933, 0.0, 0.0, 0.0, 1.0],
                [0.502173, 0.0, -0.864767, -0.102343, -0.864767, 0.0, -0.502173, 7.374713, 0.0, 1.0, 0.0, 0.492933, 0.0, 0.0, 0.0, 1.0],
                [0.502173, 0.0, -0.864767, -0.102343, -0.864767, 0.0, -0.502173, 7.375463, 0.0, 1.0, 0.0, 0.492933, 0.0, 0.0, 0.0, 1.0],
                [0.502173, 0.0, -0.864767, -0.102343, -0.864767, 0.0, -0.502173, 7.376162, 0.0, 1.0, 0.0, 0.492933, 0.0, 0.0, 0.0, 1.0],
                [0.502173, 0.0, -0.864767, -0.102343, -0.864767, 0.0, -0.502173, 7.376811, 0.0, 1.0, 0.0, 0.492933, 0.0, 0.0, 0.0, 1.0],
                [0.502173, 0.0, -0.864767, -0.102343, -0.864767, 0.0, -0.502173, 7.377414, 0.0, 1.0, 0.0, 0.492933, 0.0, 0.0, 0.0, 1.0],
                [0.502173, 0.0, -0.864767, -0.102343, -0.864767, 0.0, -0.502173, 7.377972, 0.0, 1.0, 0.0, 0.492933, 0.0, 0.0, 0.0, 1.0],
                [0.502173, 0.0, -0.864767, -0.102343, -0.864767, 0.0, -0.502173, 7.378487, 0.0, 1.0, 0.0, 0.492933, 0.0, 0.0, 0.0, 1.0],
                [0.502173, 0.0, -0.864767, -0.102343, -0.864767, 0.0, -0.502173, 7.378961, 0.0, 1.0, 0.0, 0.492933, 0.0, 0.0, 0.0, 1.0],
                [0.502173, 0.0, -0.864767, -0.102343, -0.864767, 0.0, -0.502173, 7.379397, 0.0, 1.0, 0.0, 0.492933, 0.0, 0.0, 0.0, 1.0],
                [0.502173, 0.0, -0.864767, -0.102343, -0.864767, 0.0, -0.502173, 7.379796, 0.0, 1.0, 0.0, 0.492933, 0.0, 0.0, 0.0, 1.0],
                [0.502173, 0.0, -0.864767, -0.102343, -0.864767, 0.0, -0.502173, 7.380159, 0.0, 1.0, 0.0, 0.492933, 0.0, 0.0, 0.0, 1.0],
                [0.502173, 0.0, -0.864767, -0.102343, -0.864767, 0.0, -0.502173, 7.38049, 0.0, 1.0, 0.0, 0.492933, 0.0, 0.0, 0.0, 1.0],
                [0.502173, 0.0, -0.864767, -0.102343, -0.864767, 0.0, -0.502173, 7.380789, 0.0, 1.0, 0.0, 0.492933, 0.0, 0.0, 0.0, 1.0],
                [0.502173, 0.0, -0.864767, -0.102343, -0.864767, 0.0, -0.502173, 7.381058, 0.0, 1.0, 0.0, 0.492933, 0.0, 0.0, 0.0, 1.0],
                [0.502173, 0.0, -0.864767, -0.102343, -0.864767, 0.0, -0.502173, 7.381299, 0.0, 1.0, 0.0, 0.492933, 0.0, 0.0, 0.0, 1.0],
                [0.502173, 0.0, -0.864767, -0.102343, -0.864767, 0.0, -0.502173, 7.381512, 0.0, 1.0, 0.0, 0.492933, 0.0, 0.0, 0.0, 1.0],
                [0.502173, 0.0, -0.864767, -0.102343, -0.864767, 0.0, -0.502173, 7.381702, 0.0, 1.0, 0.0, 0.492933, 0.0, 0.0, 0.0, 1.0],
                [0.502173, 0.0, -0.864767, -0.102343, -0.864767, 0.0, -0.502173, 7.381867, 0.0, 1.0, 0.0, 0.492933, 0.0, 0.0, 0.0, 1.0],
                [0.502173, 0.0, -0.864767, -0.102343, -0.864767, 0.0, -0.502173, 7.382012, 0.0, 1.0, 0.0, 0.492933, 0.0, 0.0, 0.0, 1.0],
                [0.502173, 0.0, -0.864767, -0.102343, -0.864767, 0.0, -0.502173, 7.382135, 0.0, 1.0, 0.0, 0.492933, 0.0, 0.0, 0.0, 1.0],
                [0.502173, 0.0, -0.864767, -0.102343, -0.864767, 0.0, -0.502173, 7.38224, 0.0, 1.0, 0.0, 0.492933, 0.0, 0.0, 0.0, 1.0],
                [0.502173, 0.0, -0.864767, -0.102343, -0.864767, 0.0, -0.502173, 7.382329, 0.0, 1.0, 0.0, 0.492933, 0.0, 0.0, 0.0, 1.0],
                [0.502173, 0.0, -0.864767, -0.102343, -0.864767, 0.0, -0.502173, 7.3824, 0.0, 1.0, 0.0, 0.492933, 0.0, 0.0, 0.0, 1.0],
                [0.502173, 0.0, -0.864767, -0.102343, -0.864767, 0.0, -0.502173, 7.382458, 0.0, 1.0, 0.0, 0.492933, 0.0, 0.0, 0.0, 1.0],
                [0.502173, 0.0, -0.864767, -0.102343, -0.864767, 0.0, -0.502173, 7.382504, 0.0, 1.0, 0.0, 0.492933, 0.0, 0.0, 0.0, 1.0],
                [0.502173, 0.0, -0.864767, -0.102343, -0.864767, 0.0, -0.502173, 7.382538, 0.0, 1.0, 0.0, 0.492933, 0.0, 0.0, 0.0, 1.0],
                [0.502173, 0.0, -0.864767, -0.102343, -0.864767, 0.0, -0.502173, 7.382563, 0.0, 1.0, 0.0, 0.492933, 0.0, 0.0, 0.0, 1.0],
                [0.502173, 0.0, -0.864767, -0.102343, -0.864767, 0.0, -0.502173, 7.382578, 0.0, 1.0, 0.0, 0.492933, 0.0, 0.0, 0.0, 1.0],
                [0.502173, 0.0, -0.864767, -0.102343, -0.864767, 0.0, -0.502173, 7.382589, 0.0, 1.0, 0.0, 0.492933, 0.0, 0.0, 0.0, 1.0],
                [0.502173, 0.0, -0.864767, -0.102343, -0.864767, 0.0, -0.502173, 7.382594, 0.0, 1.0, 0.0, 0.492933, 0.0, 0.0, 0.0, 1.0],
                [0.502173, 0.0, -0.864767, -0.102343, -0.864767, 0.0, -0.502173, 7.382596, 0.0, 1.0, 0.0, 0.492933, 0.0, 0.0, 0.0, 1.0],
                [0.502173, 0.0, -0.864767, -0.102343, -0.864767, 0.0, -0.502173, 7.382596, 0.0, 1.0, 0.0, 0.492933, 0.0, 0.0, 0.0, 1.0],
                [0.503033, 0.0, -0.864267, -0.101827, -0.864267, 0.0, -0.503033, 7.382902, 0.0, 1.0, 0.0, 0.493351, 0.0, 0.0, 0.0, 1.0],
                [0.505626, 0.0, -0.862753, -0.100278, -0.862753, 0.0, -0.505626, 7.383827, 0.0, 1.0, 0.0, 0.494611, 0.0, 0.0, 0.0, 1.0],
                [0.509958, 0.0, -0.860199, -0.097706, -0.860199, 0.0, -0.509958, 7.38539, 0.0, 1.0, 0.0, 0.496721, 0.0, 0.0, 0.0, 1.0],
                [0.516026, 0.0, -0.856573, -0.094137, -0.856573, 0.0, -0.516026, 7.387613, 0.0, 1.0, 0.0, 0.499683, 0.0, 0.0, 0.0, 1.0],
                [0.523807, 0.0, -0.851837, -0.089619, -0.851837, 0.0, -0.523807, 7.390522, 0.0, 1.0, 0.0, 0.503497, 0.0, 0.0, 0.0, 1.0],
                [0.533264, 0.0, -0.845949, -0.08422, -0.845949, 0.0, -0.533264, 7.394146, 0.0, 1.0, 0.0, 0.508155, 0.0, 0.0, 0.0, 1.0],
                [0.544338, 0.0, -0.838866, -0.078027, -0.838866, 0.0, -0.544338, 7.398516, 0.0, 1.0, 0.0, 0.513642, 0.0, 0.0, 0.0, 1.0],
                [0.556948, 0.0, -0.830548, -0.071149, -0.830548, 0.0, -0.556948, 7.403656, 0.0, 1.0, 0.0, 0.519936, 0.0, 0.0, 0.0, 1.0],
                [0.57099, 0.0, -0.820957, -0.063715, -0.820957, 0.0, -0.57099, 7.409586, 0.0, 1.0, 0.0, 0.527008, 0.0, 0.0, 0.0, 1.0],
                [0.586337, 0.0, -0.810068, -0.05587, -0.810068, 0.0, -0.586337, 7.416319, 0.0, 1.0, 0.0, 0.534819, 0.0, 0.0, 0.0, 1.0],
                [0.602836, 0.0, -0.797866, -0.047778, -0.797866, 0.0, -0.602836, 7.423854, 0.0, 1.0, 0.0, 0.543321, 0.0, 0.0, 0.0, 1.0],
                [0.620311, 0.0, -0.784356, -0.039608, -0.784356, 0.0, -0.620311, 7.432176, 0.0, 1.0, 0.0, 0.552455, 0.0, 0.0, 0.0, 1.0],
                [0.638568, 0.0, -0.769566, -0.031539, -0.769566, 0.0, -0.638568, 7.441246, 0.0, 1.0, 0.0, 0.562154, 0.0, 0.0, 0.0, 1.0],
                [0.657391, 0.0, -0.753549, -0.023746, -0.753549, 0.0, -0.657391, 7.451011, 0.0, 1.0, 0.0, 0.57234, 0.0, 0.0, 0.0, 1.0],
                [0.676557, 0.0, -0.736391, -0.016397, -0.736391, 0.0, -0.676557, 7.461393, 0.0, 1.0, 0.0, 0.582927, 0.0, 0.0, 0.0, 1.0],
                [0.695833, 0.0, -0.718204, -0.009643, -0.718204, 0.0, -0.695833, 7.472294, 0.0, 1.0, 0.0, 0.593823, 0.0, 0.0, 0.0, 1.0],
                [0.71499, 0.0, -0.699135, -0.003614, -0.699135, 0.0, -0.71499, 7.483595, 0.0, 1.0, 0.0, 0.604929, 0.0, 0.0, 0.0, 1.0],
                [0.733806, 0.0, -0.679359, 0.001589, -0.679359, 0.0, -0.733806, 7.495167, 0.0, 1.0, 0.0, 0.61614, 0.0, 0.0, 0.0, 1.0],
                [0.752075, 0.0, -0.659077, 0.005899, -0.659077, 0.0, -0.752075, 7.506863, 0.0, 1.0, 0.0, 0.62735, 0.0, 0.0, 0.0, 1.0],
                [0.769613, 0.0, -0.63851, 0.009284, -0.63851, 0.0, -0.769613, 7.518538, 0.0, 1.0, 0.0, 0.638456, 0.0, 0.0, 0.0, 1.0],
                [0.786263, 0.0, -0.617892, 0.011747, -0.617892, 0.0, -0.786263, 7.530044, 0.0, 1.0, 0.0, 0.649352, 0.0, 0.0, 0.0, 1.0],
                [0.801896, 0.0, -0.597463, 0.013326, -0.597463, 0.0, -0.801896, 7.541239, 0.0, 1.0, 0.0, 0.659939, 0.0, 0.0, 0.0, 1.0],
                [0.816417, 0.0, -0.577463, 0.014089, -0.577463, 0.0, -0.816417, 7.551995, 0.0, 1.0, 0.0, 0.670125, 0.0, 0.0, 0.0, 1.0],
                [0.829758, 0.0, -0.558123, 0.01413, -0.558123, 0.0, -0.829758, 7.562198, 0.0, 1.0, 0.0, 0.679824, 0.0, 0.0, 0.0, 1.0],
                [0.841883, 0.0, -0.539659, 0.013558, -0.539659, 0.0, -0.841883, 7.571751, 0.0, 1.0, 0.0, 0.688958, 0.0, 0.0, 0.0, 1.0],
                [0.85278, 0.0, -0.522271, 0.012499, -0.522271, 0.0, -0.85278, 7.580575, 0.0, 1.0, 0.0, 0.69746, 0.0, 0.0, 0.0, 1.0],
                [0.862456, 0.0, -0.506131, 0.01108, -0.506131, 0.0, -0.862456, 7.588614, 0.0, 1.0, 0.0, 0.705271, 0.0, 0.0, 0.0, 1.0],
                [0.870938, 0.0, -0.491393, 0.009431, -0.491393, 0.0, -0.870938, 7.595826, 0.0, 1.0, 0.0, 0.712343, 0.0, 0.0, 0.0, 1.0],
                [0.878262, 0.0, -0.47818, 0.007673, -0.47818, 0.0, -0.878262, 7.602181, 0.0, 1.0, 0.0, 0.718638, 0.0, 0.0, 0.0, 1.0],
                [0.884471, 0.0, -0.466595, 0.00592, -0.466595, 0.0, -0.884471, 7.607671, 0.0, 1.0, 0.0, 0.724124, 0.0, 0.0, 0.0, 1.0],
                [0.889614, 0.0, -0.456713, 0.004273, -0.456713, 0.0, -0.889614, 7.612288, 0.0, 1.0, 0.0, 0.728782, 0.0, 0.0, 0.0, 1.0],
                [0.893738, 0.0, -0.44859, 0.002814, -0.44859, 0.0, -0.893738, 7.616041, 0.0, 1.0, 0.0, 0.732596, 0.0, 0.0, 0.0, 1.0],
                [0.896886, 0.0, -0.442261, 0.001614, -0.442261, 0.0, -0.896886, 7.618935, 0.0, 1.0, 0.0, 0.735558, 0.0, 0.0, 0.0, 1.0],
                [0.899099, 0.0, -0.437745, 0.000724, -0.437745, 0.0, -0.899099, 7.620986, 0.0, 1.0, 0.0, 0.737668, 0.0, 0.0, 0.0, 1.0],
                [0.900409, 0.0, -0.435044, 0.000179, -0.435044, 0.0, -0.900409, 7.622207, 0.0, 1.0, 0.0, 0.738928, 0.0, 0.0, 0.0, 1.0],
                [0.900842, 0.0, -0.434148, -5e-06, -0.434148, 0.0, -0.900842, 7.622611, 0.0, 1.0, 0.0, 0.739346, 0.0, 0.0, 0.0, 1.0]
            ]
        },
        {
            "name": "Thigh_R",
            "time": [0.0, 0.0167, 0.0333, 0.05, 0.0667, 0.0833, 0.1, 0.1167, 0.1333, 0.15, 0.1667, 0.1833, 0.2, 0.2167, 0.2333, 0.25, 0.2667, 0.2833, 0.3, 0.3167, 0.3333, 0.35, 0.3667, 0.3833, 0.4, 0.4167, 0.4333, 0.45, 0.4667, 0.4833, 0.5, 0.5167, 0.5333, 0.55, 0.5667, 0.5833, 0.6, 0.6167, 0.6333, 0.65, 0.6667, 0.6833, 0.7, 0.7167, 0.7333, 0.75, 0.7667, 0.7833, 0.8, 0.8167, 0.8333, 0.85, 0.8667, 0.8833, 0.9, 0.9167, 0.9333, 0.95, 0.9667, 0.9833, 1.0, 1.0167, 1.0333, 1.05, 1.0667, 1.0833, 1.1, 1.1167, 1.1333, 1.15, 1.1667, 1.1833, 1.2, 1.2167, 1.2333, 1.25, 1.2667, 1.2833, 1.3, 1.3167, 1.3333, 1.35, 1.3667, 1.3833, 1.4, 1.4167, 1.4333, 1.45, 1.4667, 1.4833, 1.5, 1.5167, 1.5333, 1.55, 1.5667, 1.5833, 1.6, 1.6167, 1.6333, 1.65, 1.6667, 1.6833, 1.7, 1.7167, 1.7333, 1.75, 1.7667, 1.7833, 1.8, 1.8167, 1.8333, 1.85, 1.8667, 1.8833, 1.9, 1.9167, 1.9333, 1.95, 1.9667, 1.9833, 2.0, 2.0167, 2.0333, 2.05, 2.0667, 2.0833, 2.1, 2.1167, 2.1333, 2.15, 2.1667, 2.1833, 2.2, 2.2167, 2.2333, 2.25, 2.2667, 2.2833, 2.3, 2.3167, 2.3333, 2.35, 2.3667, 2.3833, 2.4, 2.4167, 2.4333, 2.45, 2.4667, 2.4833, 2.5, 2.5167, 2.5333, 2.55, 2.5667, 2.5833, 2.6, 2.6167, 2.6333, 2.65, 2.6667, 2.6833, 2.7, 2.7167, 2.7333, 2.75, 2.7667, 2.7833, 2.8, 2.8167, 2.8333, 2.85, 2.8667, 2.8833, 2.9, 2.9167, 2.9333, 2.95, 2.9667, 2.9833, 3.0, 3.0167, 3.0333, 3.05, 3.0667, 3.0833, 3.1, 3.1167, 3.1333, 3.15, 3.1667, 3.1833, 3.2, 3.2167, 3.2333, 3.25, 3.2667, 3.2833, 3.3, 3.3167, 3.3333, 3.35, 3.3667, 3.3833, 3.4, 3.4167, 3.4333, 3.45, 3.4667, 3.4833, 3.5, 3.5167, 3.5333, 3.55, 3.5667, 3.5833, 3.6, 3.6167, 3.6333, 3.65, 3.6667, 3.6833, 3.7, 3.7167, 3.7333, 3.75, 3.7667, 3.7833, 3.8, 3.8167, 3.8333, 3.85, 3.8667, 3.8833, 3.9, 3.9167, 3.9333, 3.95, 3.9667, 3.9833, 4.0, 4.0167, 4.0333, 4.05, 4.0667, 4.0833, 4.1],
            "transform": [
                [0.990703, 0.115138, 0.072456, 0.124994, 0.119659, -0.99091, -0.061465, -0.002831, 0.064723, 0.069573, -0.995437, -1.2e-05, 0.0, 0.0, 0.0, 1.0],
                [0.990703, 0.115138, 0.072456, 0.124994, 0.119659, -0.99091, -0.061466, -0.002831, 0.064722, 0.069574, -0.995437, -1.2e-05, 0.0, 0.0, 0.0, 1.0],
                [0.990703, 0.115138, 0.072456, 0.124994, 0.119658, -0.99091, -0.061466, -0.002831, 0.064722, 0.069574, -0.995437, -1.2e-05, 0.0, 0.0, 0.0, 1.0],
                [0.990703, 0.115138, 0.072456, 0.124994, 0.119658, -0.99091, -0.061467, -0.002831, 0.064723, 0.069575, -0.995437, -1.2e-05, 0.0, 0.0, 0.0, 1.0],
                [0.990703, 0.115138, 0.072456, 0.124994, 0.119658, -0.99091, -0.061466, -0.002831, 0.064722, 0.069574, -0.995437, -1.2e-05, 0.0, 0.0, 0.0, 1.0],
                [0.990703, 0.115138, 0.072456, 0.124994, 0.119659, -0.99091, -0.061466, -0.002831, 0.064723, 0.069574, -0.995437, -1.2e-05, 0.0, 0.0, 0.0, 1.0],
                [0.990703, 0.115138, 0.072456, 0.124994, 0.119659, -0.99091, -0.061465, -0.002831, 0.064723, 0.069573, -0.995437, -1.2e-05, 0.0, 0.0, 0.0, 1.0],
                [0.990703, 0.115138, 0.072456, 0.124994, 0.119659, -0.99091, -0.061466, -0.002831, 0.064723, 0.069574, -0.995437, -1.2e-05, 0.0, 0.0, 0.0, 1.0],
                [0.990704, 0.115138, 0.072456, 0.124994, 0.119659, -0.99091, -0.061466, -0.002831, 0.064723, 0.069574, -0.995437, -1.2e-05, 0.0, 0.0, 0.0, 1.0],
                [0.990704, 0.115138, 0.072456, 0.124994, 0.119659, -0.99091, -0.061466, -0.002831, 0.064723, 0.069574, -0.995437, -1.2e-05, 0.0, 0.0, 0.0, 1.0],
                [0.990703, 0.115138, 0.072456, 0.124994, 0.119658, -0.99091, -0.061465, -0.002831, 0.064722, 0.069573, -0.995437, -1.2e-05, 0.0, 0.0, 0.0, 1.0],
                [0.990703, 0.115138, 0.072456, 0.124994, 0.119659, -0.99091, -0.061467, -0.002831, 0.064722, 0.069575, -0.995437, -1.2e-05, 0.0, 0.0, 0.0, 1.0],
                [0.990703, 0.115138, 0.072456, 0.124994, 0.119659, -0.99091, -0.061466, -0.002831, 0.064722, 0.069574, -0.995437, -1.2e-05, 0.0, 0.0, 0.0, 1.0],
                [0.990703, 0.115138, 0.072456, 0.124994, 0.119659, -0.99091, -0.061466, -0.002831, 0.064723, 0.069573, -0.995438, -1.2e-05, 0.0, 0.0, 0.0, 1.0],
                [0.990703, 0.115138, 0.072456, 0.124994, 0.119659, -0.99091, -0.061467, -0.002831, 0.064722, 0.069575, -0.995437, -1.2e-05, 0.0, 0.0, 0.0, 1.0],
                [0.990703, 0.115138, 0.072456, 0.124994, 0.119659, -0.99091, -0.061467, -0.002831, 0.064722, 0.069575, -0.995437, -1.2e-05, 0.0, 0.0, 0.0, 1.0],
