{
    "animation": [
        {
            "name": "Root",
            "time": [0.0, 6.0],
            "transform": [
                [0.61045, 0.0, -0.792055, -5e-06, -0.792055, 0.0, -0.61045, 0.000946, 0.0, 1.0, 0.0, 0.739346, 0.0, 0.0, 0.0, 1.0],
                [0.61045, 0.0, -0.792055, -5e-06, -0.792055, 0.0, -0.61045, 0.000946, 0.0, 1.0, 0.0, 0.739346, 0.0, 0.0, 0.0, 1.0]
            ]
        },
        {
            "name": "Thigh_R",
            "time": [0.0, 6.0],
            "transform": [
                [0.915837, 0.093557, -0.390486, 0.124994, 0.133399, -0.988134, 0.076126, -0.002831, -0.378745, -0.121805, -0.917415, -1.2e-05, 0.0, 0.0, 0.0, 1.0],
                [0.915837, 0.093557, -0.390486, 0.124994, 0.133399, -0.988134, 0.076126, -0.002831, -0.378745, -0.121805, -0.917415, -1.2e-05, 0.0, 0.0, 0.0, 1.0]
            ]
        },
        {
            "name": "Leg_R",
            "time": [0.0, 6.0],
            "transform": [
                [0.999999, -0.000399, -0.000189, 0.0, 0.00044, 0.934073, 0.357071, 0.375166, 3.4e-05, -0.357086, 0.934077, -0.0, 0.0, 0.0, 0.0, 1.0],
                [0.999999, -0.000399, -0.000189, 0.0, 0.00044, 0.934073, 0.357071, 0.375166, 3.4e-05, -0.357086, 0.934077, -0.0, 0.0, 0.0, 0.0, 1.0]
            ]
        },
        {
            "name": "Knee_R",
            "time": [0.0, 6.0],
            "transform": [
                [1.0, -5.7e-05, 5.4e-05, 0.0, 5.7e-05, 0.048757, -0.998811, 0.375166, 5.4e-05, 0.998811, 0.048757, -0.0, 0.0, 0.0, 0.0, 1.0],
                [1.0, -5.7e-05, 5.4e-05, 0.0, 5.7e-05, 0.048757, -0.998811, 0.375166, 5.4e-05, 0.998811, 0.048757, -0.0, 0.0, 0.0, 0.0, 1.0]
            ]
        },
        {
            "name": "Thigh_L",
            "time": [0.0, 6.0],
            "transform": [
                [0.720463, -0.24415, -0.649062, -0.125006, 0.00303, -0.93486, 0.354997, -0.002831, -0.693487, -0.257731, -0.672759, -1.2e-05, 0.0, 0.0, 0.0, 1.0],
                [0.720463, -0.24415, -0.649062, -0.125006, 0.00303, -0.93486, 0.354997, -0.002831, -0.693487, -0.257731, -0.672759, -1.2e-05, 0.0, 0.0, 0.0, 1.0]
            ]
        },
        {
            "name": "Leg_L",
            "time": [0.0, 6.0],
            "transform": [
                [1.0, 1e-06, 1e-06, 0.0, -1e-06, 0.90547, 0.424394, 0.375166, -0.0, -0.424418, 0.905476, 0.0, 0.0, 0.0, 0.0, 1.0],
                [1.0, 1e-06, 1e-06, 0.0, -1e-06, 0.90547, 0.424394, 0.375166, -0.0, -0.424418, 0.905476, 0.0, 0.0, 0.0, 0.0, 1.0]
            ]
        },
        {
            "name": "Knee_L",
            "time": [0.0, 6.0],
            "transform": [
                [1.0, 0.0, -0.0, 0.0, -0.0, 0.048757, -0.998811, 0.375166, -0.0, 0.998811, 0.048757, 0.0, 0.0, 0.0, 0.0, 1.0],
                [1.0, 0.0, -0.0, 0.0, -0.0, 0.048757, -0.998811, 0.375166, -0.0, 0.998811, 0.048757, 0.0, 0.0, 0.0, 0.0, 1.0]
            ]
        },
        {
            "name": "Torso",
            "time": [0.0, 6.0],
            "transform": [
                [0.906214, 0.144276, 0.397442, -0.0, 0.0, 0.939982, -0.341224, 0.05, -0.422819, 0.309222, 0.851825, -0.0, 0.0, 0.0, 0.0, 1.0],
                [0.906214, 0.144276, 0.397442, -0.0, 0.0, 0.939982, -0.341224, 0.05, -0.422819, 0.309222, 0.851825, -0.0, 0.0, 0.0, 0.0, 1.0]
            ]
        },
        {
            "name": "Chest",
            "time": [0.0, 6.0],
            "transform": [
                [0.999476, 0.031909, 0.005435, -0.0, -0.030756, 0.88388, 0.466701, 0.304568, 0.010088, -0.466624, 0.884398, -0.0, 0.0, 0.0, 0.0, 1.0],
                [0.999476, 0.031909, 0.005435, -0.0, -0.030756, 0.88388, 0.466701, 0.304568, 0.010088, -0.466624, 0.884398, -0.0, 0.0, 0.0, 0.0, 1.0]
            ]
        },
        {
            "name": "Head",
            "time": [0.0, 0.0167, 0.0333, 0.05, 0.0667, 0.0833, 0.1, 0.1167, 0.1333, 0.15, 0.1667, 0.1833, 0.2, 0.2167, 0.2333, 0.25, 0.2667, 0.2833, 0.3, 0.3167, 0.3333, 0.35, 0.3667, 0.3833, 0.4, 0.4167, 0.4333, 0.45, 0.4667, 0.4833, 0.5, 0.5167, 0.5333, 0.55, 0.5667, 0.5833, 0.6, 0.6167, 0.6333, 0.65, 0.6667, 0.6833, 0.7, 0.7167, 0.7333, 0.75, 0.7667, 0.7833, 0.8, 0.8167, 0.8333, 0.85, 0.8667, 0.8833, 0.9, 0.9167, 0.9333, 0.95, 0.9667, 0.9833, 1.0, 1.0167, 1.0333, 1.05, 1.0667, 1.0833, 1.1, 1.1167, 1.1333, 1.15, 1.1667, 1.1833, 1.2, 1.2167, 1.2333, 1.25, 1.2667, 1.2833, 1.3, 1.3167, 1.3333, 1.35, 1.3667, 1.3833, 1.4, 1.4167, 1.4333, 1.45, 1.4667, 1.4833, 1.5, 1.5167, 1.5333, 1.55, 1.5667, 1.5833, 1.6, 1.6167, 1.6333, 1.65, 1.6667, 1.6833, 1.7, 1.7167, 1.7333, 1.75, 1.7667, 1.7833, 1.8, 1.8167, 1.8333, 1.85, 1.8667, 1.8833, 1.9, 1.9167, 1.9333, 1.95, 1.9667, 1.9833, 2.0, 2.0167, 2.0333, 2.05, 2.0667, 2.0833, 2.1, 2.1167, 2.1333, 2.15, 2.1667, 2.1833, 2.2, 2.2167, 2.2333, 2.25, 2.2667, 2.2833, 2.3, 2.3167, 2.3333, 2.35, 2.3667, 2.3833, 2.4, 2.4167, 2.4333, 2.45, 2.4667, 2.4833, 2.5, 2.5167, 2.5333, 2.55, 2.5667, 2.5833, 2.6, 2.6167, 2.6333, 2.65, 2.6667, 2.6833, 2.7, 2.7167, 2.7333, 2.75, 2.7667, 2.7833, 2.8, 2.8167, 2.8333, 2.85, 2.8667, 2.8833, 2.9, 2.9167, 2.9333, 2.95, 2.9667, 2.9833, 3.0, 3.0167, 3.0333, 3.05, 3.0667, 3.0833, 3.1, 3.1167, 3.1333, 3.15, 3.1667, 3.1833, 3.2, 3.2167, 3.2333, 3.25, 3.2667, 3.2833, 3.3, 3.3167, 3.3333, 3.35, 3.3667, 3.3833, 3.4, 3.4167, 3.4333, 3.45, 3.4667, 3.4833, 3.5, 3.5167, 3.5333, 3.55, 3.5667, 3.5833, 3.6, 3.6167, 3.6333, 3.65, 3.6667, 3.6833, 3.7, 3.7167, 3.7333, 3.75, 3.7667, 3.7833, 3.8, 3.8167, 3.8333, 3.85, 3.8667, 3.8833, 3.9, 3.9167, 3.9333, 3.95, 3.9667, 3.9833, 4.0, 4.0167, 4.0333, 4.05, 4.0667, 4.0833, 4.1, 4.1167, 4.1333, 4.15, 4.1667, 4.1833, 4.2, 4.2167, 4.2333, 4.25, 4.2667, 4.2833, 4.3, 4.3167, 4.3333, 4.35, 4.3667, 4.3833, 4.4, 4.4167, 4.4333, 4.45, 4.4667, 4.4833, 4.5, 4.5167, 4.5333, 4.55, 4.5667, 4.5833, 4.6, 4.6167, 4.6333, 4.65, 4.6667, 4.6833, 4.7, 4.7167, 4.7333, 4.75, 4.7667, 4.7833, 4.8, 4.8167, 4.8333, 4.85, 4.8667, 4.8833, 4.9, 4.9167, 4.9333, 4.95, 4.9667, 4.9833, 5.0, 5.0167, 5.0333, 5.05, 5.0667, 5.0833, 5.1, 5.1167, 5.1333, 5.15, 5.1667, 5.1833, 5.2, 5.2167, 5.2333, 5.25, 5.2667, 5.2833, 5.3, 5.3167, 5.3333, 5.35, 5.3667, 5.3833, 5.4, 5.4167, 5.4333, 5.45, 5.4667, 5.4833, 5.5, 5.5167, 5.5333, 5.55, 5.5667, 5.5833, 5.6, 5.6167, 5.6333, 5.65, 5.6667, 5.6833, 5.7, 5.7167, 5.7333, 5.75, 5.7667, 5.7833, 5.8, 5.8167, 5.8333, 5.85, 5.8667, 5.8833, 5.9, 5.9167, 5.9333, 5.95, 5.9667, 5.9833, 6.0],
            "transform": [
                [0.893702, -0.006071, 0.44862, -0.0, 0.05242, 0.994473, -0.090968, 0.403437, -0.445588, 0.104815, 0.889081, 0.0, 0.0, 0.0, 0.0, 1.0],
                [0.900684, -0.005721, 0.434438, -0.0, 0.05092, 0.994412, -0.092473, 0.403437, -0.431481, 0.10541, 0.895942, 0.0, 0.0, 0.0, 0.0, 1.0],
                [0.920408, -0.004725, 0.39093, -0.0, 0.04624, 0.994224, -0.096851, 0.403437, -0.388214, 0.107219, 0.915311, 0.0, 0.0, 0.0, 0.0, 1.0],
                [0.948427, -0.003283, 0.316978, 0.0, 0.038035, 0.993901, -0.10351, 0.403437, -0.314705, 0.110228, 0.942768, -0.0, 0.0, 0.0, 0.0, 1.0],
                [0.977028, -0.001732, 0.213104, 0.0, 0.026042, 0.993443, -0.111324, 0.403437, -0.211514, 0.114316, 0.970667, -0.0, 0.0, 0.0, 0.0, 1.0],
                [0.99655, -0.000463, 0.082993, 0.0, 0.010352, 0.992867, -0.118775, 0.403437, -0.082346, 0.119224, 0.989447, 0.0, 0.0, 0.0, 0.0, 1.0],
                [0.997843, 0.000189, -0.065645, 0.0, -0.008364, 0.992211, -0.124287, 0.403437, 0.065111, 0.124568, 0.990072, 0.0, 0.0, 0.0, 0.0, 1.0],
                [0.97518, 4.2e-05, -0.221414, -0.0, -0.0288, 0.991529, -0.126657, 0.403437, 0.219533, 0.12989, 0.96692, 0.0, 0.0, 0.0, 0.0, 1.0],
                [0.928598, -0.00087, -0.371087, -0.0, -0.049201, 0.99088, -0.125443, 0.403437, 0.367811, 0.134744, 0.920086, -0.0, 0.0, 0.0, 0.0, 1.0],
                [0.864423, -0.002321, -0.50276, 0.0, -0.067792, 0.990319, -0.121131, 0.403437, 0.498174, 0.138792, 0.855897, 0.0, 0.0, 0.0, 0.0, 1.0],
                [0.79258, -0.004014, -0.609754, 0.0, -0.083409, 0.989865, -0.114934, 0.403437, 0.604036, 0.141953, 0.784213, 0.0, 0.0, 0.0, 0.0, 1.0],
                [0.723429, -0.005675, -0.690376, 0.0, -0.095557, 0.989519, -0.108266, 0.403437, 0.683754, 0.144293, 0.715304, -0.0, 0.0, 0.0, 0.0, 1.0],
                [0.665315, -0.007081, -0.746529, -0.0, -0.104266, 0.989273, -0.102307, 0.403437, 0.739246, 0.145904, 0.65744, 0.0, 0.0, 0.0, 0.0, 1.0],
                [0.622631, -0.008115, -0.782474, 0.0, -0.109973, 0.989115, -0.097766, 0.403437, 0.774749, 0.146924, 0.614961, -0.0, 0.0, 0.0, 0.0, 1.0],
                [0.59687, -0.008735, -0.80229, -0.0, -0.11317, 0.989027, -0.094962, 0.403437, 0.794317, 0.147475, 0.589332, 0.0, 0.0, 0.0, 0.0, 1.0],
                [0.588309, -0.008939, -0.808587, 0.0, -0.114193, 0.989, -0.094018, 0.403437, 0.800533, 0.147646, 0.580817, 0.0, 0.0, 0.0, 0.0, 1.0],
                [0.588309, -0.008939, -0.808587, 0.0, -0.114193, 0.989, -0.094018, 0.403437, 0.800533, 0.147646, 0.580817, 0.0, 0.0, 0.0, 0.0, 1.0],
                [0.588309, -0.008939, -0.808587, 0.0, -0.114193, 0.989, -0.094018, 0.403437, 0.800533, 0.147646, 0.580817, 0.0, 0.0, 0.0, 0.0, 1.0],
                [0.588309, -0.008939, -0.808587, 0.0, -0.114193, 0.989, -0.094018, 0.403437, 0.800533, 0.147646, 0.580817, 0.0, 0.0, 0.0, 0.0, 1.0],
                [0.588309, -0.008939, -0.808587, 0.0, -0.114193, 0.989, -0.094018, 0.403437, 0.800533, 0.147646, 0.580817, 0.0, 0.0, 0.0, 0.0, 1.0],
                [0.588309, -0.008939, -0.808587, 0.0, -0.114193, 0.989, -0.094018, 0.403437, 0.800533, 0.147646, 0.580817, 0.0, 0.0, 0.0, 0.0, 1.0],
                [0.588309, -0.008939, -0.808587, 0.0, -0.114193, 0.989, -0.094018, 0.403437, 0.800533, 0.147646, 0.580817, 0.0, 0.0, 0.0, 0.0, 1.0],
                [0.588309, -0.008939, -0.808587, 0.0, -0.114193, 0.989, -0.094018, 0.403437, 0.800533, 0.147646, 0.580817, 0.0, 0.0, 0.0, 0.0, 1.0],
                [0.588309, -0.008939, -0.808587, 0.0, -0.114193, 0.989, -0.094018, 0.403437, 0.800533, 0.147646, 0.580817, 0.0, 0.0, 0.0, 0.0, 1.0],
                [0.588309, -0.008939, -0.808587, 0.0, -0.114193, 0.989, -0.094018, 0.403437, 0.800533, 0.147646, 0.580817, 0.0, 0.0, 0.0, 0.0, 1.0],
                [0.588309, -0.008939, -0.808587, 0.0, -0.114193, 0.989, -0.094018, 0.403437, 0.800533, 0.147646, 0.580817, 0.0, 0.0, 0.0, 0.0, 1.0],
                [0.588309, -0.008939, -0.808587, 0.0, -0.114193, 0.989, -0.094018, 0.403437, 0.800533, 0.147646, 0.580817, 0.0, 0.0, 0.0, 0.0, 1.0],
                [0.588309, -0.008939, -0.808587, 0.0, -0.114193, 0.989, -0.094018, 0.403437, 0.800533, 0.147646, 0.580817, 0.0, 0.0, 0.0, 0.0, 1.0],
                [0.588309, -0.008939, -0.808587, 0.0, -0.114193, 0.989, -0.094018, 0.403437, 0.800533, 0.147646, 0.580817, 0.0, 0.0, 0.0, 0.0, 1.0],
                [0.588309, -0.008939, -0.808587, 0.0, -0.114193, 0.989, -0.094018, 0.403437, 0.800533, 0.147646, 0.580817, 0.0, 0.0, 0.0, 0.0, 1.0],
                [0.588309, -0.008939, -0.808587, 0.0, -0.114193, 0.989, -0.094018, 0.403437, 0.800533, 0.147646, 0.580817, 0.0, 0.0, 0.0, 0.0, 1.0],
                [0.588309, -0.008939, -0.808587, 0.0, -0.114193, 0.989, -0.094018, 0.403437, 0.800533, 0.147646, 0.580817, 0.0, 0.0, 0.0, 0.0, 1.0],
                [0.588309, -0.008939, -0.808587, 0.0, -0.114193, 0.989, -0.094018, 0.403437, 0.800533, 0.147646, 0.580817, 0.0, 0.0, 0.0, 0.0, 1.0],
                [0.588309, -0.008939, -0.808587, 0.0, -0.114193, 0.989, -0.094018, 0.403437, 0.800533, 0.147646, 0.580817, 0.0, 0.0, 0.0, 0.0, 1.0],
                [0.588309, -0.008939, -0.808587, 0.0, -0.114193, 0.989, -0.094018, 0.403437, 0.800533, 0.147646, 0.580817, 0.0, 0.0, 0.0, 0.0, 1.0],
                [0.588309, -0.008939, -0.808587, 0.0, -0.114193, 0.989, -0.094018, 0.403437, 0.800533, 0.147646, 0.580817, 0.0, 0.0, 0.0, 0.0, 1.0],
                [0.588309, -0.008939, -0.808587, 0.0, -0.114193, 0.989, -0.094018, 0.403437, 0.800533, 0.147646, 0.580817, 0.0, 0.0, 0.0, 0.0, 1.0],
                [0.588309, -0.008939, -0.808587, 0.0, -0.114193, 0.989, -0.094018, 0.403437, 0.800533, 0.147646, 0.580817, 0.0, 0.0, 0.0, 0.0, 1.0],
                [0.588309, -0.008939, -0.808587, 0.0, -0.114193, 0.989, -0.094018, 0.403437, 0.800533, 0.147646, 0.580817, 0.0, 0.0, 0.0, 0.0, 1.0],
                [0.588309, -0.008939, -0.808587, 0.0, -0.114193, 0.989, -0.094018, 0.403437, 0.800533, 0.147646, 0.580817, 0.0, 0.0, 0.0, 0.0, 1.0],
                [0.588309, -0.008939, -0.808587, 0.0, -0.114193, 0.989, -0.094018, 0.403437, 0.800533, 0.147646, 0.580817, 0.0, 0.0, 0.0, 0.0, 1.0],
                [0.588309, -0.008939, -0.808587, 0.0, -0.114193, 0.989, -0.094018, 0.403437, 0.800533, 0.147646, 0.580817, 0.0, 0.0, 0.0, 0.0, 1.0],
                [0.588309, -0.008939, -0.808587, 0.0, -0.114193, 0.989, -0.094018, 0.403437, 0.800533, 0.147646, 0.580817, 0.0, 0.0, 0.0, 0.0, 1.0],
                [0.588309, -0.008939, -0.808587, 0.0, -0.114193, 0.989, -0.094018, 0.403437, 0.800533, 0.147646, 0.580817, 0.0, 0.0, 0.0, 0.0, 1.0],
                [0.588309, -0.008939, -0.808587, 0.0, -0.114193, 0.989, -0.094018, 0.403437, 0.800533, 0.147646, 0.580817, 0.0, 0.0, 0.0, 0.0, 1.0],
                [0.588309, -0.008939, -0.808587, 0.0, -0.114193, 0.989, -0.094018, 0.403437, 0.800533, 0.147646, 0.580817, 0.0, 0.0, 0.0, 0.0, 1.0],
                [0.588309, -0.008939, -0.808587, 0.0, -0.114193, 0.989, -0.094018, 0.403437, 0.800533, 0.147646, 0.580817, 0.0, 0.0, 0.0, 0.0, 1.0],
                [0.588309, -0.008939, -0.808587, 0.0, -0.114193, 0.989, -0.094018, 0.403437, 0.800533, 0.147646, 0.580817, 0.0, 0.0, 0.0, 0.0, 1.0],
                [0.588309, -0.008939, -0.808587, 0.0, -0.114193, 0.989, -0.094018, 0.403437, 0.800533, 0.147646, 0.580817, 0.0, 0.0, 0.0, 0.0, 1.0],
                [0.588309, -0.008939, -0.808587, 0.0, -0.114193, 0.989, -0.094018, 0.403437, 0.800533, 0.147646, 0.580817, 0.0, 0.0, 0.0, 0.0, 1.0],
                [0.588309, -0.008939, -0.808587, 0.0, -0.114193, 0.989, -0.094018, 0.403437, 0.800533, 0.147646, 0.580817, 0.0, 0.0, 0.0, 0.0, 1.0],
                [0.588309, -0.008939, -0.808587, 0.0, -0.114193, 0.989, -0.094018, 0.403437, 0.800533, 0.147646, 0.580817, 0.0, 0.0, 0.0, 0.0, 1.0],
                [0.588309, -0.008939, -0.808587, 0.0, -0.114193, 0.989, -0.094018, 0.403437, 0.800533, 0.147646, 0.580817, 0.0, 0.0, 0.0, 0.0, 1.0],
                [0.588309, -0.008939, -0.808587, 0.0, -0.114193, 0.989, -0.094018, 0.403437, 0.800533, 0.147646, 0.580817, 0.0, 0.0, 0.0, 0.0, 1.0],
                [0.588309, -0.008939, -0.808587, 0.0, -0.114193, 0.989, -0.094018, 0.403437, 0.800533, 0.147646, 0.580817, 0.0, 0.0, 0.0, 0.0, 1.0],
                [0.588309, -0.008939, -0.808587, 0.0, -0.114193, 0.989, -0.094018, 0.403437, 0.800533, 0.147646, 0.580817, 0.0, 0.0, 0.0, 0.0, 1.0],
                [0.588309, -0.008939, -0.808587, 0.0, -0.114193, 0.989, -0.094018, 0.403437, 0.800533, 0.147646, 0.580817, 0.0, 0.0, 0.0, 0.0, 1.0],
                [0.588309, -0.008939, -0.808587, 0.0, -0.114193, 0.989, -0.094018, 0.403437, 0.800533, 0.147646, 0.580817, 0.0, 0.0, 0.0, 0.0, 1.0],
                [0.588309, -0.008939, -0.808587, 0.0, -0.114193, 0.989, -0.094018, 0.403437, 0.800533, 0.147646, 0.580817, 0.0, 0.0, 0.0, 0.0, 1.0],
                [0.588309, -0.008939, -0.808587, 0.0, -0.114193, 0.989, -0.094018, 0.403437, 0.800533, 0.147646, 0.580817, 0.0, 0.0, 0.0, 0.0, 1.0],
                [0.588309, -0.008939, -0.808587, 0.0, -0.114193, 0.989, -0.094018, 0.403437, 0.800533, 0.147646, 0.580817, 0.0, 0.0, 0.0, 0.0, 1.0],
                [0.590696, -0.007712, -0.806857, 0.0, -0.112751, 0.989355, -0.092001, 0.403437, 0.798978, 0.145318, 0.583538, 0.0, 0.0, 0.0, 0.0, 1.0],
                [0.597931, -0.004041, -0.801537, 0.0, -0.108418, 0.99039, -0.08587, 0.403437, 0.794181, 0.138245, 0.591747, 0.0, 0.0, 0.0, 0.0, 1.0],
                [0.610093, 0.001966, -0.792327, 0.0, -0.101262, 0.99199, -0.075511, 0.403437, 0.785832, 0.126302, 0.605406, 0.0, 0.0, 0.0, 0.0, 1.0],
                [0.627166, 0.010052, -0.778821, 0.0, -0.091486, 0.993946, -0.060843, 0.403437, 0.773494, 0.10941, 0.624288, 0.0, 0.0, 0.0, 0.0, 1.0],
                [0.648964, 0.019788, -0.760562, -0.0, -0.079454, 0.995958, -0.041884, 0.403438, 0.756659, 0.087611, 0.647913, 0.0, 0.0, 0.0, 0.0, 1.0],
                [0.675044, 0.030564, -0.737144, 0.0, -0.06572, 0.997661, -0.018817, 0.403437, 0.734845, 0.061147, 0.675473, 0.0, 0.0, 0.0, 0.0, 1.0],
                [0.70463, 0.041615, -0.708354, 0.0, -0.051012, 0.998667, 0.007926, 0.403437, 0.707739, 0.03055, 0.705813, 0.0, 0.0, 0.0, 0.0, 1.0],
                [0.736585, 0.052095, -0.674336, -0.0, -0.036191, 0.998637, 0.037616, 0.403437, 0.675376, -0.003303, 0.737466, 0.0, 0.0, 0.0, 0.0, 1.0],
                [0.769479, 0.061202, -0.635733, 0.0, -0.022132, 0.997356, 0.069226, 0.403437, 0.638288, -0.039198, 0.768799, 0.0, 0.0, 0.0, 0.0, 1.0],
                [0.801758, 0.068324, -0.593731, 0.0, -0.0096, 0.994788, 0.101513, 0.403437, 0.597572, -0.075689, 0.798235, 0.0, 0.0, 0.0, 0.0, 1.0],
                [0.831975, 0.073152, -0.54997, -0.0, 0.000887, 0.991093, 0.133168, 0.403437, 0.554813, -0.111281, 0.824499, 0.0, 0.0, 0.0, 0.0, 1.0],
                [0.859012, 0.075717, -0.506326, 0.0, 0.009116, 0.986584, 0.163, 0.403438, 0.511875, -0.144635, 0.846797, 0.0, 0.0, 0.0, 0.0, 1.0],
                [0.882206, 0.076339, -0.464635, 0.0, 0.015163, 0.981653, 0.190075, 0.403437, 0.47062, -0.17473, 0.864862, 0.0, 0.0, 0.0, 0.0, 1.0],
                [0.901348, 0.075516, -0.426462, 0.0, 0.01932, 0.97669, 0.213782, 0.403437, 0.432665, -0.200932, 0.878879, 0.0, 0.0, 0.0, 0.0, 1.0],
                [0.916583, 0.073802, -0.392973, 0.0, 0.021983, 0.97203, 0.233827, 0.403438, 0.399239, -0.222961, 0.889324, 0.0, 0.0, 0.0, 0.0, 1.0],
                [0.928273, 0.071712, -0.36492, -0.0, 0.023565, 0.967919, 0.250154, 0.403437, 0.371152, -0.24081, 0.896804, 0.0, 0.0, 0.0, 0.0, 1.0],
                [0.936859, 0.069666, -0.342699, -0.0, 0.024431, 0.964523, 0.262865, 0.403438, 0.348854, -0.25464, 0.90192, 0.0, 0.0, 0.0, 0.0, 1.0],
                [0.942766, 0.067978, -0.326452, 0.0, 0.024874, 0.961937, 0.272138, 0.403437, 0.332526, -0.264683, 0.905191, 0.0, 0.0, 0.0, 0.0, 1.0],
                [0.946346, 0.066853, -0.316163, 0.0, 0.025099, 0.960206, 0.278164, 0.403437, 0.322178, -0.271175, 0.907009, 0.0, 0.0, 0.0, 0.0, 1.0],
                [0.947846, 0.06641, -0.311734, 0.0, 0.025237, 0.959344, 0.28111, 0.403438, 0.317728, -0.274316, 0.907634, 0.0, 0.0, 0.0, 0.0, 1.0],
                [0.948367, 0.066325, -0.310163, 0.0, 0.025357, 0.958907, 0.282585, 0.403438, 0.31616, -0.275859, 0.907714, 0.0, 0.0, 0.0, 0.0, 1.0],
                [0.948905, 0.066234, -0.308534, 0.0, 0.025479, 0.958452, 0.284113, 0.403438, 0.314533, -0.277457, 0.907792, 0.0, 0.0, 0.0, 0.0, 1.0],
                [0.949458, 0.066136, -0.306849, 0.0, 0.025601, 0.95798, 0.28569, 0.403437, 0.31285, -0.279106, 0.907868, 0.0, 0.0, 0.0, 0.0, 1.0],
                [0.950024, 0.066032, -0.305114, 0.0, 0.025724, 0.957492, 0.287311, 0.403437, 0.311116, -0.280801, 0.907942, 0.0, 0.0, 0.0, 0.0, 1.0],
                [0.950602, 0.065921, -0.303334, 0.0, 0.025846, 0.956989, 0.288971, 0.403437, 0.309336, -0.282536, 0.908011, 0.0, 0.0, 0.0, 0.0, 1.0],
                [0.951189, 0.065804, -0.301512, 0.0, 0.025967, 0.956472, 0.290666, 0.403437, 0.307515, -0.284307, 0.908077, 0.0, 0.0, 0.0, 0.0, 1.0],
                [0.951784, 0.065681, -0.299656, 0.0, 0.026087, 0.955944, 0.292389, 0.403437, 0.305658, -0.286109, 0.908138, -0.0, 0.0, 0.0, 0.0, 1.0],
                [0.952384, 0.065552, -0.29777, 0.0, 0.026204, 0.955404, 0.294136, 0.403437, 0.303772, -0.287934, 0.908194, -0.0, 0.0, 0.0, 0.0, 1.0],
                [0.952988, 0.065417, -0.295861, 0.0, 0.026319, 0.954856, 0.295902, 0.403437, 0.301861, -0.289778, 0.908245, 0.0, 0.0, 0.0, 0.0, 1.0],
                [0.953594, 0.065276, -0.293934, 0.0, 0.026431, 0.9543, 0.297678, 0.403437, 0.299933, -0.291633, 0.90829, 0.0, 0.0, 0.0, 0.0, 1.0],
                [0.954199, 0.065131, -0.291998, 0.0, 0.026539, 0.953739, 0.299461, 0.403437, 0.297994, -0.293495, 0.908329, 0.0, 0.0, 0.0, 0.0, 1.0],
                [0.954801, 0.064981, -0.290056, 0.0, 0.026644, 0.953175, 0.301244, 0.403437, 0.29605, -0.295356, 0.908361, 0.0, 0.0, 0.0, 0.0, 1.0],
                [0.955398, 0.064827, -0.288118, 0.0, 0.026743, 0.952609, 0.30302, 0.403437, 0.294108, -0.29721, 0.908387, -0.0, 0.0, 0.0, 0.0, 1.0],
                [0.955988, 0.06467, -0.286189, 0.0, 0.026839, 0.952043, 0.304784, 0.403437, 0.292175, -0.299051, 0.908407, 0.0, 0.0, 0.0, 0.0, 1.0],
                [0.95657, 0.064509, -0.284276, 0.0, 0.026929, 0.95148, 0.306529, 0.403437, 0.290257, -0.300872, 0.90842, -0.0, 0.0, 0.0, 0.0, 1.0],
                [0.95714, 0.064347, -0.282386, 0.0, 0.027014, 0.950922, 0.30825, 0.403437, 0.288362, -0.302667, 0.908428, 0.0, 0.0, 0.0, 0.0, 1.0],
                [0.957699, 0.064183, -0.280525, 0.0, 0.027094, 0.95037, 0.30994, 0.403437, 0.286495, -0.30443, 0.908429, 0.0, 0.0, 0.0, 0.0, 1.0],
                [0.958242, 0.064019, -0.2787, 0.0, 0.027169, 0.949827, 0.311595, 0.403437, 0.284664, -0.306155, 0.908425, 0.0, 0.0, 0.0, 0.0, 1.0],
                [0.95877, 0.063855, -0.276916, 0.0, 0.027239, 0.949294, 0.313208, 0.403437, 0.282875, -0.307837, 0.908415, 0.0, 0.0, 0.0, 0.0, 1.0],
                [0.95928, 0.063692, -0.275181, 0.0, 0.027303, 0.948774, 0.314775, 0.403437, 0.281133, -0.309471, 0.908401, 0.0, 0.0, 0.0, 0.0, 1.0],
                [0.959772, 0.063531, -0.2735, 0.0, 0.027362, 0.948268, 0.31629, 0.403437, 0.279445, -0.31105, 0.908382, 0.0, 0.0, 0.0, 0.0, 1.0],
                [0.960243, 0.063372, -0.271877, 0.0, 0.027416, 0.947778, 0.317749, 0.403437, 0.277816, -0.312571, 0.90836, 0.0, 0.0, 0.0, 0.0, 1.0],
                [0.960693, 0.063217, -0.270319, 0.0, 0.027466, 0.947307, 0.319149, 0.403437, 0.276251, -0.314028, 0.908335, 0.0, 0.0, 0.0, 0.0, 1.0],
                [0.961121, 0.063066, -0.268829, 0.0, 0.02751, 0.946855, 0.320484, 0.403437, 0.274754, -0.315419, 0.908307, 0.0, 0.0, 0.0, 0.0, 1.0],
                [0.961526, 0.062921, -0.267413, -0.0, 0.027551, 0.946423, 0.321751, 0.403437, 0.273331, -0.316739, 0.908277, 0.0, 0.0, 0.0, 0.0, 1.0],
                [0.961906, 0.062781, -0.266074, 0.0, 0.027587, 0.946015, 0.322948, 0.403438, 0.271985, -0.317985, 0.908246, 0.0, 0.0, 0.0, 0.0, 1.0],
                [0.962262, 0.062649, -0.264815, 0.0, 0.027619, 0.94563, 0.32407, 0.403437, 0.27072, -0.319154, 0.908213, 0.0, 0.0, 0.0, 0.0, 1.0],
                [0.962593, 0.062523, -0.263641, 0.0, 0.027647, 0.94527, 0.325117, 0.403437, 0.269539, -0.320244, 0.908181, 0.0, 0.0, 0.0, 0.0, 1.0],
                [0.962898, 0.062405, -0.262553, 0.0, 0.027672, 0.944936, 0.326085, 0.403437, 0.268445, -0.321252, 0.908149, 0.0, 0.0, 0.0, 0.0, 1.0],
                [0.963176, 0.062296, -0.261554, 0.0, 0.027694, 0.944628, 0.326972, 0.403437, 0.26744, -0.322176, 0.908118, -0.0, 0.0, 0.0, 0.0, 1.0],
                [0.963429, 0.062196, -0.260647, 0.0, 0.027713, 0.944348, 0.327778, 0.403437, 0.266528, -0.323014, 0.908089, 0.0, 0.0, 0.0, 0.0, 1.0],
                [0.963655, 0.062105, -0.259832, 0.0, 0.027729, 0.944097, 0.3285, 0.403437, 0.265708, -0.323766, 0.908061, 0.0, 0.0, 0.0, 0.0, 1.0],
                [0.963854, 0.062025, -0.259112, -0.0, 0.027743, 0.943874, 0.329139, 0.403437, 0.264983, -0.32443, 0.908036, 0.0, 0.0, 0.0, 0.0, 1.0],
                [0.964026, 0.061954, -0.258487, 0.0, 0.027755, 0.943681, 0.329692, 0.403437, 0.264355, -0.325006, 0.908013, 0.0, 0.0, 0.0, 0.0, 1.0],
                [0.964172, 0.061894, -0.257958, 0.0, 0.027764, 0.943517, 0.33016, 0.403437, 0.263822, -0.325493, 0.907994, 0.0, 0.0, 0.0, 0.0, 1.0],
                [0.96429, 0.061845, -0.257525, 0.0, 0.027772, 0.943383, 0.330543, 0.403437, 0.263387, -0.325891, 0.907977, 0.0, 0.0, 0.0, 0.0, 1.0],
                [0.964383, 0.061806, -0.257189, 0.0, 0.027777, 0.943278, 0.33084, 0.403437, 0.263049, -0.3262, 0.907964, 0.0, 0.0, 0.0, 0.0, 1.0],
                [0.964448, 0.061779, -0.25695, 0.0, 0.027781, 0.943204, 0.331051, 0.403438, 0.262808, -0.32642, 0.907955, 0.0, 0.0, 0.0, 0.0, 1.0],
                [0.964487, 0.061762, -0.256807, 0.0, 0.027784, 0.943159, 0.331178, 0.403438, 0.262664, -0.326552, 0.907949, 0.0, 0.0, 0.0, 0.0, 1.0],
                [0.9645, 0.061757, -0.256759, 0.0, 0.027784, 0.943145, 0.33122, 0.403438, 0.262616, -0.326595, 0.907947, 0.0, 0.0, 0.0, 0.0, 1.0],
                [0.9645, 0.061757, -0.256759, 0.0, 0.027784, 0.943145, 0.33122, 0.403438, 0.262616, -0.326595, 0.907947, 0.0, 0.0, 0.0, 0.0, 1.0],
                [0.9645, 0.061757, -0.256759, 0.0, 0.027784, 0.943145, 0.33122, 0.403438, 0.262616, -0.326595, 0.907947, 0.0, 0.0, 0.0, 0.0, 1.0],
                [0.9645, 0.061757, -0.256759, 0.0, 0.027784, 0.943145, 0.33122, 0.403438, 0.262616, -0.326595, 0.907947, 0.0, 0.0, 0.0, 0.0, 1.0],
                [0.9645, 0.061757, -0.256759, 0.0, 0.027784, 0.943145, 0.33122, 0.403438, 0.262616, -0.326595, 0.907947, 0.0, 0.0, 0.0, 0.0, 1.0],
                [0.9645, 0.061757, -0.256759, 0.0, 0.027784, 0.943145, 0.33122, 0.403438, 0.262616, -0.326595, 0.907947, 0.0, 0.0, 0.0, 0.0, 1.0],
                [0.9645, 0.061757, -0.256759, 0.0, 0.027784, 0.943145, 0.33122, 0.403438, 0.262616, -0.326595, 0.907947, 0.0, 0.0, 0.0, 0.0, 1.0],
                [0.9645, 0.061757, -0.256759, 0.0, 0.027784, 0.943145, 0.33122, 0.403438, 0.262616, -0.326595, 0.907947, 0.0, 0.0, 0.0, 0.0, 1.0],
                [0.9645, 0.061757, -0.256759, 0.0, 0.027784, 0.943145, 0.33122, 0.403438, 0.262616, -0.326595, 0.907947, 0.0, 0.0, 0.0, 0.0, 1.0],
                [0.9645, 0.061757, -0.256759, 0.0, 0.027784, 0.943145, 0.33122, 0.403438, 0.262616, -0.326595, 0.907947, 0.0, 0.0, 0.0, 0.0, 1.0],
                [0.9645, 0.061757, -0.256759, 0.0, 0.027784, 0.943145, 0.33122, 0.403438, 0.262616, -0.326595, 0.907947, 0.0, 0.0, 0.0, 0.0, 1.0],
                [0.9645, 0.061757, -0.256759, 0.0, 0.027784, 0.943145, 0.33122, 0.403438, 0.262616, -0.326595, 0.907947, 0.0, 0.0, 0.0, 0.0, 1.0],
                [0.9645, 0.061757, -0.256759, 0.0, 0.027784, 0.943145, 0.33122, 0.403438, 0.262616, -0.326595, 0.907947, 0.0, 0.0, 0.0, 0.0, 1.0],
                [0.9645, 0.061757, -0.256759, 0.0, 0.027784, 0.943145, 0.33122, 0.403438, 0.262616, -0.326595, 0.907947, 0.0, 0.0, 0.0, 0.0, 1.0],
                [0.9645, 0.061757, -0.256759, 0.0, 0.027784, 0.943145, 0.33122, 0.403438, 0.262616, -0.326595, 0.907947, 0.0, 0.0, 0.0, 0.0, 1.0],
                [0.9645, 0.061757, -0.256759, 0.0, 0.027784, 0.943145, 0.33122, 0.403438, 0.262616, -0.326595, 0.907947, 0.0, 0.0, 0.0, 0.0, 1.0],
                [0.9645, 0.061757, -0.256759, 0.0, 0.027784, 0.943145, 0.33122, 0.403438, 0.262616, -0.326595, 0.907947, 0.0, 0.0, 0.0, 0.0, 1.0],
                [0.9645, 0.061757, -0.256759, 0.0, 0.027784, 0.943145, 0.33122, 0.403438, 0.262616, -0.326595, 0.907947, 0.0, 0.0, 0.0, 0.0, 1.0],
                [0.9645, 0.061757, -0.256759, 0.0, 0.027784, 0.943145, 0.33122, 0.403438, 0.262616, -0.326595, 0.907947, 0.0, 0.0, 0.0, 0.0, 1.0],
                [0.9645, 0.061757, -0.256759, 0.0, 0.027784, 0.943145, 0.33122, 0.403438, 0.262616, -0.326595, 0.907947, 0.0, 0.0, 0.0, 0.0, 1.0],
                [0.9645, 0.061757, -0.256759, 0.0, 0.027784, 0.943145, 0.33122, 0.403438, 0.262616, -0.326595, 0.907947, 0.0, 0.0, 0.0, 0.0, 1.0],
                [0.9645, 0.061757, -0.256759, 0.0, 0.027784, 0.943145, 0.33122, 0.403438, 0.262616, -0.326595, 0.907947, 0.0, 0.0, 0.0, 0.0, 1.0],
                [0.9645, 0.061757, -0.256759, 0.0, 0.027784, 0.943145, 0.33122, 0.403438, 0.262616, -0.326595, 0.907947, 0.0, 0.0, 0.0, 0.0, 1.0],
                [0.9645, 0.061757, -0.256759, 0.0, 0.027784, 0.943145, 0.33122, 0.403438, 0.262616, -0.326595, 0.907947, 0.0, 0.0, 0.0, 0.0, 1.0],
                [0.9645, 0.061757, -0.256759, 0.0, 0.027784, 0.943145, 0.33122, 0.403438, 0.262616, -0.326595, 0.907947, 0.0, 0.0, 0.0, 0.0, 1.0],
                [0.9645, 0.061757, -0.256759, 0.0, 0.027784, 0.943145, 0.33122, 0.403438, 0.262616, -0.326595, 0.907947, 0.0, 0.0, 0.0, 0.0, 1.0],
                [0.9645, 0.061757, -0.256759, 0.0, 0.027784, 0.943145, 0.33122, 0.403438, 0.262616, -0.326595, 0.907947, 0.0, 0.0, 0.0, 0.0, 1.0],
                [0.9645, 0.061757, -0.256759, 0.0, 0.027784, 0.943145, 0.33122, 0.403438, 0.262616, -0.326595, 0.907947, 0.0, 0.0, 0.0, 0.0, 1.0],
                [0.9645, 0.061757, -0.256759, 0.0, 0.027784, 0.943145, 0.33122, 0.403438, 0.262616, -0.326595, 0.907947, 0.0, 0.0, 0.0, 0.0, 1.0],
                [0.9645, 0.061757, -0.256759, 0.0, 0.027784, 0.943145, 0.33122, 0.403438, 0.262616, -0.326595, 0.907947, 0.0, 0.0, 0.0, 0.0, 1.0],
                [0.9645, 0.061757, -0.256759, 0.0, 0.027784, 0.943145, 0.33122, 0.403438, 0.262616, -0.326595, 0.907947, 0.0, 0.0, 0.0, 0.0, 1.0],
                [0.9645, 0.061757, -0.256759, 0.0, 0.027784, 0.943145, 0.33122, 0.403438, 0.262616, -0.326595, 0.907947, 0.0, 0.0, 0.0, 0.0, 1.0],
                [0.9645, 0.061757, -0.256759, 0.0, 0.027784, 0.943145, 0.33122, 0.403438, 0.262616, -0.326595, 0.907947, 0.0, 0.0, 0.0, 0.0, 1.0],
                [0.9645, 0.061757, -0.256759, 0.0, 0.027784, 0.943145, 0.33122, 0.403438, 0.262616, -0.326595, 0.907947, 0.0, 0.0, 0.0, 0.0, 1.0],
                [0.9645, 0.061757, -0.256759, 0.0, 0.027784, 0.943145, 0.33122, 0.403438, 0.262616, -0.326595, 0.907947, 0.0, 0.0, 0.0, 0.0, 1.0],
                [0.9645, 0.061757, -0.256759, 0.0, 0.027784, 0.943145, 0.33122, 0.403438, 0.262616, -0.326595, 0.907947, 0.0, 0.0, 0.0, 0.0, 1.0],
                [0.9645, 0.061757, -0.256759, 0.0, 0.027784, 0.943145, 0.33122, 0.403438, 0.262616, -0.326595, 0.907947, 0.0, 0.0, 0.0, 0.0, 1.0],
                [0.9645, 0.061757, -0.256759, 0.0, 0.027784, 0.943145, 0.33122, 0.403438, 0.262616, -0.326595, 0.907947, 0.0, 0.0, 0.0, 0.0, 1.0],
                [0.9645, 0.061757, -0.256759, 0.0, 0.027784, 0.943145, 0.33122, 0.403438, 0.262616, -0.326595, 0.907947, 0.0, 0.0, 0.0, 0.0, 1.0],
                [0.9645, 0.061757, -0.256759, 0.0, 0.027784, 0.943145, 0.33122, 0.403438, 0.262616, -0.326595, 0.907947, 0.0, 0.0, 0.0, 0.0, 1.0],
                [0.9645, 0.061757, -0.256759, 0.0, 0.027784, 0.943145, 0.33122, 0.403438, 0.262616, -0.326595, 0.907947, 0.0, 0.0, 0.0, 0.0, 1.0],
                [0.9645, 0.061757, -0.256759, 0.0, 0.027784, 0.943145, 0.33122, 0.403438, 0.262616, -0.326595, 0.907947, 0.0, 0.0, 0.0, 0.0, 1.0],
                [0.9645, 0.061757, -0.256759, 0.0, 0.027784, 0.943145, 0.33122, 0.403438, 0.262616, -0.326595, 0.907947, 0.0, 0.0, 0.0, 0.0, 1.0],
                [0.964341, 0.061815, -0.257345, 0.0, 0.027765, 0.943349, 0.330638, 0.403437, 0.263204, -0.325993, 0.907993, 0.0, 0.0, 0.0, 0.0, 1.0],
                [0.963864, 0.06198, -0.259085, 0.0, 0.027703, 0.943964, 0.328884, 0.403437, 0.264951, -0.324177, 0.908136, -0.0, 0.0, 0.0, 0.0, 1.0],
                [0.96307, 0.062241, -0.26196, 0.0, 0.027587, 0.944986, 0.325945, 0.403437, 0.267836, -0.321134, 0.908371, 0.0, 0.0, 0.0, 0.0, 1.0],
                [0.961953, 0.062579, -0.26595, 0.0, 0.027402, 0.946408, 0.321808, 0.403437, 0.271836, -0.316852, 0.908686, -0.0, 0.0, 0.0, 0.0, 1.0],
                [0.960506, 0.062975, -0.271039, -0.0, 0.027131, 0.948217, 0.316461, 0.403437, 0.276933, -0.311316, 0.90906, -0.0, 0.0, 0.0, 0.0, 1.0],
                [0.958714, 0.063404, -0.277213, -0.0, 0.026753, 0.950395, 0.309894, 0.403437, 0.28311, -0.304516, 0.90946, -0.0, 0.0, 0.0, 0.0, 1.0],
                [0.956561, 0.063839, -0.284459, 0.0, 0.026241, 0.952916, 0.302098, 0.403437, 0.290351, -0.29644, 0.909846, 0.0, 0.0, 0.0, 0.0, 1.0],
                [0.954024, 0.064251, -0.292762, 0.0, 0.025567, 0.95575, 0.293068, 0.403437, 0.298637, -0.287079, 0.910166, 0.0, 0.0, 0.0, 0.0, 1.0],
                [0.951081, 0.064604, -0.302111, 0.0, 0.024699, 0.958861, 0.282801, 0.403437, 0.307953, -0.276429, 0.910358, -0.0, 0.0, 0.0, 0.0, 1.0],
                [0.947704, 0.064862, -0.312491, -0.0, 0.023603, 0.962205, 0.271302, 0.403437, 0.318278, -0.264489, 0.910354, -0.0, 0.0, 0.0, 0.0, 1.0],
                [0.943862, 0.064984, -0.323884, -0.0, 0.02224, 0.965734, 0.258578, 0.403437, 0.32959, -0.251265, 0.910075, 0.0, 0.0, 0.0, 0.0, 1.0],
                [0.939525, 0.064928, -0.33627, -0.0, 0.020571, 0.969394, 0.244646, 0.403437, 0.341862, -0.236769, 0.909434, -0.0, 0.0, 0.0, 0.0, 1.0],
                [0.934658, 0.064646, -0.349622, 0.0, 0.018553, 0.973125, 0.229531, 0.403437, 0.355064, -0.22102, 0.908339, 0.0, 0.0, 0.0, 0.0, 1.0],
                [0.929226, 0.064093, -0.36391, -0.0, 0.016143, 0.97686, 0.213269, 0.403437, 0.369158, -0.20405, 0.90669, 0.0, 0.0, 0.0, 0.0, 1.0],
                [0.923196, 0.063219, -0.379093, 0.0, 0.013299, 0.980533, 0.195904, 0.403437, 0.384098, -0.185899, 0.904384, 0.0, 0.0, 0.0, 0.0, 1.0],
                [0.916534, 0.061976, -0.395126, 0.0, 0.009977, 0.984071, 0.177496, 0.403437, 0.399832, -0.166623, 0.901316, 0.0, 0.0, 0.0, 0.0, 1.0],
                [0.909208, 0.060314, -0.41195, -0.0, 0.006138, 0.987402, 0.158115, 0.403437, 0.416296, -0.146288, 0.897384, 0.0, 0.0, 0.0, 0.0, 1.0],
                [0.901192, 0.058188, -0.429497, -0.0, 0.001745, 0.990452, 0.137847, 0.403437, 0.433418, -0.124976, 0.892485, 0.0, 0.0, 0.0, 0.0, 1.0],
                [0.892461, 0.055555, -0.447691, 0.0, -0.003236, 0.993151, 0.116791, 0.403437, 0.451114, -0.102782, 0.886528, -0.0, 0.0, 0.0, 0.0, 1.0],
                [0.883, 0.052377, -0.466442, -0.0, -0.00883, 0.995432, 0.095061, 0.403437, 0.469291, -0.07982, 0.879429, 0.0, 0.0, 0.0, 0.0, 1.0],
                [0.872799, 0.048622, -0.485652, -0.0, -0.015055, 0.997234, 0.072782, 0.403437, 0.487847, -0.056213, 0.871117, 0.0, 0.0, 0.0, 0.0, 1.0],
                [0.861861, 0.044267, -0.505209, 0.0, -0.021921, 0.998504, 0.050094, 0.403437, 0.506671, -0.032099, 0.861542, -0.0, 0.0, 0.0, 0.0, 1.0],
                [0.850195, 0.039299, -0.524999, 0.0, -0.029424, 0.999198, 0.027145, 0.403437, 0.525645, -0.007631, 0.85067, -0.0, 0.0, 0.0, 0.0, 1.0],
                [0.837825, 0.033715, -0.544896, -0.0, -0.037552, 0.999286, 0.004091, 0.403437, 0.544645, 0.017034, 0.838493, 0.0, 0.0, 0.0, 0.0, 1.0],
                [0.824787, 0.027526, -0.564774, 0.0, -0.046278, 0.99875, -0.018905, 0.403437, 0.563547, 0.041729, 0.825029, 0.0, 0.0, 0.0, 0.0, 1.0],
                [0.811127, 0.020754, -0.584502, -0.0, -0.055562, 0.997585, -0.041682, 0.403437, 0.582225, 0.066286, 0.810321, -0.0, 0.0, 0.0, 0.0, 1.0],
                [0.796907, 0.013436, -0.603953, -0.0, -0.065352, 0.995803, -0.064078, 0.403437, 0.600557, 0.090534, 0.79444, -0.0, 0.0, 0.0, 0.0, 1.0],
                [0.782199, 0.005619, -0.623004, 0.0, -0.075583, 0.993429, -0.085936, 0.403437, 0.618427, 0.114308, 0.777484, -0.0, 0.0, 0.0, 0.0, 1.0],
                [0.767086, -0.002633, -0.641539, -0.0, -0.086179, 0.990505, -0.107109, 0.403437, 0.635729, 0.137449, 0.759576, 0.0, 0.0, 0.0, 0.0, 1.0],
                [0.751663, -0.011247, -0.659452, 0.0, -0.097054, 0.987084, -0.127459, 0.403437, 0.652368, 0.159809, 0.740863, 0.0, 0.0, 0.0, 0.0, 1.0],
                [0.736029, -0.020141, -0.67665, -0.0, -0.108112, 0.983231, -0.146866, 0.403437, 0.668261, 0.181252, 0.721509, -0.0, 0.0, 0.0, 0.0, 1.0],
                [0.720293, -0.029224, -0.693054, 0.0, -0.119254, 0.97902, -0.165223, 0.403437, 0.683342, 0.201658, 0.701696, 0.0, 0.0, 0.0, 0.0, 1.0],
                [0.704564, -0.038398, -0.708601, 0.0, -0.130375, 0.974535, -0.18244, 0.403437, 0.697561, 0.220925, 0.681616, 0.0, 0.0, 0.0, 0.0, 1.0],
                [0.688955, -0.047563, -0.723242, 0.0, -0.141369, 0.969863, -0.198448, 0.403437, 0.710883, 0.238966, 0.661468, 0.0, 0.0, 0.0, 0.0, 1.0],
                [0.673579, -0.056616, -0.736944, 0.0, -0.15213, 0.965093, -0.213193, 0.403437, 0.72329, 0.255714, 0.641453, 0.0, 0.0, 0.0, 0.0, 1.0],
                [0.658543, -0.065457, -0.749691, 0.0, -0.162556, 0.960317, -0.22664, 0.403437, 0.734776, 0.271119, 0.62177, -0.0, 0.0, 0.0, 0.0, 1.0],
                [0.643955, -0.073986, -0.761477, -0.0, -0.172548, 0.955624, -0.238768, 0.403437, 0.745351, 0.285148, 0.602613, -0.0, 0.0, 0.0, 0.0, 1.0],
                [0.629916, -0.082109, -0.772311, 0.0, -0.182014, 0.951097, -0.249572, 0.403437, 0.755035, 0.29778, 0.584166, 0.0, 0.0, 0.0, 0.0, 1.0],
                [0.61652, -0.089738, -0.782209, -0.0, -0.190866, 0.946815, -0.259058, 0.403437, 0.763854, 0.309012, 0.566602, -0.0, 0.0, 0.0, 0.0, 1.0],
                [0.603857, -0.096789, -0.791194, 0.0, -0.199028, 0.942851, -0.267244, 0.403437, 0.771845, 0.318848, 0.550083, -0.0, 0.0, 0.0, 0.0, 1.0],
                [0.592009, -0.10319, -0.799298, -0.0, -0.20643, 0.939269, -0.274155, 0.403437, 0.779045, 0.327301, 0.534755, -0.0, 0.0, 0.0, 0.0, 1.0],
                [0.581053, -0.108874, -0.80655, 0.0, -0.21301, 0.936123, -0.279821, 0.403437, 0.785496, 0.334395, 0.520747, 0.0, 0.0, 0.0, 0.0, 1.0],
                [0.571059, -0.113785, -0.812985, -0.0, -0.218717, 0.933461, -0.284278, 0.403437, 0.791236, 0.340154, 0.508175, 0.0, 0.0, 0.0, 0.0, 1.0],
                [0.562091, -0.117873, -0.818633, -0.0, -0.223507, 0.931317, -0.287563, 0.403437, 0.796303, 0.344607, 0.49714, 0.0, 0.0, 0.0, 0.0, 1.0],
                [0.554209, -0.121102, -0.823521, 0.0, -0.227344, 0.92972, -0.289715, 0.403437, 0.800729, 0.347786, 0.487728, 0.0, 0.0, 0.0, 0.0, 1.0],
                [0.547467, -0.123438, -0.827673, 0.0, -0.230202, 0.928687, -0.290771, 0.403437, 0.804541, 0.34972, 0.48001, -0.0, 0.0, 0.0, 0.0, 1.0],
                [0.541918, -0.124863, -0.831104, 0.0, -0.232061, 0.928225, -0.290768, 0.403437, 0.807758, 0.35044, 0.474046, -0.0, 0.0, 0.0, 0.0, 1.0],
                [0.537608, -0.125361, -0.833824, -0.0, -0.23291, 0.928334, -0.289739, 0.403437, 0.810389, 0.349972, 0.469882, 0.0, 0.0, 0.0, 0.0, 1.0],
                [0.533953, -0.125377, -0.836167, 0.0, -0.233231, 0.928735, -0.288192, 0.403437, 0.81271, 0.348901, 0.466659, 0.0, 0.0, 0.0, 0.0, 1.0],
                [0.530342, -0.125357, -0.838464, 0.0, -0.23351, 0.929153, -0.286614, 0.403437, 0.814991, 0.347794, 0.463497, -0.0, 0.0, 0.0, 0.0, 1.0],
                [0.526777, -0.125301, -0.840718, 0.0, -0.233748, 0.929588, -0.285007, 0.403437, 0.817232, 0.346651, 0.460396, -0.0, 0.0, 0.0, 0.0, 1.0],
                [0.52326, -0.125208, -0.842925, -0.0, -0.233943, 0.930038, -0.283372, 0.403437, 0.819432, 0.345474, 0.45736, 0.0, 0.0, 0.0, 0.0, 1.0],
                [0.519794, -0.12508, -0.845085, -0.0, -0.234098, 0.930504, -0.281711, 0.403437, 0.821591, 0.344264, 0.45439, 0.0, 0.0, 0.0, 0.0, 1.0],
                [0.516381, -0.124916, -0.847199, 0.0, -0.23421, 0.930984, -0.280024, 0.403437, 0.823709, 0.343022, 0.451486, 0.0, 0.0, 0.0, 0.0, 1.0],
                [0.513024, -0.124716, -0.849266, 0.0, -0.234282, 0.931479, -0.278314, 0.403437, 0.825784, 0.34175, 0.448652, -0.0, 0.0, 0.0, 0.0, 1.0],
                [0.509725, -0.124483, -0.851284, 0.0, -0.234313, 0.931987, -0.276584, 0.403437, 0.827815, 0.340449, 0.445889, 0.0, 0.0, 0.0, 0.0, 1.0],
                [0.506484, -0.124215, -0.853255, 0.0, -0.234304, 0.932506, -0.274833, 0.403437, 0.829804, 0.33912, 0.443196, 0.0, 0.0, 0.0, 0.0, 1.0],
                [0.503306, -0.123914, -0.855177, -0.0, -0.234256, 0.933038, -0.273065, 0.403437, 0.831749, 0.337766, 0.440576, 0.0, 0.0, 0.0, 0.0, 1.0],
                [0.500191, -0.123581, -0.857051, -0.0, -0.23417, 0.93358, -0.271282, 0.403437, 0.83365, 0.336389, 0.43803, -0.0, 0.0, 0.0, 0.0, 1.0],
                [0.497142, -0.123217, -0.858876, 0.0, -0.234047, 0.934131, -0.269485, 0.403437, 0.835507, 0.334989, 0.435557, -0.0, 0.0, 0.0, 0.0, 1.0],
                [0.494159, -0.122822, -0.860652, -0.0, -0.233887, 0.93469, -0.267678, 0.403437, 0.83732, 0.333571, 0.433159, -0.0, 0.0, 0.0, 0.0, 1.0],
