{
    "animation": [
        {
            "name": "Root",
            "time": [0.0, 0.0167, 0.0333, 0.05, 0.0667, 0.0833, 0.1, 0.1167, 0.1333, 0.15, 0.1667, 0.1833, 0.2, 0.2167, 0.2333, 0.25, 0.2667, 0.2833, 0.3, 0.3167, 0.3333, 0.35, 0.3667, 0.3833, 0.4, 0.4167, 0.4333, 0.45, 0.4667, 0.4833, 0.5, 0.5167, 0.5333, 0.55, 0.5667, 0.5833, 0.6, 0.6167, 0.6333, 0.65, 0.6667, 0.6833, 0.7, 0.7167, 0.7333, 0.75, 0.7667, 0.7833, 0.8, 0.8167, 0.8333, 0.85, 0.8667, 0.8833, 0.9, 0.9167, 0.9333, 0.95, 0.9667, 0.9833, 1.0, 1.0167, 1.0333, 1.05, 1.0667, 1.0833, 1.1, 1.1167, 1.1333, 1.15, 1.1667, 1.1833, 1.2, 1.2167, 1.2333, 1.25, 1.2667, 1.2833, 1.3, 1.3167, 1.3333, 1.35, 1.3667, 1.3833, 1.4, 1.4167, 1.4333, 1.45, 1.4667, 1.4833, 1.5, 1.5167, 1.5333, 1.55, 1.5667, 1.5833, 1.6, 1.6167, 1.6333, 1.65, 1.6667, 1.6833, 1.7, 1.7167, 1.7333, 1.75, 1.7667, 1.7833, 1.8, 1.8167, 1.8333, 1.85, 1.8667, 1.8833, 1.9, 1.9167, 1.9333, 1.95, 1.9667, 1.9833, 2.0],
            "transform": [
                [0.61045, 0.0, -0.792055, -5e-06, -0.792055, 0.0, -0.61045, 0.000946, 0.0, 1.0, 0.0, 0.739346, 0.0, 0.0, 0.0, 1.0],
                [0.61045, 0.0, -0.792055, -5e-06, -0.792055, 0.0, -0.61045, 0.000946, 0.0, 1.0, 0.0, 0.739346, 0.0, 0.0, 0.0, 1.0],
                [0.61045, 0.0, -0.792055, -5e-06, -0.792055, 0.0, -0.61045, 0.000946, 0.0, 1.0, 0.0, 0.739346, 0.0, 0.0, 0.0, 1.0],
                [0.61045, 0.0, -0.792055, -5e-06, -0.792055, 0.0, -0.61045, 0.000946, 0.0, 1.0, 0.0, 0.739346, 0.0, 0.0, 0.0, 1.0],
                [0.61045, 0.0, -0.792055, -5e-06, -0.792055, 0.0, -0.61045, 0.000946, 0.0, 1.0, 0.0, 0.739346, 0.0, 0.0, 0.0, 1.0],
                [0.61045, 0.0, -0.792055, -5e-06, -0.792055, 0.0, -0.61045, 0.000946, 0.0, 1.0, 0.0, 0.739346, 0.0, 0.0, 0.0, 1.0],
                [0.61045, 0.0, -0.792055, -5e-06, -0.792055, 0.0, -0.61045, 0.000946, 0.0, 1.0, 0.0, 0.739346, 0.0, 0.0, 0.0, 1.0],
                [0.61045, 0.0, -0.792055, -5e-06, -0.792055, 0.0, -0.61045, 0.000946, 0.0, 1.0, 0.0, 0.739346, 0.0, 0.0, 0.0, 1.0],
                [0.61045, 0.0, -0.792055, -5e-06, -0.792055, 0.0, -0.61045, 0.000946, 0.0, 1.0, 0.0, 0.739346, 0.0, 0.0, 0.0, 1.0],
                [0.61045, 0.0, -0.792055, -5e-06, -0.792055, 0.0, -0.61045, 0.000946, 0.0, 1.0, 0.0, 0.739346, 0.0, 0.0, 0.0, 1.0],
                [0.61045, 0.0, -0.792055, -5e-06, -0.792055, 0.0, -0.61045, 0.000946, 0.0, 1.0, 0.0, 0.739346, 0.0, 0.0, 0.0, 1.0],
                [0.61045, 0.0, -0.792055, -5e-06, -0.792055, 0.0, -0.61045, 0.000946, 0.0, 1.0, 0.0, 0.739346, 0.0, 0.0, 0.0, 1.0],
                [0.61045, 0.0, -0.792055, -5e-06, -0.792055, 0.0, -0.61045, 0.000946, 0.0, 1.0, 0.0, 0.739346, 0.0, 0.0, 0.0, 1.0],
                [0.61045, 0.0, -0.792055, -5e-06, -0.792055, 0.0, -0.61045, 0.000946, 0.0, 1.0, 0.0, 0.739346, 0.0, 0.0, 0.0, 1.0],
                [0.61045, 0.0, -0.792055, -5e-06, -0.792055, 0.0, -0.61045, 0.000946, 0.0, 1.0, 0.0, 0.739346, 0.0, 0.0, 0.0, 1.0],
                [0.61045, 0.0, -0.792055, -5e-06, -0.792055, 0.0, -0.61045, 0.000946, 0.0, 1.0, 0.0, 0.739346, 0.0, 0.0, 0.0, 1.0],
                [0.61045, 0.0, -0.792055, -5e-06, -0.792055, 0.0, -0.61045, 0.000946, 0.0, 1.0, 0.0, 0.739346, 0.0, 0.0, 0.0, 1.0],
                [0.61045, 0.0, -0.792055, -5e-06, -0.792055, 0.0, -0.61045, 0.000946, 0.0, 1.0, 0.0, 0.739346, 0.0, 0.0, 0.0, 1.0],
                [0.61045, 0.0, -0.792055, -5e-06, -0.792055, 0.0, -0.61045, 0.000946, 0.0, 1.0, 0.0, 0.739346, 0.0, 0.0, 0.0, 1.0],
                [0.61045, 0.0, -0.792055, -5e-06, -0.792055, 0.0, -0.61045, 0.000946, 0.0, 1.0, 0.0, 0.739346, 0.0, 0.0, 0.0, 1.0],
                [0.61045, 0.0, -0.792055, -5e-06, -0.792055, 0.0, -0.61045, 0.000946, 0.0, 1.0, 0.0, 0.739346, 0.0, 0.0, 0.0, 1.0],
                [0.61045, 0.0, -0.792055, -5e-06, -0.792055, 0.0, -0.61045, 0.000946, 0.0, 1.0, 0.0, 0.739346, 0.0, 0.0, 0.0, 1.0],
                [0.61045, 0.0, -0.792055, -5e-06, -0.792055, 0.0, -0.61045, 0.000946, 0.0, 1.0, 0.0, 0.739346, 0.0, 0.0, 0.0, 1.0],
                [0.61045, 0.0, -0.792055, -5e-06, -0.792055, 0.0, -0.61045, 0.000946, 0.0, 1.0, 0.0, 0.739346, 0.0, 0.0, 0.0, 1.0],
                [0.61045, 0.0, -0.792055, -5e-06, -0.792055, 0.0, -0.61045, 0.000946, 0.0, 1.0, 0.0, 0.739346, 0.0, 0.0, 0.0, 1.0],
                [0.61045, 0.0, -0.792055, -5e-06, -0.792055, 0.0, -0.61045, 0.000946, 0.0, 1.0, 0.0, 0.739346, 0.0, 0.0, 0.0, 1.0],
                [0.61045, 0.0, -0.792055, -5e-06, -0.792055, 0.0, -0.61045, 0.000946, 0.0, 1.0, 0.0, 0.739346, 0.0, 0.0, 0.0, 1.0],
                [0.61045, 0.0, -0.792055, -5e-06, -0.792055, 0.0, -0.61045, 0.000946, 0.0, 1.0, 0.0, 0.739346, 0.0, 0.0, 0.0, 1.0],
                [0.61045, 0.0, -0.792055, -5e-06, -0.792055, 0.0, -0.61045, 0.000946, 0.0, 1.0, 0.0, 0.739346, 0.0, 0.0, 0.0, 1.0],
                [0.61045, 0.0, -0.792055, -5e-06, -0.792055, 0.0, -0.61045, 0.000946, 0.0, 1.0, 0.0, 0.739346, 0.0, 0.0, 0.0, 1.0],
                [0.61045, 0.0, -0.792055, -5e-06, -0.792055, 0.0, -0.61045, 0.000946, 0.0, 1.0, 0.0, 0.739346, 0.0, 0.0, 0.0, 1.0],
                [0.61045, 0.0, -0.792055, -5e-06, -0.792055, 0.0, -0.61045, 0.000946, 0.0, 1.0, 0.0, 0.739346, 0.0, 0.0, 0.0, 1.0],
                [0.61045, 0.0, -0.792055, -5e-06, -0.792055, 0.0, -0.61045, 0.000946, 0.0, 1.0, 0.0, 0.739346, 0.0, 0.0, 0.0, 1.0],
                [0.61045, 0.0, -0.792055, -5e-06, -0.792055, 0.0, -0.61045, 0.000946, 0.0, 1.0, 0.0, 0.739346, 0.0, 0.0, 0.0, 1.0],
                [0.61045, 0.0, -0.792055, -5e-06, -0.792055, 0.0, -0.61045, 0.000946, 0.0, 1.0, 0.0, 0.739346, 0.0, 0.0, 0.0, 1.0],
                [0.61045, 0.0, -0.792055, -5e-06, -0.792055, 0.0, -0.61045, 0.000946, 0.0, 1.0, 0.0, 0.739346, 0.0, 0.0, 0.0, 1.0],
                [0.61045, 0.0, -0.792055, -5e-06, -0.792055, 0.0, -0.61045, 0.000946, 0.0, 1.0, 0.0, 0.739346, 0.0, 0.0, 0.0, 1.0],
                [0.61045, 0.0, -0.792055, -5e-06, -0.792055, 0.0, -0.61045, 0.000946, 0.0, 1.0, 0.0, 0.739346, 0.0, 0.0, 0.0, 1.0],
                [0.61045, 0.0, -0.792055, -5e-06, -0.792055, 0.0, -0.61045, 0.000946, 0.0, 1.0, 0.0, 0.739346, 0.0, 0.0, 0.0, 1.0],
                [0.61045, 0.0, -0.792055, -5e-06, -0.792055, 0.0, -0.61045, 0.000946, 0.0, 1.0, 0.0, 0.739346, 0.0, 0.0, 0.0, 1.0],
                [0.61045, 0.0, -0.792055, -5e-06, -0.792055, 0.0, -0.61045, 0.004063, 0.0, 1.0, 0.0, 0.738578, 0.0, 0.0, 0.0, 1.0],
                [0.61045, 0.0, -0.792055, -5e-06, -0.792055, 0.0, -0.61045, 0.013472, 0.0, 1.0, 0.0, 0.736258, 0.0, 0.0, 0.0, 1.0],
                [0.61045, 0.0, -0.792055, -5e-06, -0.792055, 0.0, -0.61045, 0.028986, 0.0, 1.0, 0.0, 0.732434, 0.0, 0.0, 0.0, 1.0],
                [0.61045, 0.0, -0.792055, -5e-06, -0.792055, 0.0, -0.61045, 0.049926, 0.0, 1.0, 0.0, 0.727273, 0.0, 0.0, 0.0, 1.0],
                [0.61045, 0.0, -0.792055, -5e-06, -0.792055, 0.0, -0.61045, 0.075001, 0.0, 1.0, 0.0, 0.721092, 0.0, 0.0, 0.0, 1.0],
                [0.61045, 0.0, -0.792055, -5e-06, -0.792055, 0.0, -0.61045, 0.10233, 0.0, 1.0, 0.0, 0.714355, 0.0, 0.0, 0.0, 1.0],
                [0.61045, 0.0, -0.792055, -5e-06, -0.792055, 0.0, -0.61045, 0.12966, 0.0, 1.0, 0.0, 0.707619, 0.0, 0.0, 0.0, 1.0],
                [0.61045, 0.0, -0.792055, -5e-06, -0.792055, 0.0, -0.61045, 0.154735, 0.0, 1.0, 0.0, 0.701438, 0.0, 0.0, 0.0, 1.0],
                [0.61045, 0.0, -0.792055, -5e-06, -0.792055, 0.0, -0.61045, 0.175675, 0.0, 1.0, 0.0, 0.696276, 0.0, 0.0, 0.0, 1.0],
                [0.61045, 0.0, -0.792055, -5e-06, -0.792055, 0.0, -0.61045, 0.191189, 0.0, 1.0, 0.0, 0.692452, 0.0, 0.0, 0.0, 1.0],
                [0.61045, 0.0, -0.792055, -5e-06, -0.792055, 0.0, -0.61045, 0.200598, 0.0, 1.0, 0.0, 0.690133, 0.0, 0.0, 0.0, 1.0],
                [0.61045, 0.0, -0.792055, -5e-06, -0.792055, 0.0, -0.61045, 0.203714, 0.0, 1.0, 0.0, 0.689365, 0.0, 0.0, 0.0, 1.0],
                [0.61045, 0.0, -0.792055, -5e-06, -0.792055, 0.0, -0.61045, 0.203714, 0.0, 1.0, 0.0, 0.689365, 0.0, 0.0, 0.0, 1.0],
                [0.61045, 0.0, -0.792055, -5e-06, -0.792055, 0.0, -0.61045, 0.203714, 0.0, 1.0, 0.0, 0.689365, 0.0, 0.0, 0.0, 1.0],
                [0.61045, 0.0, -0.792055, -5e-06, -0.792055, 0.0, -0.61045, 0.203714, 0.0, 1.0, 0.0, 0.689365, 0.0, 0.0, 0.0, 1.0],
                [0.61045, 0.0, -0.792055, -5e-06, -0.792055, 0.0, -0.61045, 0.203714, 0.0, 1.0, 0.0, 0.689365, 0.0, 0.0, 0.0, 1.0],
                [0.61045, 0.0, -0.792055, -5e-06, -0.792055, 0.0, -0.61045, 0.203714, 0.0, 1.0, 0.0, 0.689365, 0.0, 0.0, 0.0, 1.0],
                [0.61045, 0.0, -0.792055, -5e-06, -0.792055, 0.0, -0.61045, 0.203714, 0.0, 1.0, 0.0, 0.689365, 0.0, 0.0, 0.0, 1.0],
                [0.61045, 0.0, -0.792055, -5e-06, -0.792055, 0.0, -0.61045, 0.203714, 0.0, 1.0, 0.0, 0.689365, 0.0, 0.0, 0.0, 1.0],
                [0.61045, 0.0, -0.792055, -5e-06, -0.792055, 0.0, -0.61045, 0.203714, 0.0, 1.0, 0.0, 0.689365, 0.0, 0.0, 0.0, 1.0],
                [0.61045, 0.0, -0.792055, -5e-06, -0.792055, 0.0, -0.61045, 0.203714, 0.0, 1.0, 0.0, 0.689365, 0.0, 0.0, 0.0, 1.0],
                [0.61045, 0.0, -0.792055, -5e-06, -0.792055, 0.0, -0.61045, 0.203499, 0.0, 1.0, 0.0, 0.689418, 0.0, 0.0, 0.0, 1.0],
                [0.61045, 0.0, -0.792055, -5e-06, -0.792055, 0.0, -0.61045, 0.202866, 0.0, 1.0, 0.0, 0.689574, 0.0, 0.0, 0.0, 1.0],
                [0.61045, 0.0, -0.792055, -5e-06, -0.792055, 0.0, -0.61045, 0.201836, 0.0, 1.0, 0.0, 0.689828, 0.0, 0.0, 0.0, 1.0],
                [0.61045, 0.0, -0.792055, -5e-06, -0.792055, 0.0, -0.61045, 0.20043, 0.0, 1.0, 0.0, 0.690174, 0.0, 0.0, 0.0, 1.0],
                [0.61045, 0.0, -0.792055, -5e-06, -0.792055, 0.0, -0.61045, 0.198666, 0.0, 1.0, 0.0, 0.690609, 0.0, 0.0, 0.0, 1.0],
                [0.61045, 0.0, -0.792055, -5e-06, -0.792055, 0.0, -0.61045, 0.196566, 0.0, 1.0, 0.0, 0.691127, 0.0, 0.0, 0.0, 1.0],
                [0.61045, 0.0, -0.792055, -5e-06, -0.792055, 0.0, -0.61045, 0.194149, 0.0, 1.0, 0.0, 0.691722, 0.0, 0.0, 0.0, 1.0],
                [0.61045, 0.0, -0.792055, -5e-06, -0.792055, 0.0, -0.61045, 0.191433, 0.0, 1.0, 0.0, 0.692392, 0.0, 0.0, 0.0, 1.0],
                [0.61045, 0.0, -0.792055, -5e-06, -0.792055, 0.0, -0.61045, 0.188439, 0.0, 1.0, 0.0, 0.69313, 0.0, 0.0, 0.0, 1.0],
                [0.61045, 0.0, -0.792055, -5e-06, -0.792055, 0.0, -0.61045, 0.185183, 0.0, 1.0, 0.0, 0.693932, 0.0, 0.0, 0.0, 1.0],
                [0.61045, 0.0, -0.792055, -5e-06, -0.792055, 0.0, -0.61045, 0.181686, 0.0, 1.0, 0.0, 0.694794, 0.0, 0.0, 0.0, 1.0],
                [0.61045, 0.0, -0.792055, -5e-06, -0.792055, 0.0, -0.61045, 0.177965, 0.0, 1.0, 0.0, 0.695712, 0.0, 0.0, 0.0, 1.0],
                [0.61045, 0.0, -0.792055, -5e-06, -0.792055, 0.0, -0.61045, 0.174037, 0.0, 1.0, 0.0, 0.69668, 0.0, 0.0, 0.0, 1.0],
                [0.61045, 0.0, -0.792055, -5e-06, -0.792055, 0.0, -0.61045, 0.169921, 0.0, 1.0, 0.0, 0.697695, 0.0, 0.0, 0.0, 1.0],
                [0.61045, 0.0, -0.792055, -5e-06, -0.792055, 0.0, -0.61045, 0.165632, 0.0, 1.0, 0.0, 0.698752, 0.0, 0.0, 0.0, 1.0],
                [0.61045, 0.0, -0.792055, -5e-06, -0.792055, 0.0, -0.61045, 0.161188, 0.0, 1.0, 0.0, 0.699847, 0.0, 0.0, 0.0, 1.0],
                [0.61045, 0.0, -0.792055, -5e-06, -0.792055, 0.0, -0.61045, 0.156606, 0.0, 1.0, 0.0, 0.700977, 0.0, 0.0, 0.0, 1.0],
                [0.61045, 0.0, -0.792055, -5e-06, -0.792055, 0.0, -0.61045, 0.1519, 0.0, 1.0, 0.0, 0.702137, 0.0, 0.0, 0.0, 1.0],
                [0.61045, 0.0, -0.792055, -5e-06, -0.792055, 0.0, -0.61045, 0.147087, 0.0, 1.0, 0.0, 0.703323, 0.0, 0.0, 0.0, 1.0],
                [0.61045, 0.0, -0.792055, -5e-06, -0.792055, 0.0, -0.61045, 0.142182, 0.0, 1.0, 0.0, 0.704532, 0.0, 0.0, 0.0, 1.0],
                [0.61045, 0.0, -0.792055, -5e-06, -0.792055, 0.0, -0.61045, 0.137199, 0.0, 1.0, 0.0, 0.70576, 0.0, 0.0, 0.0, 1.0],
                [0.61045, 0.0, -0.792055, -5e-06, -0.792055, 0.0, -0.61045, 0.132154, 0.0, 1.0, 0.0, 0.707004, 0.0, 0.0, 0.0, 1.0],
                [0.61045, 0.0, -0.792055, -5e-06, -0.792055, 0.0, -0.61045, 0.12706, 0.0, 1.0, 0.0, 0.70826, 0.0, 0.0, 0.0, 1.0],
                [0.61045, 0.0, -0.792055, -5e-06, -0.792055, 0.0, -0.61045, 0.121931, 0.0, 1.0, 0.0, 0.709524, 0.0, 0.0, 0.0, 1.0],
                [0.61045, 0.0, -0.792055, -5e-06, -0.792055, 0.0, -0.61045, 0.11678, 0.0, 1.0, 0.0, 0.710794, 0.0, 0.0, 0.0, 1.0],
                [0.61045, 0.0, -0.792055, -5e-06, -0.792055, 0.0, -0.61045, 0.11162, 0.0, 1.0, 0.0, 0.712065, 0.0, 0.0, 0.0, 1.0],
                [0.61045, 0.0, -0.792055, -5e-06, -0.792055, 0.0, -0.61045, 0.106464, 0.0, 1.0, 0.0, 0.713336, 0.0, 0.0, 0.0, 1.0],
                [0.61045, 0.0, -0.792055, -5e-06, -0.792055, 0.0, -0.61045, 0.101325, 0.0, 1.0, 0.0, 0.714603, 0.0, 0.0, 0.0, 1.0],
                [0.61045, 0.0, -0.792055, -5e-06, -0.792055, 0.0, -0.61045, 0.096213, 0.0, 1.0, 0.0, 0.715863, 0.0, 0.0, 0.0, 1.0],
                [0.61045, 0.0, -0.792055, -5e-06, -0.792055, 0.0, -0.61045, 0.09114, 0.0, 1.0, 0.0, 0.717113, 0.0, 0.0, 0.0, 1.0],
                [0.61045, 0.0, -0.792055, -5e-06, -0.792055, 0.0, -0.61045, 0.086119, 0.0, 1.0, 0.0, 0.718351, 0.0, 0.0, 0.0, 1.0],
                [0.61045, 0.0, -0.792055, -5e-06, -0.792055, 0.0, -0.61045, 0.081158, 0.0, 1.0, 0.0, 0.719574, 0.0, 0.0, 0.0, 1.0],
                [0.61045, 0.0, -0.792055, -5e-06, -0.792055, 0.0, -0.61045, 0.07627, 0.0, 1.0, 0.0, 0.720779, 0.0, 0.0, 0.0, 1.0],
                [0.61045, 0.0, -0.792055, -5e-06, -0.792055, 0.0, -0.61045, 0.071463, 0.0, 1.0, 0.0, 0.721964, 0.0, 0.0, 0.0, 1.0],
                [0.61045, 0.0, -0.792055, -5e-06, -0.792055, 0.0, -0.61045, 0.066748, 0.0, 1.0, 0.0, 0.723126, 0.0, 0.0, 0.0, 1.0],
                [0.61045, 0.0, -0.792055, -5e-06, -0.792055, 0.0, -0.61045, 0.062134, 0.0, 1.0, 0.0, 0.724263, 0.0, 0.0, 0.0, 1.0],
                [0.61045, 0.0, -0.792055, -5e-06, -0.792055, 0.0, -0.61045, 0.057631, 0.0, 1.0, 0.0, 0.725373, 0.0, 0.0, 0.0, 1.0],
                [0.61045, 0.0, -0.792055, -5e-06, -0.792055, 0.0, -0.61045, 0.053246, 0.0, 1.0, 0.0, 0.726454, 0.0, 0.0, 0.0, 1.0],
                [0.61045, 0.0, -0.792055, -5e-06, -0.792055, 0.0, -0.61045, 0.048988, 0.0, 1.0, 0.0, 0.727504, 0.0, 0.0, 0.0, 1.0],
                [0.61045, 0.0, -0.792055, -5e-06, -0.792055, 0.0, -0.61045, 0.044866, 0.0, 1.0, 0.0, 0.72852, 0.0, 0.0, 0.0, 1.0],
                [0.61045, 0.0, -0.792055, -5e-06, -0.792055, 0.0, -0.61045, 0.040888, 0.0, 1.0, 0.0, 0.7295, 0.0, 0.0, 0.0, 1.0],
                [0.61045, 0.0, -0.792055, -5e-06, -0.792055, 0.0, -0.61045, 0.03706, 0.0, 1.0, 0.0, 0.730444, 0.0, 0.0, 0.0, 1.0],
                [0.61045, 0.0, -0.792055, -5e-06, -0.792055, 0.0, -0.61045, 0.03339, 0.0, 1.0, 0.0, 0.731349, 0.0, 0.0, 0.0, 1.0],
                [0.61045, 0.0, -0.792055, -5e-06, -0.792055, 0.0, -0.61045, 0.029886, 0.0, 1.0, 0.0, 0.732212, 0.0, 0.0, 0.0, 1.0],
                [0.61045, 0.0, -0.792055, -5e-06, -0.792055, 0.0, -0.61045, 0.026553, 0.0, 1.0, 0.0, 0.733034, 0.0, 0.0, 0.0, 1.0],
                [0.61045, 0.0, -0.792055, -5e-06, -0.792055, 0.0, -0.61045, 0.023399, 0.0, 1.0, 0.0, 0.733811, 0.0, 0.0, 0.0, 1.0],
                [0.61045, 0.0, -0.792055, -5e-06, -0.792055, 0.0, -0.61045, 0.020428, 0.0, 1.0, 0.0, 0.734544, 0.0, 0.0, 0.0, 1.0],
                [0.61045, 0.0, -0.792055, -5e-06, -0.792055, 0.0, -0.61045, 0.017648, 0.0, 1.0, 0.0, 0.735229, 0.0, 0.0, 0.0, 1.0],
                [0.61045, 0.0, -0.792055, -5e-06, -0.792055, 0.0, -0.61045, 0.015064, 0.0, 1.0, 0.0, 0.735866, 0.0, 0.0, 0.0, 1.0],
                [0.61045, 0.0, -0.792055, -5e-06, -0.792055, 0.0, -0.61045, 0.012681, 0.0, 1.0, 0.0, 0.736453, 0.0, 0.0, 0.0, 1.0],
                [0.61045, 0.0, -0.792055, -5e-06, -0.792055, 0.0, -0.61045, 0.010505, 0.0, 1.0, 0.0, 0.73699, 0.0, 0.0, 0.0, 1.0],
                [0.61045, 0.0, -0.792055, -5e-06, -0.792055, 0.0, -0.61045, 0.008539, 0.0, 1.0, 0.0, 0.737474, 0.0, 0.0, 0.0, 1.0],
                [0.61045, 0.0, -0.792055, -5e-06, -0.792055, 0.0, -0.61045, 0.00679, 0.0, 1.0, 0.0, 0.737905, 0.0, 0.0, 0.0, 1.0],
                [0.61045, 0.0, -0.792055, -5e-06, -0.792055, 0.0, -0.61045, 0.005262, 0.0, 1.0, 0.0, 0.738282, 0.0, 0.0, 0.0, 1.0],
                [0.61045, 0.0, -0.792055, -5e-06, -0.792055, 0.0, -0.61045, 0.003958, 0.0, 1.0, 0.0, 0.738603, 0.0, 0.0, 0.0, 1.0],
                [0.61045, 0.0, -0.792055, -5e-06, -0.792055, 0.0, -0.61045, 0.002883, 0.0, 1.0, 0.0, 0.738868, 0.0, 0.0, 0.0, 1.0],
                [0.61045, 0.0, -0.792055, -5e-06, -0.792055, 0.0, -0.61045, 0.002041, 0.0, 1.0, 0.0, 0.739076, 0.0, 0.0, 0.0, 1.0],
                [0.61045, 0.0, -0.792055, -5e-06, -0.792055, 0.0, -0.61045, 0.001435, 0.0, 1.0, 0.0, 0.739225, 0.0, 0.0, 0.0, 1.0],
                [0.61045, 0.0, -0.792055, -5e-06, -0.792055, 0.0, -0.61045, 0.001069, 0.0, 1.0, 0.0, 0.739316, 0.0, 0.0, 0.0, 1.0],
                [0.61045, 0.0, -0.792055, -5e-06, -0.792055, 0.0, -0.61045, 0.000946, 0.0, 1.0, 0.0, 0.739346, 0.0, 0.0, 0.0, 1.0]
            ]
        },
        {
            "name": "Thigh_R",
            "time": [0.0, 0.0167, 0.0333, 0.05, 0.0667, 0.0833, 0.1, 0.1167, 0.1333, 0.15, 0.1667, 0.1833, 0.2, 0.2167, 0.2333, 0.25, 0.2667, 0.2833, 0.3, 0.3167, 0.3333, 0.35, 0.3667, 0.3833, 0.4, 0.4167, 0.4333, 0.45, 0.4667, 0.4833, 0.5, 0.5167, 0.5333, 0.55, 0.5667, 0.5833, 0.6, 0.6167, 0.6333, 0.65, 0.6667, 0.6833, 0.7, 0.7167, 0.7333, 0.75, 0.7667, 0.7833, 0.8, 0.8167, 0.8333, 0.85, 0.8667, 0.8833, 0.9, 0.9167, 0.9333, 0.95, 0.9667, 0.9833, 1.0, 1.0167, 1.0333, 1.05, 1.0667, 1.0833, 1.1, 1.1167, 1.1333, 1.15, 1.1667, 1.1833, 1.2, 1.2167, 1.2333, 1.25, 1.2667, 1.2833, 1.3, 1.3167, 1.3333, 1.35, 1.3667, 1.3833, 1.4, 1.4167, 1.4333, 1.45, 1.4667, 1.4833, 1.5, 1.5167, 1.5333, 1.55, 1.5667, 1.5833, 1.6, 1.6167, 1.6333, 1.65, 1.6667, 1.6833, 1.7, 1.7167, 1.7333, 1.75, 1.7667, 1.7833, 1.8, 1.8167, 1.8333, 1.85, 1.8667, 1.8833, 1.9, 1.9167, 1.9333, 1.95, 1.9667, 1.9833, 2.0],
            "transform": [
                [0.915837, 0.093557, -0.390486, 0.124994, 0.133399, -0.988134, 0.076126, -0.002831, -0.378745, -0.121805, -0.917415, -1.2e-05, 0.0, 0.0, 0.0, 1.0],
                [0.915837, 0.093557, -0.390486, 0.124994, 0.133399, -0.988134, 0.076126, -0.002831, -0.378745, -0.121805, -0.917415, -1.2e-05, 0.0, 0.0, 0.0, 1.0],
                [0.915837, 0.093557, -0.390486, 0.124994, 0.133399, -0.988134, 0.076126, -0.002831, -0.378745, -0.121805, -0.917415, -1.2e-05, 0.0, 0.0, 0.0, 1.0],
                [0.915837, 0.093557, -0.390486, 0.124994, 0.133399, -0.988134, 0.076126, -0.002831, -0.378745, -0.121805, -0.917415, -1.2e-05, 0.0, 0.0, 0.0, 1.0],
                [0.915837, 0.093557, -0.390486, 0.124994, 0.133399, -0.988134, 0.076126, -0.002831, -0.378745, -0.121805, -0.917415, -1.2e-05, 0.0, 0.0, 0.0, 1.0],
                [0.915837, 0.093557, -0.390486, 0.124994, 0.133399, -0.988134, 0.076126, -0.002831, -0.378745, -0.121805, -0.917415, -1.2e-05, 0.0, 0.0, 0.0, 1.0],
                [0.915837, 0.093557, -0.390486, 0.124994, 0.133399, -0.988134, 0.076126, -0.002831, -0.378745, -0.121805, -0.917415, -1.2e-05, 0.0, 0.0, 0.0, 1.0],
                [0.915837, 0.093557, -0.390486, 0.124994, 0.133399, -0.988134, 0.076126, -0.002831, -0.378745, -0.121805, -0.917415, -1.2e-05, 0.0, 0.0, 0.0, 1.0],
                [0.915837, 0.093557, -0.390486, 0.124994, 0.133399, -0.988134, 0.076126, -0.002831, -0.378745, -0.121805, -0.917415, -1.2e-05, 0.0, 0.0, 0.0, 1.0],
                [0.915837, 0.093557, -0.390486, 0.124994, 0.133399, -0.988134, 0.076126, -0.002831, -0.378745, -0.121805, -0.917415, -1.2e-05, 0.0, 0.0, 0.0, 1.0],
                [0.915837, 0.093557, -0.390486, 0.124994, 0.133399, -0.988134, 0.076126, -0.002831, -0.378745, -0.121805, -0.917415, -1.2e-05, 0.0, 0.0, 0.0, 1.0],
                [0.915837, 0.093557, -0.390486, 0.124994, 0.133399, -0.988134, 0.076126, -0.002831, -0.378745, -0.121805, -0.917415, -1.2e-05, 0.0, 0.0, 0.0, 1.0],
                [0.915837, 0.093557, -0.390486, 0.124994, 0.133399, -0.988134, 0.076126, -0.002831, -0.378745, -0.121805, -0.917415, -1.2e-05, 0.0, 0.0, 0.0, 1.0],
                [0.915837, 0.093557, -0.390486, 0.124994, 0.133399, -0.988134, 0.076126, -0.002831, -0.378745, -0.121805, -0.917415, -1.2e-05, 0.0, 0.0, 0.0, 1.0],
                [0.915837, 0.093557, -0.390486, 0.124994, 0.133399, -0.988134, 0.076126, -0.002831, -0.378745, -0.121805, -0.917415, -1.2e-05, 0.0, 0.0, 0.0, 1.0],
                [0.915837, 0.093557, -0.390486, 0.124994, 0.133399, -0.988134, 0.076126, -0.002831, -0.378745, -0.121805, -0.917415, -1.2e-05, 0.0, 0.0, 0.0, 1.0],
                [0.915837, 0.093557, -0.390486, 0.124994, 0.133399, -0.988134, 0.076126, -0.002831, -0.378745, -0.121805, -0.917415, -1.2e-05, 0.0, 0.0, 0.0, 1.0],
                [0.915837, 0.093557, -0.390486, 0.124994, 0.133399, -0.988134, 0.076126, -0.002831, -0.378745, -0.121805, -0.917415, -1.2e-05, 0.0, 0.0, 0.0, 1.0],
                [0.915837, 0.093557, -0.390486, 0.124994, 0.133399, -0.988134, 0.076126, -0.002831, -0.378745, -0.121805, -0.917415, -1.2e-05, 0.0, 0.0, 0.0, 1.0],
                [0.915837, 0.093557, -0.390486, 0.124994, 0.133399, -0.988134, 0.076126, -0.002831, -0.378745, -0.121805, -0.917415, -1.2e-05, 0.0, 0.0, 0.0, 1.0],
                [0.915837, 0.093557, -0.390486, 0.124994, 0.133399, -0.988134, 0.076126, -0.002831, -0.378745, -0.121805, -0.917415, -1.2e-05, 0.0, 0.0, 0.0, 1.0],
                [0.915837, 0.093557, -0.390486, 0.124994, 0.133399, -0.988134, 0.076126, -0.002831, -0.378745, -0.121805, -0.917415, -1.2e-05, 0.0, 0.0, 0.0, 1.0],
                [0.915837, 0.093557, -0.390486, 0.124994, 0.133399, -0.988134, 0.076126, -0.002831, -0.378745, -0.121805, -0.917415, -1.2e-05, 0.0, 0.0, 0.0, 1.0],
                [0.915837, 0.093557, -0.390486, 0.124994, 0.133399, -0.988134, 0.076126, -0.002831, -0.378745, -0.121805, -0.917415, -1.2e-05, 0.0, 0.0, 0.0, 1.0],
                [0.915837, 0.093557, -0.390486, 0.124994, 0.133399, -0.988134, 0.076126, -0.002831, -0.378745, -0.121805, -0.917415, -1.2e-05, 0.0, 0.0, 0.0, 1.0],
                [0.915837, 0.093557, -0.390486, 0.124994, 0.133399, -0.988134, 0.076126, -0.002831, -0.378745, -0.121805, -0.917415, -1.2e-05, 0.0, 0.0, 0.0, 1.0],
                [0.915837, 0.093557, -0.390486, 0.124994, 0.133399, -0.988134, 0.076126, -0.002831, -0.378745, -0.121805, -0.917415, -1.2e-05, 0.0, 0.0, 0.0, 1.0],
                [0.915837, 0.093557, -0.390486, 0.124994, 0.133399, -0.988134, 0.076126, -0.002831, -0.378745, -0.121805, -0.917415, -1.2e-05, 0.0, 0.0, 0.0, 1.0],
                [0.915837, 0.093557, -0.390486, 0.124994, 0.133399, -0.988134, 0.076126, -0.002831, -0.378745, -0.121805, -0.917415, -1.2e-05, 0.0, 0.0, 0.0, 1.0],
                [0.915837, 0.093557, -0.390486, 0.124994, 0.133399, -0.988134, 0.076126, -0.002831, -0.378745, -0.121805, -0.917415, -1.2e-05, 0.0, 0.0, 0.0, 1.0],
                [0.915837, 0.093557, -0.390486, 0.124994, 0.133399, -0.988134, 0.076126, -0.002831, -0.378745, -0.121805, -0.917415, -1.2e-05, 0.0, 0.0, 0.0, 1.0],
                [0.915837, 0.093557, -0.390486, 0.124994, 0.133399, -0.988134, 0.076126, -0.002831, -0.378745, -0.121805, -0.917415, -1.2e-05, 0.0, 0.0, 0.0, 1.0],
                [0.915837, 0.093557, -0.390486, 0.124994, 0.133399, -0.988134, 0.076126, -0.002831, -0.378745, -0.121805, -0.917415, -1.2e-05, 0.0, 0.0, 0.0, 1.0],
                [0.915837, 0.093557, -0.390486, 0.124994, 0.133399, -0.988134, 0.076126, -0.002831, -0.378745, -0.121805, -0.917415, -1.2e-05, 0.0, 0.0, 0.0, 1.0],
                [0.915837, 0.093557, -0.390486, 0.124994, 0.133399, -0.988134, 0.076126, -0.002831, -0.378745, -0.121805, -0.917415, -1.2e-05, 0.0, 0.0, 0.0, 1.0],
                [0.915837, 0.093557, -0.390486, 0.124994, 0.133399, -0.988134, 0.076126, -0.002831, -0.378745, -0.121805, -0.917415, -1.2e-05, 0.0, 0.0, 0.0, 1.0],
                [0.915837, 0.093557, -0.390486, 0.124994, 0.133399, -0.988134, 0.076126, -0.002831, -0.378745, -0.121805, -0.917415, -1.2e-05, 0.0, 0.0, 0.0, 1.0],
                [0.915837, 0.093557, -0.390486, 0.124994, 0.133399, -0.988134, 0.076126, -0.002831, -0.378745, -0.121805, -0.917415, -1.2e-05, 0.0, 0.0, 0.0, 1.0],
                [0.915837, 0.093557, -0.390486, 0.124994, 0.133399, -0.988134, 0.076126, -0.002831, -0.378745, -0.121805, -0.917415, -1.2e-05, 0.0, 0.0, 0.0, 1.0],
                [0.915837, 0.093557, -0.390486, 0.124994, 0.133399, -0.988134, 0.076126, -0.002831, -0.378745, -0.121805, -0.917415, -1.2e-05, 0.0, 0.0, 0.0, 1.0],
                [0.916044, 0.096541, -0.389271, 0.124994, 0.135764, -0.987938, 0.074474, -0.002831, -0.377401, -0.121066, -0.918066, -1.2e-05, 0.0, 0.0, 0.0, 1.0],
                [0.916635, 0.105891, -0.385431, 0.124994, 0.142983, -0.987331, 0.068793, -0.002831, -0.373278, -0.118163, -0.920128, -1.2e-05, 0.0, 0.0, 0.0, 1.0],
                [0.917488, 0.12229, -0.378484, 0.124994, 0.155147, -0.986219, 0.057445, -0.002831, -0.366257, -0.11142, -0.923783, -1.2e-05, 0.0, 0.0, 0.0, 1.0],
                [0.918378, 0.146137, -0.367718, 0.124994, 0.172091, -0.984323, 0.038616, -0.002831, -0.356324, -0.098739, -0.929094, -1.2e-05, 0.0, 0.0, 0.0, 1.0],
                [0.918992, 0.176932, -0.352336, 0.124994, 0.193193, -0.981096, 0.011234, -0.002831, -0.343701, -0.078386, -0.935766, -1.2e-05, 0.0, 0.0, 0.0, 1.0],
                [0.919013, 0.212871, -0.331802, 0.124994, 0.217222, -0.975817, -0.024382, -0.002831, -0.328982, -0.049659, -0.942994, -1.2e-05, 0.0, 0.0, 0.0, 1.0],
                [0.91825, 0.250949, -0.306326, 0.124994, 0.242337, -0.96791, -0.066487, -0.002831, -0.313194, -0.013174, -0.949562, -1.2e-05, 0.0, 0.0, 0.0, 1.0],
                [0.916751, 0.287599, -0.277216, 0.124994, 0.266337, -0.957306, -0.112374, -0.002831, -0.297711, 0.029195, -0.954173, -1.2e-05, 0.0, 0.0, 0.0, 1.0],
                [0.914837, 0.319587, -0.246845, 0.124994, 0.287069, -0.944612, -0.159047, -0.002831, -0.284014, 0.074649, -0.955874, -1.2e-05, 0.0, 0.0, 0.0, 1.0],
                [0.912991, 0.34471, -0.218218, 0.124994, 0.302824, -0.931019, -0.203706, -0.002831, -0.273395, 0.119909, -0.954362, -1.2e-05, 0.0, 0.0, 0.0, 1.0],
                [0.911684, 0.361781, -0.194791, 0.124994, 0.312528, -0.918337, -0.242852, -0.002831, -0.266754, 0.160536, -0.950264, -1.2e-05, 0.0, 0.0, 0.0, 1.0],
                [0.911222, 0.368765, -0.183535, 0.124994, 0.315761, -0.911474, -0.263637, -0.002831, -0.264518, 0.182288, -0.946959, -1.2e-05, 0.0, 0.0, 0.0, 1.0],
                [0.911222, 0.368765, -0.183535, 0.124994, 0.315761, -0.911474, -0.263637, -0.002831, -0.264518, 0.182288, -0.946959, -1.2e-05, 0.0, 0.0, 0.0, 1.0],
                [0.911222, 0.368765, -0.183535, 0.124994, 0.315761, -0.911474, -0.263637, -0.002831, -0.264518, 0.182288, -0.946959, -1.2e-05, 0.0, 0.0, 0.0, 1.0],
                [0.911222, 0.368765, -0.183535, 0.124994, 0.315761, -0.911474, -0.263637, -0.002831, -0.264518, 0.182288, -0.946959, -1.2e-05, 0.0, 0.0, 0.0, 1.0],
                [0.911222, 0.368765, -0.183535, 0.124994, 0.315761, -0.911474, -0.263637, -0.002831, -0.264518, 0.182288, -0.946959, -1.2e-05, 0.0, 0.0, 0.0, 1.0],
                [0.911222, 0.368765, -0.183535, 0.124994, 0.315761, -0.911474, -0.263637, -0.002831, -0.264518, 0.182288, -0.946959, -1.2e-05, 0.0, 0.0, 0.0, 1.0],
                [0.911222, 0.368765, -0.183535, 0.124994, 0.315761, -0.911474, -0.263637, -0.002831, -0.264518, 0.182288, -0.946959, -1.2e-05, 0.0, 0.0, 0.0, 1.0],
                [0.911222, 0.368765, -0.183535, 0.124994, 0.315761, -0.911474, -0.263637, -0.002831, -0.264518, 0.182288, -0.946959, -1.2e-05, 0.0, 0.0, 0.0, 1.0],
                [0.911222, 0.368765, -0.183535, 0.124994, 0.315761, -0.911474, -0.263637, -0.002831, -0.264518, 0.182288, -0.946959, -1.2e-05, 0.0, 0.0, 0.0, 1.0],
                [0.911222, 0.368765, -0.183535, 0.124994, 0.315761, -0.911474, -0.263637, -0.002831, -0.264518, 0.182288, -0.946959, -1.2e-05, 0.0, 0.0, 0.0, 1.0],
                [0.911254, 0.368212, -0.184482, 0.124994, 0.315538, -0.912078, -0.261807, -0.002831, -0.264674, 0.180371, -0.947283, -1.2e-05, 0.0, 0.0, 0.0, 1.0],
                [0.911349, 0.366677, -0.187053, 0.124994, 0.314881, -0.913692, -0.256928, -0.002831, -0.265129, 0.175261, -0.948115, -1.2e-05, 0.0, 0.0, 0.0, 1.0],
                [0.911502, 0.364366, -0.190784, 0.124994, 0.313813, -0.915968, -0.250038, -0.002831, -0.265868, 0.168049, -0.949213, -1.2e-05, 0.0, 0.0, 0.0, 1.0],
                [0.911709, 0.361441, -0.195306, 0.124994, 0.312354, -0.918637, -0.241942, -0.002831, -0.266874, 0.159585, -0.95039, -1.2e-05, 0.0, 0.0, 0.0, 1.0],
                [0.911964, 0.358, -0.200386, 0.124994, 0.310528, -0.921532, -0.233122, -0.002831, -0.26813, 0.150382, -0.951537, -1.2e-05, 0.0, 0.0, 0.0, 1.0],
                [0.912262, 0.354107, -0.205874, 0.124994, 0.308358, -0.924555, -0.223848, -0.002831, -0.269619, 0.140734, -0.952591, -1.2e-05, 0.0, 0.0, 0.0, 1.0],
                [0.912595, 0.349803, -0.21167, 0.124994, 0.305865, -0.927644, -0.214286, -0.002831, -0.271323, 0.130823, -0.95352, -1.2e-05, 0.0, 0.0, 0.0, 1.0],
                [0.912959, 0.345124, -0.217696, 0.124994, 0.303074, -0.930755, -0.204541, -0.002831, -0.273225, 0.120769, -0.954303, -1.2e-05, 0.0, 0.0, 0.0, 1.0],
                [0.913346, 0.340098, -0.223894, 0.124994, 0.300007, -0.933857, -0.194683, -0.002831, -0.275308, 0.110653, -0.954931, -1.2e-05, 0.0, 0.0, 0.0, 1.0],
                [0.913751, 0.33475, -0.230213, 0.124994, 0.296687, -0.936929, -0.184763, -0.002831, -0.277554, 0.100535, -0.955399, -1.2e-05, 0.0, 0.0, 0.0, 1.0],
                [0.914167, 0.329106, -0.23661, 0.124994, 0.293135, -0.93995, -0.174821, -0.002831, -0.279948, 0.090466, -0.955707, -1.2e-05, 0.0, 0.0, 0.0, 1.0],
                [0.914589, 0.32319, -0.243048, 0.124994, 0.289374, -0.942906, -0.164885, -0.002831, -0.282472, 0.08048, -0.955858, -1.2e-05, 0.0, 0.0, 0.0, 1.0],
                [0.91501, 0.317027, -0.249491, 0.124994, 0.285426, -0.945784, -0.154985, -0.002831, -0.285111, 0.070611, -0.955854, -1.2e-05, 0.0, 0.0, 0.0, 1.0],
                [0.915427, 0.310642, -0.255911, 0.124994, 0.28131, -0.948575, -0.145143, -0.002831, -0.287849, 0.060887, -0.955702, -1.2e-05, 0.0, 0.0, 0.0, 1.0],
                [0.915835, 0.304059, -0.262279, 0.124994, 0.277048, -0.951269, -0.135379, -0.002831, -0.290672, 0.05133, -0.955409, -1.2e-05, 0.0, 0.0, 0.0, 1.0],
                [0.916229, 0.297303, -0.268571, 0.124994, 0.27266, -0.95386, -0.125713, -0.002831, -0.293566, 0.041962, -0.954981, -1.2e-05, 0.0, 0.0, 0.0, 1.0],
                [0.916606, 0.290399, -0.274767, 0.124994, 0.268163, -0.956343, -0.116162, -0.002831, -0.296517, 0.032801, -0.954428, -1.2e-05, 0.0, 0.0, 0.0, 1.0],
                [0.916962, 0.283373, -0.280847, 0.124994, 0.263577, -0.958712, -0.106743, -0.002831, -0.299511, 0.023864, -0.953758, -1.2e-05, 0.0, 0.0, 0.0, 1.0],
                [0.917296, 0.276247, -0.286794, 0.124994, 0.25892, -0.960967, -0.097472, -0.002831, -0.302538, 0.015163, -0.952981, -1.2e-05, 0.0, 0.0, 0.0, 1.0],
                [0.917604, 0.269049, -0.292593, 0.124994, 0.254208, -0.963103, -0.088368, -0.002831, -0.305585, 0.006716, -0.952105, -1.2e-05, 0.0, 0.0, 0.0, 1.0],
                [0.917884, 0.261799, -0.298234, 0.124994, 0.249457, -0.965121, -0.07944, -0.002831, -0.308641, -0.001471, -0.951141, -1.2e-05, 0.0, 0.0, 0.0, 1.0],
                [0.918137, 0.254522, -0.303706, 0.124994, 0.244683, -0.967021, -0.070701, -0.002831, -0.311697, -0.00939, -0.950099, -1.2e-05, 0.0, 0.0, 0.0, 1.0],
                [0.91836, 0.24724, -0.309001, 0.124994, 0.239901, -0.968804, -0.062164, -0.002831, -0.314744, -0.017032, -0.948988, -1.2e-05, 0.0, 0.0, 0.0, 1.0],
                [0.918552, 0.239975, -0.314113, 0.124994, 0.235123, -0.970472, -0.053842, -0.002831, -0.317771, -0.02439, -0.947817, -1.2e-05, 0.0, 0.0, 0.0, 1.0],
                [0.918715, 0.232748, -0.319036, 0.124994, 0.230365, -0.972027, -0.045747, -0.002831, -0.320772, -0.031458, -0.946598, -1.2e-05, 0.0, 0.0, 0.0, 1.0],
                [0.918848, 0.225585, -0.323763, 0.124994, 0.225637, -0.973473, -0.037905, -0.002831, -0.323738, -0.038216, -0.945338, -1.2e-05, 0.0, 0.0, 0.0, 1.0],
                [0.918951, 0.2185, -0.328298, 0.124994, 0.220951, -0.974813, -0.030308, -0.002831, -0.326664, -0.044678, -0.944048, -1.2e-05, 0.0, 0.0, 0.0, 1.0],
                [0.919026, 0.211509, -0.332638, 0.124994, 0.216318, -0.976052, -0.022963, -0.002831, -0.329542, -0.050844, -0.942735, -1.2e-05, 0.0, 0.0, 0.0, 1.0],
                [0.919073, 0.204631, -0.336785, 0.124994, 0.211749, -0.977194, -0.01588, -0.002831, -0.332367, -0.056711, -0.941407, -1.2e-05, 0.0, 0.0, 0.0, 1.0],
                [0.919093, 0.197881, -0.34074, 0.124994, 0.207253, -0.978245, -0.009065, -0.002831, -0.335134, -0.06228, -0.940074, -1.2e-05, 0.0, 0.0, 0.0, 1.0],
                [0.919088, 0.191276, -0.344504, 0.124994, 0.202838, -0.979208, -0.002525, -0.002831, -0.337838, -0.067551, -0.938741, -1.2e-05, 0.0, 0.0, 0.0, 1.0],
                [0.919059, 0.184827, -0.348082, 0.124994, 0.198513, -0.98009, 0.003736, -0.002831, -0.340475, -0.072525, -0.937416, -1.2e-05, 0.0, 0.0, 0.0, 1.0],
                [0.919008, 0.178549, -0.351476, 0.124994, 0.194285, -0.980896, 0.009714, -0.002831, -0.34304, -0.077206, -0.936106, -1.2e-05, 0.0, 0.0, 0.0, 1.0],
                [0.918937, 0.172453, -0.35469, 0.124994, 0.190162, -0.981631, 0.015404, -0.002831, -0.345532, -0.081597, -0.934816, -1.2e-05, 0.0, 0.0, 0.0, 1.0],
                [0.918848, 0.16655, -0.357729, 0.124994, 0.186149, -0.982301, 0.020807, -0.002831, -0.347946, -0.085703, -0.933553, -1.2e-05, 0.0, 0.0, 0.0, 1.0],
                [0.918742, 0.160848, -0.360599, 0.124994, 0.182253, -0.982909, 0.025921, -0.002831, -0.35028, -0.089528, -0.93232, -1.2e-05, 0.0, 0.0, 0.0, 1.0],
                [0.918622, 0.155357, -0.363303, 0.124994, 0.17848, -0.983463, 0.030747, -0.002831, -0.352532, -0.09308, -0.931123, -1.2e-05, 0.0, 0.0, 0.0, 1.0],
                [0.918489, 0.150082, -0.365848, 0.124994, 0.174833, -0.983965, 0.035285, -0.002831, -0.3547, -0.096365, -0.929965, -1.2e-05, 0.0, 0.0, 0.0, 1.0],
                [0.918345, 0.145032, -0.368238, 0.124994, 0.171319, -0.984421, 0.03954, -0.002831, -0.356781, -0.099391, -0.92885, -1.2e-05, 0.0, 0.0, 0.0, 1.0],
                [0.918192, 0.140209, -0.370479, 0.124994, 0.167941, -0.984836, 0.043514, -0.002831, -0.358774, -0.102166, -0.92778, -1.2e-05, 0.0, 0.0, 0.0, 1.0],
                [0.918033, 0.13562, -0.372576, 0.124994, 0.164703, -0.985212, 0.047212, -0.002831, -0.360678, -0.104701, -0.926759, -1.2e-05, 0.0, 0.0, 0.0, 1.0],
                [0.917869, 0.131266, -0.374534, 0.124994, 0.161608, -0.985554, 0.050641, -0.002831, -0.362491, -0.107003, -0.925788, -1.2e-05, 0.0, 0.0, 0.0, 1.0],
                [0.917702, 0.127151, -0.376359, 0.124994, 0.15866, -0.985866, 0.053806, -0.002831, -0.364212, -0.109085, -0.924869, -1.2e-05, 0.0, 0.0, 0.0, 1.0],
                [0.917533, 0.123276, -0.378055, 0.124994, 0.155862, -0.986149, 0.056716, -0.002831, -0.365841, -0.110957, -0.924003, -1.2e-05, 0.0, 0.0, 0.0, 1.0],
                [0.917365, 0.119643, -0.379627, 0.124994, 0.153217, -0.986407, 0.059378, -0.002831, -0.367377, -0.112631, -0.923191, -1.2e-05, 0.0, 0.0, 0.0, 1.0],
                [0.917199, 0.116251, -0.381079, 0.124994, 0.150728, -0.986641, 0.061801, -0.002831, -0.368818, -0.114118, -0.922434, -1.2e-05, 0.0, 0.0, 0.0, 1.0],
                [0.917037, 0.1131, -0.382415, 0.124994, 0.148396, -0.986855, 0.063996, -0.002831, -0.370165, -0.11543, -0.921731, -1.2e-05, 0.0, 0.0, 0.0, 1.0],
                [0.91688, 0.11019, -0.383639, 0.124994, 0.146225, -0.987049, 0.065971, -0.002831, -0.371416, -0.11658, -0.921083, -1.2e-05, 0.0, 0.0, 0.0, 1.0],
                [0.916729, 0.107519, -0.384754, 0.124994, 0.144216, -0.987225, 0.067739, -0.002831, -0.37257, -0.117581, -0.920489, -1.2e-05, 0.0, 0.0, 0.0, 1.0],
                [0.916587, 0.105087, -0.385764, 0.124994, 0.142372, -0.987384, 0.069307, -0.002831, -0.373628, -0.118443, -0.919949, -1.2e-05, 0.0, 0.0, 0.0, 1.0],
                [0.916454, 0.102891, -0.386671, 0.124994, 0.140693, -0.987526, 0.070688, -0.002831, -0.374589, -0.119179, -0.919463, -1.2e-05, 0.0, 0.0, 0.0, 1.0],
                [0.916332, 0.100929, -0.387477, 0.124994, 0.139184, -0.987653, 0.071892, -0.002831, -0.375452, -0.119803, -0.91903, -1.2e-05, 0.0, 0.0, 0.0, 1.0],
                [0.916221, 0.099201, -0.388185, 0.124994, 0.137844, -0.987765, 0.072928, -0.002831, -0.376216, -0.120322, -0.91865, -1.2e-05, 0.0, 0.0, 0.0, 1.0],
                [0.916122, 0.097705, -0.388797, 0.124994, 0.136677, -0.987862, 0.073805, -0.002831, -0.376881, -0.12075, -0.918321, -1.2e-05, 0.0, 0.0, 0.0, 1.0],
                [0.916037, 0.09644, -0.389313, 0.124994, 0.135684, -0.987945, 0.074531, -0.002831, -0.377447, -0.121092, -0.918044, -1.2e-05, 0.0, 0.0, 0.0, 1.0],
                [0.915966, 0.095405, -0.389734, 0.124994, 0.134867, -0.988012, 0.075112, -0.002831, -0.377911, -0.121358, -0.917818, -1.2e-05, 0.0, 0.0, 0.0, 1.0],
                [0.91591, 0.094598, -0.390062, 0.124994, 0.134228, -0.988065, 0.075559, -0.002831, -0.378274, -0.121558, -0.917642, -1.2e-05, 0.0, 0.0, 0.0, 1.0],
                [0.915869, 0.094021, -0.390297, 0.124994, 0.133769, -0.988104, 0.075874, -0.002831, -0.378535, -0.121696, -0.917516, -1.2e-05, 0.0, 0.0, 0.0, 1.0],
                [0.915845, 0.093674, -0.390438, 0.124994, 0.133492, -0.988127, 0.076063, -0.002831, -0.378692, -0.121777, -0.91744, -1.2e-05, 0.0, 0.0, 0.0, 1.0],
                [0.915837, 0.093557, -0.390486, 0.124994, 0.133399, -0.988134, 0.076126, -0.002831, -0.378745, -0.121805, -0.917415, -1.2e-05, 0.0, 0.0, 0.0, 1.0]
            ]
        },
        {
            "name": "Leg_R",
            "time": [0.0, 0.0167, 0.0333, 0.05, 0.0667, 0.0833, 0.1, 0.1167, 0.1333, 0.15, 0.1667, 0.1833, 0.2, 0.2167, 0.2333, 0.25, 0.2667, 0.2833, 0.3, 0.3167, 0.3333, 0.35, 0.3667, 0.3833, 0.4, 0.4167, 0.4333, 0.45, 0.4667, 0.4833, 0.5, 0.5167, 0.5333, 0.55, 0.5667, 0.5833, 0.6, 0.6167, 0.6333, 0.65, 0.6667, 0.6833, 0.7, 0.7167, 0.7333, 0.75, 0.7667, 0.7833, 0.8, 0.8167, 0.8333, 0.85, 0.8667, 0.8833, 0.9, 0.9167, 0.9333, 0.95, 0.9667, 0.9833, 1.0, 1.0167, 1.0333, 1.05, 1.0667, 1.0833, 1.1, 1.1167, 1.1333, 1.15, 1.1667, 1.1833, 1.2, 1.2167, 1.2333, 1.25, 1.2667, 1.2833, 1.3, 1.3167, 1.3333, 1.35, 1.3667, 1.3833, 1.4, 1.4167, 1.4333, 1.45, 1.4667, 1.4833, 1.5, 1.5167, 1.5333, 1.55, 1.5667, 1.5833, 1.6, 1.6167, 1.6333, 1.65, 1.6667, 1.6833, 1.7, 1.7167, 1.7333, 1.75, 1.7667, 1.7833, 1.8, 1.8167, 1.8333, 1.85, 1.8667, 1.8833, 1.9, 1.9167, 1.9333, 1.95, 1.9667, 1.9833, 2.0],
            "transform": [
                [0.999999, -0.000399, -0.000189, 0.0, 0.00044, 0.934073, 0.357071, 0.375166, 3.4e-05, -0.357086, 0.934077, -0.0, 0.0, 0.0, 0.0, 1.0],
                [0.999999, -0.000399, -0.000189, 0.0, 0.00044, 0.934073, 0.357071, 0.375166, 3.4e-05, -0.357086, 0.934077, -0.0, 0.0, 0.0, 0.0, 1.0],
                [0.999999, -0.000399, -0.000189, 0.0, 0.00044, 0.934073, 0.357071, 0.375166, 3.4e-05, -0.357086, 0.934077, -0.0, 0.0, 0.0, 0.0, 1.0],
                [0.999999, -0.000399, -0.000189, 0.0, 0.00044, 0.934073, 0.357071, 0.375166, 3.4e-05, -0.357086, 0.934077, -0.0, 0.0, 0.0, 0.0, 1.0],
                [0.999999, -0.000399, -0.000189, 0.0, 0.00044, 0.934073, 0.357071, 0.375166, 3.4e-05, -0.357086, 0.934077, -0.0, 0.0, 0.0, 0.0, 1.0],
                [0.999999, -0.000399, -0.000189, 0.0, 0.00044, 0.934073, 0.357071, 0.375166, 3.4e-05, -0.357086, 0.934077, -0.0, 0.0, 0.0, 0.0, 1.0],
                [0.999999, -0.000399, -0.000189, 0.0, 0.00044, 0.934073, 0.357071, 0.375166, 3.4e-05, -0.357086, 0.934077, -0.0, 0.0, 0.0, 0.0, 1.0],
                [0.999999, -0.000399, -0.000189, 0.0, 0.00044, 0.934073, 0.357071, 0.375166, 3.4e-05, -0.357086, 0.934077, -0.0, 0.0, 0.0, 0.0, 1.0],
