{
    "animation": [
        {
            "name": "Root",
            "time": [0.0, 0.0167, 0.0333, 0.05, 0.0667, 0.0833, 0.1, 0.1167, 0.1333, 0.15, 0.1667, 0.1833, 0.2, 0.2167, 0.2333, 0.25, 0.2667, 0.2833, 0.3, 0.3167, 0.3333, 0.35, 0.3667, 0.3833, 0.4, 0.4167, 0.4333, 0.45, 0.4667, 0.4833, 0.5, 0.5167, 0.5333, 0.55, 0.5667, 0.5833, 0.6, 0.6167, 0.6333, 0.65, 0.6667, 0.6833, 0.7, 0.7167, 0.7333, 0.75, 0.7667, 0.7833, 0.8, 0.8167, 0.8333, 0.85, 0.8667, 0.8833, 0.9, 0.9167, 0.9333, 0.95, 0.9667, 0.9833, 1.0, 1.0167, 1.0333, 1.05, 1.0667, 1.0833, 1.1, 1.1167, 1.1333, 1.15, 1.1667, 1.1833, 1.2, 1.2167, 1.2333, 1.25, 1.2667, 1.2833, 1.3, 1.3167, 1.3333, 1.35, 1.3667, 1.3833, 1.4, 1.4167, 1.4333, 1.45, 1.4667, 1.4833, 1.5, 1.5167, 1.5333, 1.55, 1.5667, 1.5833, 1.6, 1.6167, 1.6333, 1.65, 1.6667],
            "transform": [
                [0.990031, 0.0, -0.140847, 0.014911, -0.140847, 0.0, -0.990031, -0.004564, 0.0, 1.0, 0.0, 0.739346, 0.0, 0.0, 0.0, 1.0],
                [0.990086, 0.0, -0.140459, 0.017746, -0.140459, 0.0, -0.990086, -0.004527, 0.0, 1.0, 0.0, 0.739072, 0.0, 0.0, 0.0, 1.0],
                [0.990277, 0.0, -0.13911, 0.025758, -0.13911, 0.0, -0.990277, -0.004335, 0.0, 1.0, 0.0, 0.738274, 0.0, 0.0, 0.0, 1.0],
                [0.990638, 0.0, -0.136517, 0.038212, -0.136517, 0.0, -0.990638, -0.003869, 0.0, 1.0, 0.0, 0.736981, 0.0, 0.0, 0.0, 1.0],
                [0.991196, 0.0, -0.1324, 0.054368, -0.1324, 0.0, -0.991196, -0.003011, 0.0, 1.0, 0.0, 0.735227, 0.0, 0.0, 0.0, 1.0],
                [0.99197, 0.0, -0.12647, 0.07349, -0.12647, 0.0, -0.99197, -0.001642, 0.0, 1.0, 0.0, 0.733043, 0.0, 0.0, 0.0, 1.0],
                [0.992962, 0.0, -0.118436, 0.094838, -0.118436, 0.0, -0.992962, 0.00036, 0.0, 1.0, 0.0, 0.730461, 0.0, 0.0, 0.0, 1.0],
                [0.994151, 0.0, -0.108003, 0.117674, -0.108003, 0.0, -0.994151, 0.003113, 0.0, 1.0, 0.0, 0.727512, 0.0, 0.0, 0.0, 1.0],
                [0.99549, 0.0, -0.094871, 0.141257, -0.094871, 0.0, -0.99549, 0.006736, 0.0, 1.0, 0.0, 0.724229, 0.0, 0.0, 0.0, 1.0],
                [0.996895, 0.0, -0.07874, 0.164847, -0.07874, 0.0, -0.996895, 0.011352, 0.0, 1.0, 0.0, 0.720644, 0.0, 0.0, 0.0, 1.0],
                [0.99824, 0.0, -0.059309, 0.187701, -0.059309, 0.0, -0.99824, 0.017078, 0.0, 1.0, 0.0, 0.716788, 0.0, 0.0, 0.0, 1.0],
                [0.999341, 0.0, -0.036288, 0.209075, -0.036288, 0.0, -0.999341, 0.024036, 0.0, 1.0, 0.0, 0.712693, 0.0, 0.0, 0.0, 1.0],
                [0.999956, 0.0, -0.009398, 0.228226, -0.009398, 0.0, -0.999956, 0.032344, 0.0, 1.0, 0.0, 0.708391, 0.0, 0.0, 0.0, 1.0],
                [0.999766, 0.0, 0.021609, 0.244408, 0.021609, 0.0, -0.999766, 0.042122, 0.0, 1.0, 0.0, 0.703914, 0.0, 0.0, 0.0, 1.0],
                [0.998378, 0.0, 0.05694, 0.256872, 0.05694, 0.0, -0.998378, 0.053488, 0.0, 1.0, 0.0, 0.699293, 0.0, 0.0, 0.0, 1.0],
                [0.99531, 0.0, 0.096742, 0.264869, 0.096742, 0.0, -0.99531, 0.066557, 0.0, 1.0, 0.0, 0.694561, 0.0, 0.0, 0.0, 1.0],
                [0.989999, 0.0, 0.141073, 0.267649, 0.141073, 0.0, -0.989999, 0.081445, 0.0, 1.0, 0.0, 0.68975, 0.0, 0.0, 0.0, 1.0],
                [0.981709, 0.0, 0.190386, 0.265528, 0.190386, 0.0, -0.981709, 0.099364, 0.0, 1.0, 0.0, 0.684891, 0.0, 0.0, 0.0, 1.0],
                [0.969606, 0.0, 0.244672, 0.259602, 0.244672, 0.0, -0.969606, 0.121084, 0.0, 1.0, 0.0, 0.680015, 0.0, 0.0, 0.0, 1.0],
                [0.95296, 0.0, 0.303097, 0.250295, 0.303097, 0.0, -0.95296, 0.146058, 0.0, 1.0, 0.0, 0.675156, 0.0, 0.0, 0.0, 1.0],
                [0.931146, 0.0, 0.364647, 0.238031, 0.364647, 0.0, -0.931146, 0.173734, 0.0, 1.0, 0.0, 0.670345, 0.0, 0.0, 0.0, 1.0],
                [0.903718, 0.0, 0.428128, 0.223241, 0.428128, 0.0, -0.903718, 0.203559, 0.0, 1.0, 0.0, 0.665613, 0.0, 0.0, 0.0, 1.0],
                [0.870487, 0.0, 0.492192, 0.206361, 0.492192, 0.0, -0.870487, 0.234975, 0.0, 1.0, 0.0, 0.660992, 0.0, 0.0, 0.0, 1.0],
                [0.831585, 0.0, 0.555398, 0.187832, 0.555398, 0.0, -0.831585, 0.267424, 0.0, 1.0, 0.0, 0.656515, 0.0, 0.0, 0.0, 1.0],
                [0.787512, 0.0, 0.616299, 0.168106, 0.616299, 0.0, -0.787512, 0.300349, 0.0, 1.0, 0.0, 0.652213, 0.0, 0.0, 0.0, 1.0],
                [0.739146, 0.0, 0.673545, 0.147641, 0.673545, 0.0, -0.739146, 0.333196, 0.0, 1.0, 0.0, 0.648118, 0.0, 0.0, 0.0, 1.0],
                [0.68771, 0.0, 0.725986, 0.1269, 0.725986, 0.0, -0.68771, 0.365416, 0.0, 1.0, 0.0, 0.644262, 0.0, 0.0, 0.0, 1.0],
                [0.634707, 0.0, 0.772753, 0.106352, 0.772753, 0.0, -0.634707, 0.396468, 0.0, 1.0, 0.0, 0.640677, 0.0, 0.0, 0.0, 1.0],
                [0.581828, 0.0, 0.813312, 0.086469, 0.813312, 0.0, -0.581828, 0.425816, 0.0, 1.0, 0.0, 0.637394, 0.0, 0.0, 0.0, 1.0],
                [0.530851, 0.0, 0.847465, 0.067725, 0.847465, 0.0, -0.530851, 0.452933, 0.0, 1.0, 0.0, 0.634445, 0.0, 0.0, 0.0, 1.0],
                [0.483545, 0.0, 0.875319, 0.050588, 0.875319, 0.0, -0.483545, 0.477296, 0.0, 1.0, 0.0, 0.631863, 0.0, 0.0, 0.0, 1.0],
                [0.441607, 0.0, 0.897209, 0.03553, 0.897209, 0.0, -0.441607, 0.498389, 0.0, 1.0, 0.0, 0.629679, 0.0, 0.0, 0.0, 1.0],
                [0.406615, 0.0, 0.9136, 0.023015, 0.9136, 0.0, -0.406615, 0.515697, 0.0, 1.0, 0.0, 0.627925, 0.0, 0.0, 0.0, 1.0],
                [0.380021, 0.0, 0.924978, 0.013506, 0.924978, 0.0, -0.380021, 0.528703, 0.0, 1.0, 0.0, 0.626632, 0.0, 0.0, 0.0, 1.0],
                [0.363162, 0.0, 0.931726, 0.007464, 0.931726, 0.0, -0.363162, 0.536891, 0.0, 1.0, 0.0, 0.625834, 0.0, 0.0, 0.0, 1.0],
                [0.357281, 0.0, 0.933997, 0.005349, 0.933997, 0.0, -0.357281, 0.539738, 0.0, 1.0, 0.0, 0.62556, 0.0, 0.0, 0.0, 1.0],
                [0.357281, 0.0, 0.933997, 0.005349, 0.933997, 0.0, -0.357281, 0.539738, 0.0, 1.0, 0.0, 0.62556, 0.0, 0.0, 0.0, 1.0],
                [0.357281, 0.0, 0.933997, 0.005349, 0.933997, 0.0, -0.357281, 0.539738, 0.0, 1.0, 0.0, 0.62556, 0.0, 0.0, 0.0, 1.0],
                [0.357281, 0.0, 0.933997, 0.005349, 0.933997, 0.0, -0.357281, 0.539738, 0.0, 1.0, 0.0, 0.62556, 0.0, 0.0, 0.0, 1.0],
                [0.357281, 0.0, 0.933997, 0.005349, 0.933997, 0.0, -0.357281, 0.539738, 0.0, 1.0, 0.0, 0.62556, 0.0, 0.0, 0.0, 1.0],
                [0.357281, 0.0, 0.933997, 0.005349, 0.933997, 0.0, -0.357281, 0.539738, 0.0, 1.0, 0.0, 0.62556, 0.0, 0.0, 0.0, 1.0],
                [0.357281, 0.0, 0.933997, 0.005349, 0.933997, 0.0, -0.357281, 0.539738, 0.0, 1.0, 0.0, 0.62556, 0.0, 0.0, 0.0, 1.0],
                [0.357281, 0.0, 0.933997, 0.005349, 0.933997, 0.0, -0.357281, 0.539738, 0.0, 1.0, 0.0, 0.62556, 0.0, 0.0, 0.0, 1.0],
                [0.357281, 0.0, 0.933997, 0.005349, 0.933997, 0.0, -0.357281, 0.539738, 0.0, 1.0, 0.0, 0.62556, 0.0, 0.0, 0.0, 1.0],
                [0.357281, 0.0, 0.933997, 0.005349, 0.933997, 0.0, -0.357281, 0.539738, 0.0, 1.0, 0.0, 0.62556, 0.0, 0.0, 0.0, 1.0],
                [0.357281, 0.0, 0.933997, 0.005349, 0.933997, 0.0, -0.357281, 0.539738, 0.0, 1.0, 0.0, 0.62556, 0.0, 0.0, 0.0, 1.0],
                [0.357281, 0.0, 0.933997, 0.005349, 0.933997, 0.0, -0.357281, 0.539738, 0.0, 1.0, 0.0, 0.62556, 0.0, 0.0, 0.0, 1.0],
                [0.357281, 0.0, 0.933997, 0.005349, 0.933997, 0.0, -0.357281, 0.539738, 0.0, 1.0, 0.0, 0.62556, 0.0, 0.0, 0.0, 1.0],
                [0.357281, 0.0, 0.933997, 0.005349, 0.933997, 0.0, -0.357281, 0.539738, 0.0, 1.0, 0.0, 0.62556, 0.0, 0.0, 0.0, 1.0],
                [0.357281, 0.0, 0.933997, 0.005349, 0.933997, 0.0, -0.357281, 0.539738, 0.0, 1.0, 0.0, 0.62556, 0.0, 0.0, 0.0, 1.0],
                [0.357281, 0.0, 0.933997, 0.005349, 0.933997, 0.0, -0.357281, 0.539738, 0.0, 1.0, 0.0, 0.62556, 0.0, 0.0, 0.0, 1.0],
                [0.357281, 0.0, 0.933997, 0.005349, 0.933997, 0.0, -0.357281, 0.539738, 0.0, 1.0, 0.0, 0.62556, 0.0, 0.0, 0.0, 1.0],
                [0.357281, 0.0, 0.933997, 0.005349, 0.933997, 0.0, -0.357281, 0.539738, 0.0, 1.0, 0.0, 0.62556, 0.0, 0.0, 0.0, 1.0],
                [0.357281, 0.0, 0.933997, 0.005349, 0.933997, 0.0, -0.357281, 0.539738, 0.0, 1.0, 0.0, 0.62556, 0.0, 0.0, 0.0, 1.0],
                [0.357281, 0.0, 0.933997, 0.005349, 0.933997, 0.0, -0.357281, 0.539738, 0.0, 1.0, 0.0, 0.62556, 0.0, 0.0, 0.0, 1.0],
                [0.357281, 0.0, 0.933997, 0.005349, 0.933997, 0.0, -0.357281, 0.539738, 0.0, 1.0, 0.0, 0.62556, 0.0, 0.0, 0.0, 1.0],
                [0.357281, 0.0, 0.933997, 0.005349, 0.933997, 0.0, -0.357281, 0.539738, 0.0, 1.0, 0.0, 0.62556, 0.0, 0.0, 0.0, 1.0],
                [0.357281, 0.0, 0.933997, 0.005349, 0.933997, 0.0, -0.357281, 0.539738, 0.0, 1.0, 0.0, 0.62556, 0.0, 0.0, 0.0, 1.0],
                [0.357281, 0.0, 0.933997, 0.005349, 0.933997, 0.0, -0.357281, 0.539738, 0.0, 1.0, 0.0, 0.62556, 0.0, 0.0, 0.0, 1.0],
                [0.357281, 0.0, 0.933997, 0.005349, 0.933997, 0.0, -0.357281, 0.539738, 0.0, 1.0, 0.0, 0.62556, 0.0, 0.0, 0.0, 1.0],
                [0.357281, 0.0, 0.933997, 0.005349, 0.933997, 0.0, -0.357281, 0.539738, 0.0, 1.0, 0.0, 0.62556, 0.0, 0.0, 0.0, 1.0],
                [0.359268, 0.0, 0.933235, 0.005388, 0.933235, 0.0, -0.359268, 0.539728, 0.0, 1.0, 0.0, 0.62577, 0.0, 0.0, 0.0, 1.0],
                [0.365101, 0.0, 0.930968, 0.005505, 0.930968, 0.0, -0.365101, 0.539697, 0.0, 1.0, 0.0, 0.626385, 0.0, 0.0, 0.0, 1.0],
                [0.374605, 0.0, 0.927185, 0.005694, 0.927185, 0.0, -0.374605, 0.539645, 0.0, 1.0, 0.0, 0.627384, 0.0, 0.0, 0.0, 1.0],
                [0.387607, 0.0, 0.921825, 0.005953, 0.921825, 0.0, -0.387607, 0.53957, 0.0, 1.0, 0.0, 0.628746, 0.0, 0.0, 0.0, 1.0],
                [0.403941, 0.0, 0.914785, 0.006278, 0.914785, 0.0, -0.403941, 0.539467, 0.0, 1.0, 0.0, 0.630449, 0.0, 0.0, 0.0, 1.0],
                [0.423434, 0.0, 0.905927, 0.006664, 0.905927, 0.0, -0.423434, 0.539334, 0.0, 1.0, 0.0, 0.632473, 0.0, 0.0, 0.0, 1.0],
                [0.445896, 0.0, 0.895085, 0.007109, 0.895085, 0.0, -0.445896, 0.539164, 0.0, 1.0, 0.0, 0.634795, 0.0, 0.0, 0.0, 1.0],
                [0.471116, 0.0, 0.882071, 0.007607, 0.882071, 0.0, -0.471116, 0.538953, 0.0, 1.0, 0.0, 0.637394, 0.0, 0.0, 0.0, 1.0],
                [0.498854, 0.0, 0.866686, 0.008153, 0.866686, 0.0, -0.498854, 0.538696, 0.0, 1.0, 0.0, 0.640249, 0.0, 0.0, 0.0, 1.0],
                [0.528829, 0.0, 0.848728, 0.00874, 0.848728, 0.0, -0.528829, 0.538386, 0.0, 1.0, 0.0, 0.643339, 0.0, 0.0, 0.0, 1.0],
                [0.560719, 0.0, 0.828006, 0.009361, 0.828006, 0.0, -0.560719, 0.538019, 0.0, 1.0, 0.0, 0.646643, 0.0, 0.0, 0.0, 1.0],
                [0.594155, 0.0, 0.80435, 0.010008, 0.80435, 0.0, -0.594155, 0.537589, 0.0, 1.0, 0.0, 0.650138, 0.0, 0.0, 0.0, 1.0],
                [0.628725, 0.0, 0.777628, 0.010671, 0.777628, 0.0, -0.628725, 0.537093, 0.0, 1.0, 0.0, 0.653804, 0.0, 0.0, 0.0, 1.0],
                [0.663972, 0.0, 0.747757, 0.01134, 0.747757, 0.0, -0.663972, 0.536529, 0.0, 1.0, 0.0, 0.657619, 0.0, 0.0, 0.0, 1.0],
                [0.699407, 0.0, 0.714724, 0.012003, 0.714724, 0.0, -0.699407, 0.535895, 0.0, 1.0, 0.0, 0.661563, 0.0, 0.0, 0.0, 1.0],
                [0.734519, 0.0, 0.678588, 0.012651, 0.678588, 0.0, -0.734519, 0.535193, 0.0, 1.0, 0.0, 0.665613, 0.0, 0.0, 0.0, 1.0],
                [0.768793, 0.0, 0.639497, 0.013271, 0.639497, 0.0, -0.768793, 0.534424, 0.0, 1.0, 0.0, 0.669748, 0.0, 0.0, 0.0, 1.0],
                [0.801727, 0.0, 0.59769, 0.013852, 0.59769, 0.0, -0.801727, 0.533595, 0.0, 1.0, 0.0, 0.673948, 0.0, 0.0, 0.0, 1.0],
                [0.832854, 0.0, 0.553492, 0.014384, 0.553492, 0.0, -0.832854, 0.532712, 0.0, 1.0, 0.0, 0.67819, 0.0, 0.0, 0.0, 1.0],
                [0.861763, 0.0, 0.507312, 0.01486, 0.507312, 0.0, -0.861763, 0.531784, 0.0, 1.0, 0.0, 0.682453, 0.0, 0.0, 0.0, 1.0],
                [0.888113, 0.0, 0.459625, 0.015272, 0.459625, 0.0, -0.888113, 0.530822, 0.0, 1.0, 0.0, 0.686716, 0.0, 0.0, 0.0, 1.0],
                [0.911653, 0.0, 0.410961, 0.015615, 0.410961, 0.0, -0.911653, 0.529837, 0.0, 1.0, 0.0, 0.690958, 0.0, 0.0, 0.0, 1.0],
                [0.932226, 0.0, 0.361876, 0.015887, 0.361876, 0.0, -0.932226, 0.528842, 0.0, 1.0, 0.0, 0.695158, 0.0, 0.0, 0.0, 1.0],
                [0.949773, 0.0, 0.312939, 0.016089, 0.312939, 0.0, -0.949773, 0.527849, 0.0, 1.0, 0.0, 0.699293, 0.0, 0.0, 0.0, 1.0],
                [0.96433, 0.0, 0.264703, 0.016223, 0.264703, 0.0, -0.96433, 0.52687, 0.0, 1.0, 0.0, 0.703343, 0.0, 0.0, 0.0, 1.0],
                [0.976018, 0.0, 0.217689, 0.016293, 0.217689, 0.0, -0.976018, 0.525917, 0.0, 1.0, 0.0, 0.707287, 0.0, 0.0, 0.0, 1.0],
                [0.985031, 0.0, 0.172376, 0.016305, 0.172376, 0.0, -0.985031, 0.525, 0.0, 1.0, 0.0, 0.711102, 0.0, 0.0, 0.0, 1.0],
                [0.991621, 0.0, 0.129181, 0.016266, 0.129181, 0.0, -0.991621, 0.524127, 0.0, 1.0, 0.0, 0.714768, 0.0, 0.0, 0.0, 1.0],
                [0.996079, 0.0, 0.088466, 0.016186, 0.088466, 0.0, -0.996079, 0.523307, 0.0, 1.0, 0.0, 0.718263, 0.0, 0.0, 0.0, 1.0],
                [0.998723, 0.0, 0.050526, 0.016072, 0.050526, 0.0, -0.998723, 0.522545, 0.0, 1.0, 0.0, 0.721567, 0.0, 0.0, 0.0, 1.0],
                [0.999878, 0.0, 0.015603, 0.015934, 0.015603, 0.0, -0.999878, 0.521846, 0.0, 1.0, 0.0, 0.724657, 0.0, 0.0, 0.0, 1.0],
                [0.99987, 0.0, -0.016116, 0.01578, -0.016116, 0.0, -0.99987, 0.521213, 0.0, 1.0, 0.0, 0.727512, 0.0, 0.0, 0.0, 1.0],
                [0.99901, 0.0, -0.044483, 0.01562, -0.044483, 0.0, -0.99901, 0.520649, 0.0, 1.0, 0.0, 0.730111, 0.0, 0.0, 0.0, 1.0],
                [0.99759, 0.0, -0.069384, 0.015462, -0.069384, 0.0, -0.99759, 0.520155, 0.0, 1.0, 0.0, 0.732433, 0.0, 0.0, 0.0, 1.0],
                [0.995876, 0.0, -0.090726, 0.015313, -0.090726, 0.0, -0.995876, 0.519733, 0.0, 1.0, 0.0, 0.734457, 0.0, 0.0, 0.0, 1.0],
                [0.994105, 0.0, -0.108424, 0.015179, -0.108424, 0.0, -0.994105, 0.519385, 0.0, 1.0, 0.0, 0.73616, 0.0, 0.0, 0.0, 1.0],
                [0.992482, 0.0, -0.122394, 0.015067, -0.122394, 0.0, -0.992482, 0.51911, 0.0, 1.0, 0.0, 0.737522, 0.0, 0.0, 0.0, 1.0],
                [0.991178, 0.0, -0.132539, 0.014983, -0.132539, 0.0, -0.991178, 0.518911, 0.0, 1.0, 0.0, 0.738521, 0.0, 0.0, 0.0, 1.0],
                [0.990329, 0.0, -0.13874, 0.01493, -0.13874, 0.0, -0.990329, 0.518789, 0.0, 1.0, 0.0, 0.739136, 0.0, 0.0, 0.0, 1.0],
                [0.990031, 0.0, -0.140847, 0.014911, -0.140847, 0.0, -0.990031, 0.518748, 0.0, 1.0, 0.0, 0.739346, 0.0, 0.0, 0.0, 1.0]
            ]
        },
        {
            "name": "Thigh_R",
            "time": [0.0, 0.0167, 0.0333, 0.05, 0.0667, 0.0833, 0.1, 0.1167, 0.1333, 0.15, 0.1667, 0.1833, 0.2, 0.2167, 0.2333, 0.25, 0.2667, 0.2833, 0.3, 0.3167, 0.3333, 0.35, 0.3667, 0.3833, 0.4, 0.4167, 0.4333, 0.45, 0.4667, 0.4833, 0.5, 0.5167, 0.5333, 0.55, 0.5667, 0.5833, 0.6, 0.6167, 0.6333, 0.65, 0.6667, 0.6833, 0.7, 0.7167, 0.7333, 0.75, 0.7667, 0.7833, 0.8, 0.8167, 0.8333, 0.85, 0.8667, 0.8833, 0.9, 0.9167, 0.9333, 0.95, 0.9667, 0.9833, 1.0, 1.0167, 1.0333, 1.05, 1.0667, 1.0833, 1.1, 1.1167, 1.1333, 1.15, 1.1667, 1.1833, 1.2, 1.2167, 1.2333, 1.25, 1.2667, 1.2833, 1.3, 1.3167, 1.3333, 1.35, 1.3667, 1.3833, 1.4, 1.4167, 1.4333, 1.45, 1.4667, 1.4833, 1.5, 1.5167, 1.5333, 1.55, 1.5667, 1.5833, 1.6, 1.6167, 1.6333, 1.65, 1.6667],
            "transform": [
                [0.880713, -0.037443, 0.472171, 0.124994, 0.051562, -0.983367, -0.174157, -0.002831, 0.470836, 0.177727, -0.864137, -1.2e-05, 0.0, 0.0, 0.0, 1.0],
                [0.881212, -0.033381, 0.471544, 0.124994, 0.052112, -0.984564, -0.167086, -0.002831, 0.469841, 0.17181, -0.865874, -1.2e-05, 0.0, 0.0, 0.0, 1.0],
                [0.88266, -0.023033, 0.469448, 0.124994, 0.053722, -0.987309, -0.149451, -0.002831, 0.466931, 0.157133, -0.870225, -1.2e-05, 0.0, 0.0, 0.0, 1.0],
                [0.884978, -0.009041, 0.465547, 0.124994, 0.056334, -0.990388, -0.126324, -0.002831, 0.462213, 0.138019, -0.875966, -1.2e-05, 0.0, 0.0, 0.0, 1.0],
                [0.88807, 0.00703, 0.459658, 0.124994, 0.059901, -0.993128, -0.100543, -0.002831, 0.45579, 0.116822, -0.882392, -1.2e-05, 0.0, 0.0, 0.0, 1.0],
                [0.891832, 0.024352, 0.451714, 0.124994, 0.064382, -0.995218, -0.07346, -0.002831, 0.447763, 0.094595, -0.889138, -1.2e-05, 0.0, 0.0, 0.0, 1.0],
                [0.896154, 0.042423, 0.441713, 0.124994, 0.069738, -0.996514, -0.04578, -0.002831, 0.43823, 0.071829, -0.895992, -1.2e-05, 0.0, 0.0, 0.0, 1.0],
                [0.90092, 0.060874, 0.429697, 0.124994, 0.075935, -0.996951, -0.017975, -0.002831, 0.427291, 0.048822, -0.902799, -1.2e-05, 0.0, 0.0, 0.0, 1.0],
                [0.906012, 0.079531, 0.415715, 0.124994, 0.082937, -0.996506, 0.009887, -0.002831, 0.415047, 0.025519, -0.909446, -1.2e-05, 0.0, 0.0, 0.0, 1.0],
                [0.91131, 0.098145, 0.399852, 0.124994, 0.09071, -0.99517, 0.037529, -0.002831, 0.401602, 0.002069, -0.915815, -1.2e-05, 0.0, 0.0, 0.0, 1.0],
                [0.916698, 0.116495, 0.382223, 0.124994, 0.099215, -0.992961, 0.064685, -0.002831, 0.387067, -0.021376, -0.921807, -1.2e-05, 0.0, 0.0, 0.0, 1.0],
                [0.92206, 0.134432, 0.362952, 0.124994, 0.108412, -0.989911, 0.09123, -0.002831, 0.371553, -0.044772, -0.927335, -1.2e-05, 0.0, 0.0, 0.0, 1.0],
                [0.927287, 0.151867, 0.342163, 0.124994, 0.118258, -0.986047, 0.117163, -0.002831, 0.355181, -0.068182, -0.932312, -1.2e-05, 0.0, 0.0, 0.0, 1.0],
                [0.932278, 0.168643, 0.320028, 0.124994, 0.128701, -0.981428, 0.142253, -0.002831, 0.338073, -0.091432, -0.936672, -1.2e-05, 0.0, 0.0, 0.0, 1.0],
                [0.936939, 0.18469, 0.296706, 0.124994, 0.139688, -0.9761, 0.166483, -0.002831, 0.320361, -0.114539, -0.940349, -1.2e-05, 0.0, 0.0, 0.0, 1.0],
                [0.94119, 0.199909, 0.272393, 0.124994, 0.151157, -0.970138, 0.189697, -0.002831, 0.302179, -0.137368, -0.943306, -1.2e-05, 0.0, 0.0, 0.0, 1.0],
                [0.944962, 0.214251, 0.247276, 0.124994, 0.163039, -0.963605, 0.21186, -0.002831, 0.283666, -0.159885, -0.945504, -1.2e-05, 0.0, 0.0, 0.0, 1.0],
                [0.948198, 0.227678, 0.221552, 0.124994, 0.175261, -0.956569, 0.232939, -0.002831, 0.264964, -0.182044, -0.946922, -1.2e-05, 0.0, 0.0, 0.0, 1.0],
                [0.950858, 0.240139, 0.195454, 0.124994, 0.18774, -0.949131, 0.252793, -0.002831, 0.246216, -0.203677, -0.947576, -1.2e-05, 0.0, 0.0, 0.0, 1.0],
                [0.952921, 0.25163, 0.16919, 0.124994, 0.200388, -0.941367, 0.271427, -0.002831, 0.227568, -0.224746, -0.947476, -1.2e-05, 0.0, 0.0, 0.0, 1.0],
                [0.954376, 0.26215, 0.14298, 0.124994, 0.213112, -0.933368, 0.288805, -0.002831, 0.209162, -0.24516, -0.946655, -1.2e-05, 0.0, 0.0, 0.0, 1.0],
                [0.955236, 0.271706, 0.117049, 0.124994, 0.22581, -0.925227, 0.304901, -0.002831, 0.19114, -0.264823, -0.945168, -1.2e-05, 0.0, 0.0, 0.0, 1.0],
                [0.955524, 0.280329, 0.0916, 0.124994, 0.238378, -0.91702, 0.319767, -0.002831, 0.173639, -0.283711, -0.943062, -1.2e-05, 0.0, 0.0, 0.0, 1.0],
                [0.955281, 0.288035, 0.066886, 0.124994, 0.250708, -0.90888, 0.333291, -0.002831, 0.15679, -0.301619, -0.940453, -1.2e-05, 0.0, 0.0, 0.0, 1.0],
                [0.954564, 0.294873, 0.043102, 0.124994, 0.262688, -0.900886, 0.345543, -0.002831, 0.140721, -0.318522, -0.937416, -1.2e-05, 0.0, 0.0, 0.0, 1.0],
                [0.953441, 0.300887, 0.020454, 0.124994, 0.274205, -0.893132, 0.356549, -0.002831, 0.125549, -0.334341, -0.934057, -1.2e-05, 0.0, 0.0, 0.0, 1.0],
                [0.95199, 0.306127, -0.000858, 0.124994, 0.285145, -0.885714, 0.366338, -0.002831, 0.111385, -0.348997, -0.930485, -1.2e-05, 0.0, 0.0, 0.0, 1.0],
                [0.950302, 0.310645, -0.020645, 0.124994, 0.295392, -0.878724, 0.37495, -0.002831, 0.098335, -0.362415, -0.926819, -1.2e-05, 0.0, 0.0, 0.0, 1.0],
                [0.948469, 0.314494, -0.038724, 0.124994, 0.304835, -0.872253, 0.382427, -0.002831, 0.086494, -0.374526, -0.923178, -1.2e-05, 0.0, 0.0, 0.0, 1.0],
                [0.946592, 0.317724, -0.054919, 0.124994, 0.313361, -0.866388, 0.388815, -0.002831, 0.075954, -0.38526, -0.919681, -1.2e-05, 0.0, 0.0, 0.0, 1.0],
                [0.944768, 0.320381, -0.069065, 0.124994, 0.320861, -0.861214, 0.394157, -0.002831, 0.066801, -0.394548, -0.916448, -1.2e-05, 0.0, 0.0, 0.0, 1.0],
                [0.943095, 0.322508, -0.080997, 0.124994, 0.327226, -0.856812, 0.398494, -0.002831, 0.059119, -0.402323, -0.913592, -1.2e-05, 0.0, 0.0, 0.0, 1.0],
                [0.941665, 0.324138, -0.090556, 0.124994, 0.332352, -0.85326, 0.401858, -0.002831, 0.05299, -0.408513, -0.911217, -1.2e-05, 0.0, 0.0, 0.0, 1.0],
                [0.940564, 0.325295, -0.097583, 0.124994, 0.336136, -0.850636, 0.404268, -0.002831, 0.048498, -0.413042, -0.909424, -1.2e-05, 0.0, 0.0, 0.0, 1.0],
                [0.939862, 0.325992, -0.101921, 0.124994, 0.338478, -0.84901, 0.405728, -0.002831, 0.045732, -0.415828, -0.908297, -1.2e-05, 0.0, 0.0, 0.0, 1.0],
                [0.939619, 0.326227, -0.103403, 0.124994, 0.339279, -0.848453, 0.406223, -0.002831, 0.044788, -0.416779, -0.907908, -1.2e-05, 0.0, 0.0, 0.0, 1.0],
                [0.939619, 0.326227, -0.103403, 0.124994, 0.339279, -0.848453, 0.406223, -0.002831, 0.044788, -0.416779, -0.907908, -1.2e-05, 0.0, 0.0, 0.0, 1.0],
                [0.939619, 0.326227, -0.103403, 0.124994, 0.339279, -0.848453, 0.406223, -0.002831, 0.044788, -0.416779, -0.907908, -1.2e-05, 0.0, 0.0, 0.0, 1.0],
                [0.939619, 0.326227, -0.103403, 0.124994, 0.339279, -0.848453, 0.406223, -0.002831, 0.044788, -0.416779, -0.907908, -1.2e-05, 0.0, 0.0, 0.0, 1.0],
                [0.939619, 0.326227, -0.103403, 0.124994, 0.339279, -0.848453, 0.406223, -0.002831, 0.044788, -0.416779, -0.907908, -1.2e-05, 0.0, 0.0, 0.0, 1.0],
                [0.939619, 0.326227, -0.103403, 0.124994, 0.339279, -0.848453, 0.406223, -0.002831, 0.044788, -0.416779, -0.907908, -1.2e-05, 0.0, 0.0, 0.0, 1.0],
                [0.939619, 0.326227, -0.103403, 0.124994, 0.339279, -0.848453, 0.406223, -0.002831, 0.044788, -0.416779, -0.907908, -1.2e-05, 0.0, 0.0, 0.0, 1.0],
                [0.939619, 0.326227, -0.103403, 0.124994, 0.339279, -0.848453, 0.406223, -0.002831, 0.044788, -0.416779, -0.907908, -1.2e-05, 0.0, 0.0, 0.0, 1.0],
                [0.939619, 0.326227, -0.103403, 0.124994, 0.339279, -0.848453, 0.406223, -0.002831, 0.044788, -0.416779, -0.907908, -1.2e-05, 0.0, 0.0, 0.0, 1.0],
                [0.939619, 0.326227, -0.103403, 0.124994, 0.339279, -0.848453, 0.406223, -0.002831, 0.044788, -0.416779, -0.907908, -1.2e-05, 0.0, 0.0, 0.0, 1.0],
                [0.939619, 0.326227, -0.103403, 0.124994, 0.339279, -0.848453, 0.406223, -0.002831, 0.044788, -0.416779, -0.907908, -1.2e-05, 0.0, 0.0, 0.0, 1.0],
                [0.939619, 0.326227, -0.103403, 0.124994, 0.339279, -0.848453, 0.406223, -0.002831, 0.044788, -0.416779, -0.907908, -1.2e-05, 0.0, 0.0, 0.0, 1.0],
                [0.939619, 0.326227, -0.103403, 0.124994, 0.339279, -0.848453, 0.406223, -0.002831, 0.044788, -0.416779, -0.907908, -1.2e-05, 0.0, 0.0, 0.0, 1.0],
                [0.939619, 0.326227, -0.103403, 0.124994, 0.339279, -0.848453, 0.406223, -0.002831, 0.044788, -0.416779, -0.907908, -1.2e-05, 0.0, 0.0, 0.0, 1.0],
                [0.939619, 0.326227, -0.103403, 0.124994, 0.339279, -0.848453, 0.406223, -0.002831, 0.044788, -0.416779, -0.907908, -1.2e-05, 0.0, 0.0, 0.0, 1.0],
                [0.939619, 0.326227, -0.103403, 0.124994, 0.339279, -0.848453, 0.406223, -0.002831, 0.044788, -0.416779, -0.907908, -1.2e-05, 0.0, 0.0, 0.0, 1.0],
                [0.939619, 0.326227, -0.103403, 0.124994, 0.339279, -0.848453, 0.406223, -0.002831, 0.044788, -0.416779, -0.907908, -1.2e-05, 0.0, 0.0, 0.0, 1.0],
                [0.939619, 0.326227, -0.103403, 0.124994, 0.339279, -0.848453, 0.406223, -0.002831, 0.044788, -0.416779, -0.907908, -1.2e-05, 0.0, 0.0, 0.0, 1.0],
                [0.939619, 0.326227, -0.103403, 0.124994, 0.339279, -0.848453, 0.406223, -0.002831, 0.044788, -0.416779, -0.907908, -1.2e-05, 0.0, 0.0, 0.0, 1.0],
                [0.939619, 0.326227, -0.103403, 0.124994, 0.339279, -0.848453, 0.406223, -0.002831, 0.044788, -0.416779, -0.907908, -1.2e-05, 0.0, 0.0, 0.0, 1.0],
                [0.939619, 0.326227, -0.103403, 0.124994, 0.339279, -0.848453, 0.406223, -0.002831, 0.044788, -0.416779, -0.907908, -1.2e-05, 0.0, 0.0, 0.0, 1.0],
                [0.939619, 0.326227, -0.103403, 0.124994, 0.339279, -0.848453, 0.406223, -0.002831, 0.044788, -0.416779, -0.907908, -1.2e-05, 0.0, 0.0, 0.0, 1.0],
                [0.939619, 0.326227, -0.103403, 0.124994, 0.339279, -0.848453, 0.406223, -0.002831, 0.044788, -0.416779, -0.907908, -1.2e-05, 0.0, 0.0, 0.0, 1.0],
                [0.939619, 0.326227, -0.103403, 0.124994, 0.339279, -0.848453, 0.406223, -0.002831, 0.044788, -0.416779, -0.907908, -1.2e-05, 0.0, 0.0, 0.0, 1.0],
                [0.939619, 0.326227, -0.103403, 0.124994, 0.339279, -0.848453, 0.406223, -0.002831, 0.044788, -0.416779, -0.907908, -1.2e-05, 0.0, 0.0, 0.0, 1.0],
                [0.939619, 0.326227, -0.103403, 0.124994, 0.339279, -0.848453, 0.406223, -0.002831, 0.044788, -0.416779, -0.907908, -1.2e-05, 0.0, 0.0, 0.0, 1.0],
                [0.939806, 0.326047, -0.102265, 0.124994, 0.338664, -0.84888, 0.405844, -0.002831, 0.045513, -0.416049, -0.908207, -1.2e-05, 0.0, 0.0, 0.0, 1.0],
                [0.940349, 0.325512, -0.098926, 0.124994, 0.33686, -0.850133, 0.404722, -0.002831, 0.047641, -0.413905, -0.909077, -1.2e-05, 0.0, 0.0, 0.0, 1.0],
                [0.94121, 0.324627, -0.093496, 0.124994, 0.333934, -0.852163, 0.402872, -0.002831, 0.051109, -0.41041, -0.910472, -1.2e-05, 0.0, 0.0, 0.0, 1.0],
                [0.942344, 0.323384, -0.086083, 0.124994, 0.329951, -0.854925, 0.400296, -0.002831, 0.055855, -0.40562, -0.912338, -1.2e-05, 0.0, 0.0, 0.0, 1.0],
                [0.943699, 0.32177, -0.076792, 0.124994, 0.324979, -0.858367, 0.396984, -0.002831, 0.061822, -0.39959, -0.914611, -1.2e-05, 0.0, 0.0, 0.0, 1.0],
                [0.945213, 0.319768, -0.06573, 0.124994, 0.319088, -0.862438, 0.392918, -0.002831, 0.068955, -0.392366, -0.917226, -1.2e-05, 0.0, 0.0, 0.0, 1.0],
                [0.946826, 0.317352, -0.053004, 0.124994, 0.31235, -0.867085, 0.388074, -0.002831, 0.077197, -0.383996, -0.920107, -1.2e-05, 0.0, 0.0, 0.0, 1.0],
                [0.948469, 0.314494, -0.038724, 0.124994, 0.304835, -0.872253, 0.382427, -0.002831, 0.086494, -0.374526, -0.923178, -1.2e-05, 0.0, 0.0, 0.0, 1.0],
                [0.950078, 0.311161, -0.023002, 0.124994, 0.296619, -0.877885, 0.375946, -0.002831, 0.096786, -0.364002, -0.92636, -1.2e-05, 0.0, 0.0, 0.0, 1.0],
                [0.951587, 0.307322, -0.005956, 0.124994, 0.287776, -0.883923, 0.3686, -0.002831, 0.108014, -0.35247, -0.929573, -1.2e-05, 0.0, 0.0, 0.0, 1.0],
                [0.952931, 0.30294, 0.012295, 0.124994, 0.278381, -0.890306, 0.36036, -0.002831, 0.120113, -0.339977, -0.932736, -1.2e-05, 0.0, 0.0, 0.0, 1.0],
                [0.954048, 0.29798, 0.031624, 0.124994, 0.268512, -0.896973, 0.3512, -0.002831, 0.133015, -0.326572, -0.93577, -1.2e-05, 0.0, 0.0, 0.0, 1.0],
                [0.954884, 0.292408, 0.051899, 0.124994, 0.258244, -0.90386, 0.341096, -0.002831, 0.146648, -0.312306, -0.938598, -1.2e-05, 0.0, 0.0, 0.0, 1.0],
                [0.955389, 0.286192, 0.072986, 0.124994, 0.247654, -0.910905, 0.330029, -0.002831, 0.160934, -0.297233, -0.941149, -1.2e-05, 0.0, 0.0, 0.0, 1.0],
                [0.955518, 0.279302, 0.094744, 0.124994, 0.236818, -0.918042, 0.317987, -0.002831, 0.175793, -0.281406, -0.943353, -1.2e-05, 0.0, 0.0, 0.0, 1.0],
                [0.955236, 0.271706, 0.117049, 0.124994, 0.22581, -0.925227, 0.304901, -0.002831, 0.19114, -0.264823, -0.945168, -1.2e-05, 0.0, 0.0, 0.0, 1.0],
                [0.954516, 0.263397, 0.139718, 0.124994, 0.214702, -0.932356, 0.290889, -0.002831, 0.206885, -0.247662, -0.946504, -1.2e-05, 0.0, 0.0, 0.0, 1.0],
                [0.953341, 0.254351, 0.162623, 0.124994, 0.203566, -0.939386, 0.27589, -0.002831, 0.222938, -0.229914, -0.947337, -1.2e-05, 0.0, 0.0, 0.0, 1.0],
                [0.951702, 0.244562, 0.185613, 0.124994, 0.192468, -0.946253, 0.259926, -0.002831, 0.239204, -0.211649, -0.947626, -1.2e-05, 0.0, 0.0, 0.0, 1.0],
                [0.949601, 0.234029, 0.208538, 0.124994, 0.181473, -0.952896, 0.243016, -0.002831, 0.255587, -0.192926, -0.947345, -1.2e-05, 0.0, 0.0, 0.0, 1.0],
                [0.947049, 0.222738, 0.23127, 0.124994, 0.170643, -0.959275, 0.225105, -0.002831, 0.27199, -0.173722, -0.946493, -1.2e-05, 0.0, 0.0, 0.0, 1.0],
                [0.944067, 0.210751, 0.253619, 0.124994, 0.160034, -0.965287, 0.206422, -0.002831, 0.288318, -0.15429, -0.945026, -1.2e-05, 0.0, 0.0, 0.0, 1.0],
                [0.940684, 0.198054, 0.27548, 0.124994, 0.149699, -0.970916, 0.186851, -0.002831, 0.304473, -0.13453, -0.942977, -1.2e-05, 0.0, 0.0, 0.0, 1.0],
                [0.93694, 0.18469, 0.296706, 0.124994, 0.139688, -0.9761, 0.166482, -0.002831, 0.320361, -0.114539, -0.94035, -1.2e-05, 0.0, 0.0, 0.0, 1.0],
                [0.932881, 0.170689, 0.317175, 0.124994, 0.130046, -0.9808, 0.145326, -0.002831, 0.335889, -0.094326, -0.93717, -1.2e-05, 0.0, 0.0, 0.0, 1.0],
                [0.928561, 0.156125, 0.33675, 0.124994, 0.120815, -0.984961, 0.123514, -0.002831, 0.350968, -0.074007, -0.933462, -1.2e-05, 0.0, 0.0, 0.0, 1.0],
                [0.924042, 0.141017, 0.355334, 0.124994, 0.112031, -0.988561, 0.100981, -0.002831, 0.365508, -0.053503, -0.929273, -1.2e-05, 0.0, 0.0, 0.0, 1.0],
                [0.919389, 0.125526, 0.372784, 0.124994, 0.10373, -0.991539, 0.078048, -0.002831, 0.379425, -0.033089, -0.924634, -1.2e-05, 0.0, 0.0, 0.0, 1.0],
                [0.914675, 0.109617, 0.389044, 0.124994, 0.095942, -0.993895, 0.054471, -0.002831, 0.392639, -0.012499, -0.919611, -1.2e-05, 0.0, 0.0, 0.0, 1.0],
                [0.909973, 0.093516, 0.403987, 0.124994, 0.088697, -0.995586, 0.030673, -0.002831, 0.40507, 0.007919, -0.914255, -1.2e-05, 0.0, 0.0, 0.0, 1.0],
                [0.905362, 0.077206, 0.417566, 0.124994, 0.082019, -0.99661, 0.006434, -0.002831, 0.416645, 0.028422, -0.908629, -1.2e-05, 0.0, 0.0, 0.0, 1.0],
                [0.90092, 0.060873, 0.429697, 0.124994, 0.075935, -0.996951, -0.017976, -0.002831, 0.427291, 0.048822, -0.902799, -1.2e-05, 0.0, 0.0, 0.0, 1.0],
                [0.896727, 0.044716, 0.44032, 0.124994, 0.070467, -0.996617, -0.0423, -0.002831, 0.436937, 0.068958, -0.896848, -1.2e-05, 0.0, 0.0, 0.0, 1.0],
                [0.892864, 0.028815, 0.449406, 0.124994, 0.06564, -0.99562, -0.066575, -0.002831, 0.445517, 0.08894, -0.890849, -1.2e-05, 0.0, 0.0, 0.0, 1.0],
                [0.889407, 0.01341, 0.45692, 0.124994, 0.061476, -0.993998, -0.090493, -0.002831, 0.452962, 0.108574, -0.884897, -1.2e-05, 0.0, 0.0, 0.0, 1.0],
                [0.886433, -0.001203, 0.462857, 0.124994, 0.058001, -0.991826, -0.113659, -0.002831, 0.459208, 0.127596, -0.879121, -1.2e-05, 0.0, 0.0, 0.0, 1.0],
                [0.884013, -0.014594, 0.467236, 0.124994, 0.05524, -0.989248, -0.135416, -0.002831, 0.464187, 0.145519, -0.873706, -1.2e-05, 0.0, 0.0, 0.0, 1.0],
                [0.882213, -0.026047, 0.470131, 0.124994, 0.053223, -0.986553, -0.154536, -0.002831, 0.467832, 0.161354, -0.868967, -1.2e-05, 0.0, 0.0, 0.0, 1.0],
                [0.881095, -0.034294, 0.471695, 0.124994, 0.051984, -0.984301, -0.168668, -0.002831, 0.470072, 0.173132, -0.865485, -1.2e-05, 0.0, 0.0, 0.0, 1.0],
                [0.880713, -0.037443, 0.472171, 0.124994, 0.051562, -0.983367, -0.174158, -0.002831, 0.470836, 0.177728, -0.864137, -1.2e-05, 0.0, 0.0, 0.0, 1.0]
            ]
        },
        {
            "name": "Leg_R",
            "time": [0.0, 0.0167, 0.0333, 0.05, 0.0667, 0.0833, 0.1, 0.1167, 0.1333, 0.15, 0.1667, 0.1833, 0.2, 0.2167, 0.2333, 0.25, 0.2667, 0.2833, 0.3, 0.3167, 0.3333, 0.35, 0.3667, 0.3833, 0.4, 0.4167, 0.4333, 0.45, 0.4667, 0.4833, 0.5, 0.5167, 0.5333, 0.55, 0.5667, 0.5833, 0.6, 0.6167, 0.6333, 0.65, 0.6667, 0.6833, 0.7, 0.7167, 0.7333, 0.75, 0.7667, 0.7833, 0.8, 0.8167, 0.8333, 0.85, 0.8667, 0.8833, 0.9, 0.9167, 0.9333, 0.95, 0.9667, 0.9833, 1.0, 1.0167, 1.0333, 1.05, 1.0667, 1.0833, 1.1, 1.1167, 1.1333, 1.15, 1.1667, 1.1833, 1.2, 1.2167, 1.2333, 1.25, 1.2667, 1.2833, 1.3, 1.3167, 1.3333, 1.35, 1.3667, 1.3833, 1.4, 1.4167, 1.4333, 1.45, 1.4667, 1.4833, 1.5, 1.5167, 1.5333, 1.55, 1.5667, 1.5833, 1.6, 1.6167, 1.6333, 1.65, 1.6667],
            "transform": [
                [1.0, -0.000136, -0.000123, -0.0, 0.00015, 0.992613, 0.121323, 0.375166, 0.000106, -0.121324, 0.992613, 0.0, 0.0, 0.0, 0.0, 1.0],
                [1.0, -0.000151, -0.000125, -0.0, 0.000166, 0.99087, 0.134822, 0.375166, 0.000104, -0.134822, 0.99087, -0.0, 0.0, 0.0, 0.0, 1.0],
                [1.0, -0.000188, -0.000131, -0.0, 0.000207, 0.985792, 0.167976, 0.375166, 9.8e-05, -0.167976, 0.985791, -0.0, 0.0, 0.0, 0.0, 1.0],
                [1.0, -0.000235, -0.00014, -0.0, 0.000259, 0.977624, 0.210363, 0.375166, 8.7e-05, -0.210363, 0.977624, 0.0, 0.0, 0.0, 0.0, 1.0],
                [1.0, -0.000286, -0.000152, 0.0, 0.000316, 0.966637, 0.256153, 0.375166, 7.4e-05, -0.256152, 0.966636, -0.0, 0.0, 0.0, 0.0, 1.0],
                [1.0, -0.000338, -0.000167, -0.0, 0.000373, 0.953117, 0.302603, 0.375166, 5.7e-05, -0.302601, 0.953117, 0.0, 0.0, 0.0, 0.0, 1.0],
                [1.0, -0.00039, -0.000185, -0.0, 0.00043, 0.937373, 0.348331, 0.375166, 3.8e-05, -0.348329, 0.937372, -0.0, 0.0, 0.0, 0.0, 1.0],
                [1.0, -0.000439, -0.000205, -0.0, 0.000484, 0.919762, 0.392479, 0.375166, 1.6e-05, -0.392478, 0.919761, 0.0, 0.0, 0.0, 0.0, 1.0],
                [1.0, -0.000486, -0.000226, -0.0, 0.000536, 0.900439, 0.434986, 0.375166, -8e-06, -0.434983, 0.900438, -0.0, 0.0, 0.0, 0.0, 1.0],
                [1.0, -0.000532, -0.00025, -0.0, 0.000586, 0.879751, 0.475437, 0.375166, -3.3e-05, -0.475434, 0.87975, -0.0, 0.0, 0.0, 0.0, 1.0],
                [1.0, -0.000574, -0.000274, 0.0, 0.000633, 0.858095, 0.513494, 0.375166, -6e-05, -0.513491, 0.858094, -0.0, 0.0, 0.0, 0.0, 1.0],
                [1.0, -0.000614, -0.000299, -0.0, 0.000677, 0.835763, 0.549093, 0.375166, -8.7e-05, -0.54909, 0.835762, 0.0, 0.0, 0.0, 0.0, 1.0],
                [1.0, -0.000651, -0.000324, 0.0, 0.000718, 0.812907, 0.582396, 0.375166, -0.000116, -0.582392, 0.812906, 0.0, 0.0, 0.0, 0.0, 1.0],
                [1.0, -0.000686, -0.00035, 0.0, 0.000756, 0.78993, 0.613199, 0.375166, -0.000144, -0.613195, 0.789929, -0.0, 0.0, 0.0, 0.0, 1.0],
                [1.0, -0.000718, -0.000376, -0.0, 0.000791, 0.766989, 0.641663, 0.375166, -0.000172, -0.641659, 0.766987, -0.0, 0.0, 0.0, 0.0, 1.0],
                [1.0, -0.000747, -0.000401, 0.0, 0.000824, 0.744399, 0.667737, 0.375166, -0.0002, -0.667733, 0.744398, 0.0, 0.0, 0.0, 0.0, 1.0],
                [1.0, -0.000773, -0.000426, -0.0, 0.000853, 0.722321, 0.69156, 0.375166, -0.000227, -0.691556, 0.722319, -0.0, 0.0, 0.0, 0.0, 1.0],
                [1.0, -0.000798, -0.00045, -0.0, 0.00088, 0.700893, 0.713269, 0.375166, -0.000254, -0.713265, 0.700892, 0.0, 0.0, 0.0, 0.0, 1.0],
                [1.0, -0.00082, -0.000472, -0.0, 0.000904, 0.680398, 0.732844, 0.375166, -0.000279, -0.732841, 0.680397, -0.0, 0.0, 0.0, 0.0, 1.0],
                [1.0, -0.000839, -0.000494, 0.0, 0.000926, 0.660911, 0.750467, 0.375166, -0.000303, -0.750462, 0.66091, 0.0, 0.0, 0.0, 0.0, 1.0],
                [0.999999, -0.000857, -0.000515, -0.0, 0.000945, 0.642545, 0.766249, 0.375166, -0.000326, -0.766246, 0.642544, 0.0, 0.0, 0.0, 0.0, 1.0],
                [0.999999, -0.000873, -0.000534, 0.0, 0.000962, 0.625404, 0.780303, 0.375166, -0.000347, -0.780299, 0.625403, 0.0, 0.0, 0.0, 0.0, 1.0],
                [1.0, -0.000887, -0.000552, -0.0, 0.000978, 0.609451, 0.792826, 0.375166, -0.000367, -0.792822, 0.60945, 0.0, 0.0, 0.0, 0.0, 1.0],
                [1.0, -0.000899, -0.000568, 0.0, 0.000991, 0.594916, 0.80379, 0.375166, -0.000385, -0.803786, 0.594915, 0.0, 0.0, 0.0, 0.0, 1.0],
                [0.999999, -0.000909, -0.000583, -0.0, 0.001003, 0.581724, 0.813388, 0.375166, -0.000401, -0.813384, 0.581723, -0.0, 0.0, 0.0, 0.0, 1.0],
                [0.999999, -0.000919, -0.000596, 0.0, 0.001013, 0.569875, 0.821733, 0.375166, -0.000416, -0.821729, 0.569874, -0.0, 0.0, 0.0, 0.0, 1.0],
                [1.0, -0.000927, -0.000608, 0.0, 0.001022, 0.559355, 0.828931, 0.375166, -0.000428, -0.828926, 0.559354, 0.0, 0.0, 0.0, 0.0, 1.0],
                [0.999999, -0.000934, -0.000618, -0.0, 0.00103, 0.550128, 0.835082, 0.375166, -0.00044, -0.835078, 0.550127, -0.0, 0.0, 0.0, 0.0, 1.0],
                [0.999999, -0.00094, -0.000627, 0.0, 0.001036, 0.542151, 0.840283, 0.375166, -0.00045, -0.840279, 0.54215, 0.0, 0.0, 0.0, 0.0, 1.0],
                [0.999999, -0.000945, -0.000635, -0.0, 0.001042, 0.535373, 0.844617, 0.375166, -0.000458, -0.844613, 0.535372, -0.0, 0.0, 0.0, 0.0, 1.0],
                [0.999999, -0.000949, -0.000641, -0.0, 0.001046, 0.529739, 0.848163, 0.375166, -0.000465, -0.848158, 0.529738, 0.0, 0.0, 0.0, 0.0, 1.0],
                [0.999999, -0.000952, -0.000646, -0.0, 0.00105, 0.525192, 0.850985, 0.375166, -0.000471, -0.850981, 0.525191, -0.0, 0.0, 0.0, 0.0, 1.0],
                [0.999999, -0.000954, -0.00065, -0.0, 0.001052, 0.521687, 0.853139, 0.375166, -0.000475, -0.853135, 0.521686, 0.0, 0.0, 0.0, 0.0, 1.0],
                [0.999999, -0.000956, -0.000653, 0.0, 0.001054, 0.519189, 0.854661, 0.375166, -0.000478, -0.854657, 0.519188, 0.0, 0.0, 0.0, 0.0, 1.0],
                [0.999999, -0.000957, -0.000654, 0.0, 0.001055, 0.51768, 0.855576, 0.375166, -0.00048, -0.855571, 0.517679, 0.0, 0.0, 0.0, 0.0, 1.0],
                [1.0, -0.000957, -0.000655, 0.0, 0.001056, 0.51717, 0.855885, 0.375166, -0.00048, -0.855881, 0.517169, 0.0, 0.0, 0.0, 0.0, 1.0],
                [1.0, -0.000957, -0.000655, 0.0, 0.001056, 0.51717, 0.855885, 0.375166, -0.00048, -0.855881, 0.517169, 0.0, 0.0, 0.0, 0.0, 1.0],
                [1.0, -0.000957, -0.000655, 0.0, 0.001056, 0.51717, 0.855885, 0.375166, -0.00048, -0.855881, 0.517169, 0.0, 0.0, 0.0, 0.0, 1.0],
                [1.0, -0.000957, -0.000655, 0.0, 0.001056, 0.51717, 0.855885, 0.375166, -0.00048, -0.855881, 0.517169, 0.0, 0.0, 0.0, 0.0, 1.0],
                [1.0, -0.000957, -0.000655, 0.0, 0.001056, 0.51717, 0.855885, 0.375166, -0.00048, -0.855881, 0.517169, 0.0, 0.0, 0.0, 0.0, 1.0],
                [1.0, -0.000957, -0.000655, 0.0, 0.001056, 0.51717, 0.855885, 0.375166, -0.00048, -0.855881, 0.517169, 0.0, 0.0, 0.0, 0.0, 1.0],
                [1.0, -0.000957, -0.000655, 0.0, 0.001056, 0.51717, 0.855885, 0.375166, -0.00048, -0.855881, 0.517169, 0.0, 0.0, 0.0, 0.0, 1.0],
                [1.0, -0.000957, -0.000655, 0.0, 0.001056, 0.51717, 0.855885, 0.375166, -0.00048, -0.855881, 0.517169, 0.0, 0.0, 0.0, 0.0, 1.0],
                [1.0, -0.000957, -0.000655, 0.0, 0.001056, 0.51717, 0.855885, 0.375166, -0.00048, -0.855881, 0.517169, 0.0, 0.0, 0.0, 0.0, 1.0],
                [1.0, -0.000957, -0.000655, 0.0, 0.001056, 0.51717, 0.855885, 0.375166, -0.00048, -0.855881, 0.517169, 0.0, 0.0, 0.0, 0.0, 1.0],
                [1.0, -0.000957, -0.000655, 0.0, 0.001056, 0.51717, 0.855885, 0.375166, -0.00048, -0.855881, 0.517169, 0.0, 0.0, 0.0, 0.0, 1.0],
                [1.0, -0.000957, -0.000655, 0.0, 0.001056, 0.51717, 0.855885, 0.375166, -0.00048, -0.855881, 0.517169, 0.0, 0.0, 0.0, 0.0, 1.0],
                [1.0, -0.000957, -0.000655, 0.0, 0.001056, 0.51717, 0.855885, 0.375166, -0.00048, -0.855881, 0.517169, 0.0, 0.0, 0.0, 0.0, 1.0],
                [1.0, -0.000957, -0.000655, 0.0, 0.001056, 0.51717, 0.855885, 0.375166, -0.00048, -0.855881, 0.517169, 0.0, 0.0, 0.0, 0.0, 1.0],
                [1.0, -0.000957, -0.000655, 0.0, 0.001056, 0.51717, 0.855885, 0.375166, -0.00048, -0.855881, 0.517169, 0.0, 0.0, 0.0, 0.0, 1.0],
                [1.0, -0.000957, -0.000655, 0.0, 0.001056, 0.51717, 0.855885, 0.375166, -0.00048, -0.855881, 0.517169, 0.0, 0.0, 0.0, 0.0, 1.0],
                [1.0, -0.000957, -0.000655, 0.0, 0.001056, 0.51717, 0.855885, 0.375166, -0.00048, -0.855881, 0.517169, 0.0, 0.0, 0.0, 0.0, 1.0],
