{
    "animation": [
        {
            "name": "Root",
            "time": [0.0, 0.0167, 0.0333, 0.05, 0.0667, 0.0833, 0.1, 0.1167, 0.1333, 0.15, 0.1667, 0.1833, 0.2, 0.2167, 0.2333, 0.25, 0.2667, 0.2833, 0.3, 0.3167, 0.3333, 0.35, 0.3667, 0.3833, 0.4, 0.4167, 0.4333, 0.45, 0.4667, 0.4833, 0.5, 0.5167, 0.5333, 0.55, 0.5667, 0.5833, 0.6, 0.6167, 0.6333, 0.65, 0.6667, 0.6833, 0.7, 0.7167, 0.7333, 0.75, 0.7667, 0.7833, 0.8, 0.8167, 0.8333, 0.85, 0.8667, 0.8833, 0.9, 0.9167, 0.9333, 0.95, 0.9667, 0.9833, 1.0, 1.0167, 1.0333, 1.05, 1.0667, 1.0833, 1.1, 1.1167, 1.1333, 1.15, 1.1667, 1.1833, 1.2, 1.2167, 1.2333, 1.25, 1.2667, 1.2833, 1.3, 1.3167, 1.3333, 1.35, 1.3667, 1.3833, 1.4, 1.4167, 1.4333, 1.45, 1.4667, 1.4833, 1.5, 1.5167, 1.5333, 1.55, 1.5667, 1.5833, 1.6, 1.6167, 1.6333, 1.65, 1.6667],
            "transform": [
                [0.357281, 0.0, 0.933997, 0.005349, 0.933997, 0.0, -0.357281, 0.275229, 0.0, 1.0, 0.0, 0.62556, 0.0, 0.0, 0.0, 1.0],
                [0.356728, 0.0, 0.934208, 0.005441, 0.934208, 0.0, -0.356728, 0.275196, 0.0, 1.0, 0.0, 0.62768, 0.0, 0.0, 0.0, 1.0],
                [0.355221, 0.0, 0.934782, 0.005691, 0.934782, 0.0, -0.355221, 0.275098, 0.0, 1.0, 0.0, 0.633432, 0.0, 0.0, 0.0, 1.0],
                [0.352985, 0.0, 0.935629, 0.006055, 0.935629, 0.0, -0.352985, 0.274936, 0.0, 1.0, 0.0, 0.64191, 0.0, 0.0, 0.0, 1.0],
                [0.350251, 0.0, 0.936656, 0.00649, 0.936656, 0.0, -0.350251, 0.274712, 0.0, 1.0, 0.0, 0.652204, 0.0, 0.0, 0.0, 1.0],
                [0.347262, 0.0, 0.937768, 0.006953, 0.937768, 0.0, -0.347262, 0.274435, 0.0, 1.0, 0.0, 0.663407, 0.0, 0.0, 0.0, 1.0],
                [0.344269, 0.0, 0.938871, 0.007401, 0.938871, 0.0, -0.344269, 0.274123, 0.0, 1.0, 0.0, 0.674609, 0.0, 0.0, 0.0, 1.0],
                [0.341525, 0.0, 0.939873, 0.007798, 0.939873, 0.0, -0.341525, 0.273808, 0.0, 1.0, 0.0, 0.684903, 0.0, 0.0, 0.0, 1.0],
                [0.339277, 0.0, 0.940687, 0.008113, 0.940687, 0.0, -0.339277, 0.273528, 0.0, 1.0, 0.0, 0.693381, 0.0, 0.0, 0.0, 1.0],
                [0.337759, 0.0, 0.941233, 0.00832, 0.941233, 0.0, -0.337759, 0.273328, 0.0, 1.0, 0.0, 0.699134, 0.0, 0.0, 0.0, 1.0],
                [0.337202, 0.0, 0.941432, 0.008395, 0.941432, 0.0, -0.337202, 0.273252, 0.0, 1.0, 0.0, 0.701253, 0.0, 0.0, 0.0, 1.0],
                [0.337202, 0.0, 0.941432, 0.008395, 0.941432, 0.0, -0.337202, 0.275944, 0.0, 1.0, 0.0, 0.699277, 0.0, 0.0, 0.0, 1.0],
                [0.337202, 0.0, 0.941432, 0.008395, 0.941432, 0.0, -0.337202, 0.283325, 0.0, 1.0, 0.0, 0.69386, 0.0, 0.0, 0.0, 1.0],
                [0.337202, 0.0, 0.941432, 0.008395, 0.941432, 0.0, -0.337202, 0.294353, 0.0, 1.0, 0.0, 0.685766, 0.0, 0.0, 0.0, 1.0],
                [0.337202, 0.0, 0.941432, 0.008395, 0.941432, 0.0, -0.337202, 0.307986, 0.0, 1.0, 0.0, 0.675759, 0.0, 0.0, 0.0, 1.0],
                [0.337202, 0.0, 0.941432, 0.008395, 0.941432, 0.0, -0.337202, 0.323182, 0.0, 1.0, 0.0, 0.664606, 0.0, 0.0, 0.0, 1.0],
                [0.337202, 0.0, 0.941432, 0.008395, 0.941432, 0.0, -0.337202, 0.3389, 0.0, 1.0, 0.0, 0.65307, 0.0, 0.0, 0.0, 1.0],
                [0.337202, 0.0, 0.941432, 0.008395, 0.941432, 0.0, -0.337202, 0.354096, 0.0, 1.0, 0.0, 0.641916, 0.0, 0.0, 0.0, 1.0],
                [0.337202, 0.0, 0.941432, 0.008395, 0.941432, 0.0, -0.337202, 0.367729, 0.0, 1.0, 0.0, 0.63191, 0.0, 0.0, 0.0, 1.0],
                [0.337202, 0.0, 0.941432, 0.008395, 0.941432, 0.0, -0.337202, 0.378757, 0.0, 1.0, 0.0, 0.623816, 0.0, 0.0, 0.0, 1.0],
                [0.337202, 0.0, 0.941432, 0.008395, 0.941432, 0.0, -0.337202, 0.386138, 0.0, 1.0, 0.0, 0.618398, 0.0, 0.0, 0.0, 1.0],
                [0.337202, 0.0, 0.941432, 0.008395, 0.941432, 0.0, -0.337202, 0.38883, 0.0, 1.0, 0.0, 0.616422, 0.0, 0.0, 0.0, 1.0],
                [0.334436, 0.0, 0.942418, 0.00803, 0.942418, 0.0, -0.334436, 0.389346, 0.0, 1.0, 0.0, 0.619957, 0.0, 0.0, 0.0, 1.0],
                [0.328129, 0.0, 0.944633, 0.007245, 0.944633, 0.0, -0.328129, 0.399704, 0.0, 1.0, 0.0, 0.623492, 0.0, 0.0, 0.0, 1.0],
                [0.321275, 0.0, 0.946986, 0.00646, 0.946986, 0.0, -0.321275, 0.418679, 0.0, 1.0, 0.0, 0.627026, 0.0, 0.0, 0.0, 1.0],
                [0.317001, 0.0, 0.948425, 0.006046, 0.948425, 0.0, -0.317001, 0.445052, 0.0, 1.0, 0.0, 0.630561, 0.0, 0.0, 0.0, 1.0],
                [0.318679, 0.0, 0.947862, 0.006335, 0.947862, 0.0, -0.318679, 0.477608, 0.0, 1.0, 0.0, 0.634095, 0.0, 0.0, 0.0, 1.0],
                [0.329986, 0.0, 0.943986, 0.007628, 0.943986, 0.0, -0.329986, 0.515114, 0.0, 1.0, 0.0, 0.63763, 0.0, 0.0, 0.0, 1.0],
                [0.354891, 0.0, 0.934908, 0.010192, 0.934908, 0.0, -0.354891, 0.556292, 0.0, 1.0, 0.0, 0.641165, 0.0, 0.0, 0.0, 1.0],
                [0.397487, 0.0, 0.917608, 0.014244, 0.917608, 0.0, -0.397487, 0.599775, 0.0, 1.0, 0.0, 0.644699, 0.0, 0.0, 0.0, 1.0],
                [0.461475, 0.0, 0.887153, 0.019918, 0.887153, 0.0, -0.461475, 0.644056, 0.0, 1.0, 0.0, 0.648234, 0.0, 0.0, 0.0, 1.0],
                [0.549067, 0.0, 0.835778, 0.027183, 0.835778, 0.0, -0.549067, 0.68756, 0.0, 1.0, 0.0, 0.651768, 0.0, 0.0, 0.0, 1.0],
                [0.655151, 0.0, 0.755498, 0.035378, 0.755498, 0.0, -0.655151, 0.729172, 0.0, 1.0, 0.0, 0.655303, 0.0, 0.0, 0.0, 1.0],
                [0.768339, 0.0, 0.640043, 0.043414, 0.640043, 0.0, -0.768339, 0.768091, 0.0, 1.0, 0.0, 0.658838, 0.0, 0.0, 0.0, 1.0],
                [0.873295, 0.0, 0.487192, 0.050053, 0.487192, 0.0, -0.873295, 0.803913, 0.0, 1.0, 0.0, 0.662372, 0.0, 0.0, 0.0, 1.0],
                [0.953323, 0.0, 0.301952, 0.054144, 0.301952, 0.0, -0.953323, 0.836796, 0.0, 1.0, 0.0, 0.665907, 0.0, 0.0, 0.0, 1.0],
                [0.995243, 0.0, 0.097419, 0.054977, 0.097419, 0.0, -0.995243, 0.867411, 0.0, 1.0, 0.0, 0.669442, 0.0, 0.0, 0.0, 1.0],
                [0.994118, 0.0, -0.108305, 0.052547, -0.108305, 0.0, -0.994118, 0.896615, 0.0, 1.0, 0.0, 0.672976, 0.0, 0.0, 0.0, 1.0],
                [0.954609, 0.0, -0.297861, 0.047515, -0.297861, 0.0, -0.954609, 0.925012, 0.0, 1.0, 0.0, 0.676511, 0.0, 0.0, 0.0, 1.0],
                [0.888168, 0.0, -0.459519, 0.040896, -0.459519, 0.0, -0.888168, 0.952663, 0.0, 1.0, 0.0, 0.680045, 0.0, 0.0, 0.0, 1.0],
                [0.808348, 0.0, -0.588704, 0.033689, -0.588704, 0.0, -0.808348, 0.979077, 0.0, 1.0, 0.0, 0.68358, 0.0, 0.0, 0.0, 1.0],
                [0.727121, 0.0, -0.686509, 0.026639, -0.686509, 0.0, -0.727121, 1.0034, 0.0, 1.0, 0.0, 0.687115, 0.0, 0.0, 0.0, 1.0],
                [0.653328, 0.0, -0.757075, 0.020185, -0.757075, 0.0, -0.653328, 1.024623, 0.0, 1.0, 0.0, 0.690649, 0.0, 0.0, 0.0, 1.0],
                [0.592808, 0.0, -0.805344, 0.014499, -0.805344, 0.0, -0.592808, 1.041737, 0.0, 1.0, 0.0, 0.694184, 0.0, 0.0, 0.0, 1.0],
                [0.549282, 0.0, -0.835637, 0.009577, -0.835637, 0.0, -0.549282, 1.053799, 0.0, 1.0, 0.0, 0.697718, 0.0, 0.0, 0.0, 1.0],
                [0.525357, 0.0, -0.850882, 0.005307, -0.850882, 0.0, -0.525357, 1.059947, 0.0, 1.0, 0.0, 0.701253, 0.0, 0.0, 0.0, 1.0],
                [0.51267, 0.0, -0.858586, 0.005083, -0.858586, 0.0, -0.51267, 1.05987, 0.0, 1.0, 0.0, 0.701253, 0.0, 0.0, 0.0, 1.0],
                [0.501276, 0.0, -0.865288, 0.004884, -0.865288, 0.0, -0.501276, 1.059804, 0.0, 1.0, 0.0, 0.701253, 0.0, 0.0, 0.0, 1.0],
                [0.491108, 0.0, -0.871098, 0.004706, -0.871098, 0.0, -0.491108, 1.059748, 0.0, 1.0, 0.0, 0.701253, 0.0, 0.0, 0.0, 1.0],
                [0.482109, 0.0, -0.876111, 0.00455, -0.876111, 0.0, -0.482109, 1.0597, 0.0, 1.0, 0.0, 0.701253, 0.0, 0.0, 0.0, 1.0],
                [0.474224, 0.0, -0.880404, 0.004413, -0.880404, 0.0, -0.474224, 1.05966, 0.0, 1.0, 0.0, 0.701253, 0.0, 0.0, 0.0, 1.0],
                [0.467409, 0.0, -0.884041, 0.004295, -0.884041, 0.0, -0.467409, 1.059627, 0.0, 1.0, 0.0, 0.701253, 0.0, 0.0, 0.0, 1.0],
                [0.461622, 0.0, -0.887077, 0.004194, -0.887077, 0.0, -0.461622, 1.059599, 0.0, 1.0, 0.0, 0.701253, 0.0, 0.0, 0.0, 1.0],
                [0.456824, 0.0, -0.889557, 0.004112, -0.889557, 0.0, -0.456824, 1.059576, 0.0, 1.0, 0.0, 0.701253, 0.0, 0.0, 0.0, 1.0],
                [0.45298, 0.0, -0.891521, 0.004045, -0.891521, 0.0, -0.45298, 1.059559, 0.0, 1.0, 0.0, 0.701253, 0.0, 0.0, 0.0, 1.0],
                [0.450054, 0.0, -0.893001, 0.003995, -0.893001, 0.0, -0.450054, 1.059545, 0.0, 1.0, 0.0, 0.701253, 0.0, 0.0, 0.0, 1.0],
                [0.44801, 0.0, -0.894029, 0.00396, -0.894029, 0.0, -0.44801, 1.059536, 0.0, 1.0, 0.0, 0.701253, 0.0, 0.0, 0.0, 1.0],
                [0.446813, 0.0, -0.894628, 0.003939, -0.894628, 0.0, -0.446813, 1.059531, 0.0, 1.0, 0.0, 0.701253, 0.0, 0.0, 0.0, 1.0],
                [0.446423, 0.0, -0.894822, 0.003932, -0.894822, 0.0, -0.446423, 1.059529, 0.0, 1.0, 0.0, 0.701253, 0.0, 0.0, 0.0, 1.0],
                [0.446423, 0.0, -0.894822, 0.003932, -0.894822, 0.0, -0.446423, 1.059529, 0.0, 1.0, 0.0, 0.701253, 0.0, 0.0, 0.0, 1.0],
                [0.446423, 0.0, -0.894822, 0.003932, -0.894822, 0.0, -0.446423, 1.059529, 0.0, 1.0, 0.0, 0.701253, 0.0, 0.0, 0.0, 1.0],
                [0.446423, 0.0, -0.894822, 0.003932, -0.894822, 0.0, -0.446423, 1.059529, 0.0, 1.0, 0.0, 0.701253, 0.0, 0.0, 0.0, 1.0],
                [0.446423, 0.0, -0.894822, 0.003932, -0.894822, 0.0, -0.446423, 1.059529, 0.0, 1.0, 0.0, 0.701253, 0.0, 0.0, 0.0, 1.0],
                [0.446423, 0.0, -0.894822, 0.003932, -0.894822, 0.0, -0.446423, 1.059529, 0.0, 1.0, 0.0, 0.701253, 0.0, 0.0, 0.0, 1.0],
                [0.446423, 0.0, -0.894822, 0.003932, -0.894822, 0.0, -0.446423, 1.059529, 0.0, 1.0, 0.0, 0.701253, 0.0, 0.0, 0.0, 1.0],
                [0.446423, 0.0, -0.894822, 0.003932, -0.894822, 0.0, -0.446423, 1.059529, 0.0, 1.0, 0.0, 0.701253, 0.0, 0.0, 0.0, 1.0],
                [0.446423, 0.0, -0.894822, 0.003932, -0.894822, 0.0, -0.446423, 1.059529, 0.0, 1.0, 0.0, 0.701253, 0.0, 0.0, 0.0, 1.0],
                [0.446423, 0.0, -0.894822, 0.003932, -0.894822, 0.0, -0.446423, 1.059529, 0.0, 1.0, 0.0, 0.701253, 0.0, 0.0, 0.0, 1.0],
                [0.446423, 0.0, -0.894822, 0.003932, -0.894822, 0.0, -0.446423, 1.059529, 0.0, 1.0, 0.0, 0.701253, 0.0, 0.0, 0.0, 1.0],
                [0.446423, 0.0, -0.894822, 0.003932, -0.894822, 0.0, -0.446423, 1.059529, 0.0, 1.0, 0.0, 0.701253, 0.0, 0.0, 0.0, 1.0],
                [0.446423, 0.0, -0.894822, 0.003932, -0.894822, 0.0, -0.446423, 1.059529, 0.0, 1.0, 0.0, 0.701253, 0.0, 0.0, 0.0, 1.0],
                [0.446423, 0.0, -0.894822, 0.003932, -0.894822, 0.0, -0.446423, 1.059529, 0.0, 1.0, 0.0, 0.701253, 0.0, 0.0, 0.0, 1.0],
                [0.446423, 0.0, -0.894822, 0.003932, -0.894822, 0.0, -0.446423, 1.059529, 0.0, 1.0, 0.0, 0.701253, 0.0, 0.0, 0.0, 1.0],
                [0.446423, 0.0, -0.894822, 0.003932, -0.894822, 0.0, -0.446423, 1.059529, 0.0, 1.0, 0.0, 0.701253, 0.0, 0.0, 0.0, 1.0],
                [0.446423, 0.0, -0.894822, 0.003932, -0.894822, 0.0, -0.446423, 1.059529, 0.0, 1.0, 0.0, 0.701253, 0.0, 0.0, 0.0, 1.0],
                [0.446423, 0.0, -0.894822, 0.003932, -0.894822, 0.0, -0.446423, 1.059529, 0.0, 1.0, 0.0, 0.701253, 0.0, 0.0, 0.0, 1.0],
                [0.446423, 0.0, -0.894822, 0.003932, -0.894822, 0.0, -0.446423, 1.059529, 0.0, 1.0, 0.0, 0.701253, 0.0, 0.0, 0.0, 1.0],
                [0.446423, 0.0, -0.894822, 0.003932, -0.894822, 0.0, -0.446423, 1.059529, 0.0, 1.0, 0.0, 0.701253, 0.0, 0.0, 0.0, 1.0],
                [0.446423, 0.0, -0.894822, 0.003932, -0.894822, 0.0, -0.446423, 1.059529, 0.0, 1.0, 0.0, 0.701253, 0.0, 0.0, 0.0, 1.0],
                [0.446423, 0.0, -0.894822, 0.003932, -0.894822, 0.0, -0.446423, 1.059529, 0.0, 1.0, 0.0, 0.701253, 0.0, 0.0, 0.0, 1.0],
                [0.446423, 0.0, -0.894822, 0.003932, -0.894822, 0.0, -0.446423, 1.059529, 0.0, 1.0, 0.0, 0.701253, 0.0, 0.0, 0.0, 1.0],
                [0.452448, 0.0, -0.891791, 0.004036, -0.891791, 0.0, -0.452448, 1.059556, 0.0, 1.0, 0.0, 0.701529, 0.0, 0.0, 0.0, 1.0],
                [0.469631, 0.0, -0.882863, 0.004333, -0.882863, 0.0, -0.469631, 1.059637, 0.0, 1.0, 0.0, 0.70232, 0.0, 0.0, 0.0, 1.0],
                [0.496544, 0.0, -0.868012, 0.004801, -0.868012, 0.0, -0.496544, 1.059778, 0.0, 1.0, 0.0, 0.703567, 0.0, 0.0, 0.0, 1.0],
                [0.531627, 0.0, -0.846978, 0.005417, -0.846978, 0.0, -0.531627, 1.059987, 0.0, 1.0, 0.0, 0.705215, 0.0, 0.0, 0.0, 1.0],
                [0.573178, 0.0, -0.819431, 0.006155, -0.819431, 0.0, -0.573178, 1.060276, 0.0, 1.0, 0.0, 0.707205, 0.0, 0.0, 0.0, 1.0],
                [0.619346, 0.0, -0.785118, 0.006988, -0.785118, 0.0, -0.619346, 1.060654, 0.0, 1.0, 0.0, 0.709481, 0.0, 0.0, 0.0, 1.0],
                [0.668176, 0.0, -0.744003, 0.007885, -0.744003, 0.0, -0.668176, 1.06113, 0.0, 1.0, 0.0, 0.711986, 0.0, 0.0, 0.0, 1.0],
                [0.717672, 0.0, -0.696381, 0.008814, -0.696381, 0.0, -0.717672, 1.061704, 0.0, 1.0, 0.0, 0.714662, 0.0, 0.0, 0.0, 1.0],
                [0.765908, 0.0, -0.64295, 0.009743, -0.64295, 0.0, -0.765908, 1.062373, 0.0, 1.0, 0.0, 0.717452, 0.0, 0.0, 0.0, 1.0],
                [0.811153, 0.0, -0.584833, 0.010641, -0.584833, 0.0, -0.811153, 1.063124, 0.0, 1.0, 0.0, 0.720299, 0.0, 0.0, 0.0, 1.0],
                [0.851999, 0.0, -0.523544, 0.011482, -0.523544, 0.0, -0.851999, 1.06394, 0.0, 1.0, 0.0, 0.723147, 0.0, 0.0, 0.0, 1.0],
                [0.887453, 0.0, -0.460898, 0.012243, -0.460898, 0.0, -0.887453, 1.064794, 0.0, 1.0, 0.0, 0.725937, 0.0, 0.0, 0.0, 1.0],
                [0.916998, 0.0, -0.398891, 0.01291, -0.398891, 0.0, -0.916998, 1.065659, 0.0, 1.0, 0.0, 0.728613, 0.0, 0.0, 0.0, 1.0],
                [0.94058, 0.0, -0.339573, 0.013476, -0.339573, 0.0, -0.94058, 1.066502, 0.0, 1.0, 0.0, 0.731118, 0.0, 0.0, 0.0, 1.0],
                [0.958549, 0.0, -0.284928, 0.013938, -0.284928, 0.0, -0.958549, 1.067291, 0.0, 1.0, 0.0, 0.733394, 0.0, 0.0, 0.0, 1.0],
                [0.971558, 0.0, -0.236803, 0.014302, -0.236803, 0.0, -0.971558, 1.067995, 0.0, 1.0, 0.0, 0.735384, 0.0, 0.0, 0.0, 1.0],
                [0.98043, 0.0, -0.196871, 0.014574, -0.196871, 0.0, -0.98043, 1.068586, 0.0, 1.0, 0.0, 0.737032, 0.0, 0.0, 0.0, 1.0],
                [0.986017, 0.0, -0.166644, 0.014762, -0.166644, 0.0, -0.986017, 1.069037, 0.0, 1.0, 0.0, 0.738279, 0.0, 0.0, 0.0, 1.0],
                [0.989059, 0.0, -0.147521, 0.014874, -0.147521, 0.0, -0.989059, 1.069324, 0.0, 1.0, 0.0, 0.73907, 0.0, 0.0, 0.0, 1.0],
                [0.990031, 0.0, -0.140847, 0.014911, -0.140847, 0.0, -0.990031, 1.069425, 0.0, 1.0, 0.0, 0.739346, 0.0, 0.0, 0.0, 1.0]
            ]
        },
        {
            "name": "Thigh_R",
            "time": [0.0, 0.0167, 0.0333, 0.05, 0.0667, 0.0833, 0.1, 0.1167, 0.1333, 0.15, 0.1667, 0.1833, 0.2, 0.2167, 0.2333, 0.25, 0.2667, 0.2833, 0.3, 0.3167, 0.3333, 0.35, 0.3667, 0.3833, 0.4, 0.4167, 0.4333, 0.45, 0.4667, 0.4833, 0.5, 0.5167, 0.5333, 0.55, 0.5667, 0.5833, 0.6, 0.6167, 0.6333, 0.65, 0.6667, 0.6833, 0.7, 0.7167, 0.7333, 0.75, 0.7667, 0.7833, 0.8, 0.8167, 0.8333, 0.85, 0.8667, 0.8833, 0.9, 0.9167, 0.9333, 0.95, 0.9667, 0.9833, 1.0, 1.0167, 1.0333, 1.05, 1.0667, 1.0833, 1.1, 1.1167, 1.1333, 1.15, 1.1667, 1.1833, 1.2, 1.2167, 1.2333, 1.25, 1.2667, 1.2833, 1.3, 1.3167, 1.3333, 1.35, 1.3667, 1.3833, 1.4, 1.4167, 1.4333, 1.45, 1.4667, 1.4833, 1.5, 1.5167, 1.5333, 1.55, 1.5667, 1.5833, 1.6, 1.6167, 1.6333, 1.65, 1.6667],
            "transform": [
                [0.939619, 0.326227, -0.103403, 0.124994, 0.339279, -0.848453, 0.406224, -0.002831, 0.044788, -0.416779, -0.907908, -1.2e-05, 0.0, 0.0, 0.0, 1.0],
                [0.939977, 0.3277, -0.095164, 0.124994, 0.336958, -0.847326, 0.410485, -0.002831, 0.053881, -0.417914, -0.906892, -1.2e-05, 0.0, 0.0, 0.0, 1.0],
                [0.940415, 0.332218, -0.072466, 0.124994, 0.330792, -0.844508, 0.421168, -0.002831, 0.078721, -0.420045, -0.904087, -1.2e-05, 0.0, 0.0, 0.0, 1.0],
                [0.939627, 0.340073, -0.038104, 0.124994, 0.322049, -0.841147, 0.434461, -0.002831, 0.115697, -0.420503, -0.899889, -1.2e-05, 0.0, 0.0, 0.0, 1.0],
                [0.93635, 0.351029, 0.005188, 0.124994, 0.311949, -0.838702, 0.446394, -0.002831, 0.161048, -0.416364, -0.894825, -1.2e-05, 0.0, 0.0, 0.0, 1.0],
                [0.92987, 0.363818, 0.054583, 0.124994, 0.30154, -0.838724, 0.453449, -0.002831, 0.210752, -0.40519, -0.889614, -1.2e-05, 0.0, 0.0, 0.0, 1.0],
                [0.92034, 0.376217, 0.106935, 0.124994, 0.291667, -0.842329, 0.453225, -0.002831, 0.260585, -0.385933, -0.884962, -1.2e-05, 0.0, 0.0, 0.0, 1.0],
                [0.908902, 0.385677, 0.15859, 0.124994, 0.282997, -0.849788, 0.444717, -0.002831, 0.306283, -0.359324, -0.881523, -1.2e-05, 0.0, 0.0, 0.0, 1.0],
                [0.897568, 0.390413, 0.204818, 0.124994, 0.276097, -0.859948, 0.429256, -0.002831, 0.343718, -0.328737, -0.879657, -1.2e-05, 0.0, 0.0, 0.0, 1.0],
                [0.888901, 0.390796, 0.239027, 0.124994, 0.271515, -0.869699, 0.412193, -0.002831, 0.368963, -0.301499, -0.879188, -1.2e-05, 0.0, 0.0, 0.0, 1.0],
                [0.885511, 0.390027, 0.252487, 0.124994, 0.269844, -0.874107, 0.403883, -0.002831, 0.378225, -0.289511, -0.879282, -1.2e-05, 0.0, 0.0, 0.0, 1.0],
                [0.886334, 0.391769, 0.246839, 0.124994, 0.268218, -0.868913, 0.415992, -0.002831, 0.377453, -0.302502, -0.875231, -1.2e-05, 0.0, 0.0, 0.0, 1.0],
                [0.888613, 0.394931, 0.233232, 0.124994, 0.263673, -0.855947, 0.444783, -0.002831, 0.375292, -0.333743, -0.864742, -1.2e-05, 0.0, 0.0, 0.0, 1.0],
                [0.892074, 0.396708, 0.216398, 0.124994, 0.256645, -0.838918, 0.479949, -0.002831, 0.371938, -0.372613, -0.850194, -1.2e-05, 0.0, 0.0, 0.0, 1.0],
                [0.896443, 0.395689, 0.199553, 0.124994, 0.247548, -0.820602, 0.515105, -0.002831, 0.367574, -0.412364, -0.833578, -1.2e-05, 0.0, 0.0, 0.0, 1.0],
                [0.901425, 0.391664, 0.184478, 0.124994, 0.236847, -0.802824, 0.547155, -0.002831, 0.362403, -0.449527, -0.816454, -1.2e-05, 0.0, 0.0, 0.0, 1.0],
                [0.906698, 0.385105, 0.172029, 0.124994, 0.22511, -0.786752, 0.574759, -0.002831, 0.356685, -0.482408, -0.800041, -1.2e-05, 0.0, 0.0, 0.0, 1.0],
                [0.911901, 0.376869, 0.162503, 0.124994, 0.213068, -0.773139, 0.597378, -0.002831, 0.350769, -0.510126, -0.785328, -1.2e-05, 0.0, 0.0, 0.0, 1.0],
                [0.916648, 0.368115, 0.155717, 0.124994, 0.201637, -0.762272, 0.615049, -0.002831, 0.345106, -0.532386, -0.772965, -1.2e-05, 0.0, 0.0, 0.0, 1.0],
                [0.920536, 0.360142, 0.151368, 0.124994, 0.191928, -0.754406, 0.627723, -0.002831, 0.340261, -0.548791, -0.763583, -1.2e-05, 0.0, 0.0, 0.0, 1.0],
                [0.923158, 0.354382, 0.148975, 0.124994, 0.185186, -0.749557, 0.635509, -0.002831, 0.336877, -0.559088, -0.75759, -1.2e-05, 0.0, 0.0, 0.0, 1.0],
                [0.924118, 0.352199, 0.148201, 0.124994, 0.182676, -0.747869, 0.638219, -0.002831, 0.335613, -0.562717, -0.75546, -1.2e-05, 0.0, 0.0, 0.0, 1.0],
                [0.922775, 0.351913, 0.156985, 0.124994, 0.18098, -0.755463, 0.629701, -0.002831, 0.340195, -0.552662, -0.760815, -1.2e-05, 0.0, 0.0, 0.0, 1.0],
                [0.921893, 0.344136, 0.178, 0.124994, 0.169161, -0.770831, 0.61417, -0.002831, 0.348564, -0.53609, -0.768842, -1.2e-05, 0.0, 0.0, 0.0, 1.0],
                [0.920948, 0.329931, 0.207369, 0.124994, 0.150632, -0.792177, 0.591411, -0.002831, 0.359396, -0.513423, -0.779255, -1.2e-05, 0.0, 0.0, 0.0, 1.0],
                [0.919518, 0.310349, 0.241185, 0.124994, 0.128668, -0.817494, 0.561382, -0.002831, 0.37139, -0.485169, -0.791636, -1.2e-05, 0.0, 0.0, 0.0, 1.0],
                [0.917449, 0.287015, 0.275518, 0.124994, 0.10631, -0.844182, 0.52541, -0.002831, 0.383386, -0.452748, -0.80501, -1.2e-05, 0.0, 0.0, 0.0, 1.0],
                [0.91487, 0.26256, 0.306719, 0.124994, 0.086282, -0.869266, 0.486757, -0.002831, 0.394422, -0.418856, -0.817923, -1.2e-05, 0.0, 0.0, 0.0, 1.0],
                [0.912126, 0.240721, 0.331783, 0.124994, 0.070969, -0.889919, 0.450564, -0.002831, 0.403719, -0.387426, -0.828806, -1.2e-05, 0.0, 0.0, 0.0, 1.0],
                [0.909662, 0.226036, 0.348459, 0.124994, 0.062474, -0.903868, 0.423227, -0.002831, 0.410623, -0.363225, -0.836339, -1.2e-05, 0.0, 0.0, 0.0, 1.0],
                [0.907886, 0.223157, 0.354886, 0.124994, 0.06276, -0.909355, 0.41126, -0.002831, 0.414491, -0.351106, -0.839599, -1.2e-05, 0.0, 0.0, 0.0, 1.0],
                [0.906826, 0.230499, 0.352899, 0.124994, 0.071326, -0.909073, 0.410487, -0.002831, 0.415426, -0.34707, -0.840815, -1.2e-05, 0.0, 0.0, 0.0, 1.0],
                [0.906164, 0.242925, 0.346201, 0.124994, 0.085681, -0.907054, 0.412203, -0.002831, 0.414156, -0.343862, -0.842757, -1.2e-05, 0.0, 0.0, 0.0, 1.0],
                [0.905641, 0.259188, 0.335613, 0.124994, 0.104828, -0.903734, 0.415062, -0.002831, 0.410883, -0.340717, -0.845632, -1.2e-05, 0.0, 0.0, 0.0, 1.0],
                [0.904982, 0.278108, 0.321971, 0.124994, 0.127782, -0.899507, 0.417803, -0.002831, 0.405808, -0.336963, -0.849578, -1.2e-05, 0.0, 0.0, 0.0, 1.0],
                [0.903934, 0.298507, 0.306264, 0.124994, 0.153552, -0.894897, 0.419024, -0.002831, 0.399155, -0.331744, -0.854768, -1.2e-05, 0.0, 0.0, 0.0, 1.0],
                [0.902304, 0.319356, 0.289586, 0.124994, 0.181148, -0.890422, 0.417533, -0.002831, 0.391194, -0.324285, -0.861286, -1.2e-05, 0.0, 0.0, 0.0, 1.0],
                [0.89998, 0.339754, 0.273138, 0.124994, 0.20958, -0.886617, 0.412296, -0.002831, 0.382246, -0.313815, -0.869146, -1.2e-05, 0.0, 0.0, 0.0, 1.0],
                [0.896946, 0.359005, 0.258077, 0.124994, 0.237885, -0.883859, 0.402747, -0.002831, 0.37269, -0.29985, -0.878179, -1.2e-05, 0.0, 0.0, 0.0, 1.0],
                [0.893288, 0.376439, 0.245626, 0.124994, 0.265144, -0.88256, 0.388312, -0.002831, 0.362954, -0.281749, -0.888194, -1.2e-05, 0.0, 0.0, 0.0, 1.0],
                [0.889181, 0.39156, 0.236726, 0.124994, 0.290501, -0.882827, 0.369088, -0.002831, 0.353507, -0.259417, -0.898745, -1.2e-05, 0.0, 0.0, 0.0, 1.0],
                [0.884877, 0.403764, 0.23231, 0.124994, 0.313171, -0.884824, 0.34498, -0.002831, 0.344842, -0.232513, -0.909412, -1.2e-05, 0.0, 0.0, 0.0, 1.0],
                [0.880677, 0.412492, 0.232934, 0.124994, 0.332449, -0.88846, 0.316411, -0.002831, 0.337469, -0.201218, -0.919583, -1.2e-05, 0.0, 0.0, 0.0, 1.0],
                [0.876903, 0.417106, 0.238884, 0.124994, 0.347687, -0.893582, 0.283947, -0.002831, 0.331896, -0.165937, -0.92861, -1.2e-05, 0.0, 0.0, 0.0, 1.0],
                [0.873864, 0.416927, 0.250067, 0.124994, 0.358281, -0.899952, 0.248438, -0.002831, 0.328628, -0.127507, -0.935817, -1.2e-05, 0.0, 0.0, 0.0, 1.0],
                [0.871829, 0.411485, 0.265697, 0.124994, 0.363631, -0.90716, 0.211739, -0.002831, 0.328155, -0.087985, -0.940521, -1.2e-05, 0.0, 0.0, 0.0, 1.0],
                [0.871829, 0.411484, 0.265697, 0.124994, 0.363631, -0.90716, 0.211738, -0.002831, 0.328155, -0.087984, -0.940522, -1.2e-05, 0.0, 0.0, 0.0, 1.0],
                [0.871829, 0.411485, 0.265697, 0.124994, 0.363631, -0.90716, 0.211738, -0.002831, 0.328155, -0.087984, -0.940521, -1.2e-05, 0.0, 0.0, 0.0, 1.0],
                [0.871829, 0.411485, 0.265697, 0.124994, 0.363631, -0.90716, 0.211738, -0.002831, 0.328155, -0.087984, -0.940521, -1.2e-05, 0.0, 0.0, 0.0, 1.0],
                [0.871829, 0.411485, 0.265697, 0.124994, 0.363631, -0.90716, 0.211738, -0.002831, 0.328155, -0.087984, -0.940521, -1.2e-05, 0.0, 0.0, 0.0, 1.0],
                [0.871829, 0.411485, 0.265697, 0.124994, 0.363631, -0.90716, 0.211738, -0.002831, 0.328155, -0.087984, -0.940521, -1.2e-05, 0.0, 0.0, 0.0, 1.0],
                [0.871829, 0.411485, 0.265697, 0.124994, 0.363631, -0.90716, 0.211738, -0.002831, 0.328155, -0.087984, -0.940521, -1.2e-05, 0.0, 0.0, 0.0, 1.0],
                [0.871829, 0.411485, 0.265697, 0.124994, 0.363631, -0.90716, 0.211738, -0.002831, 0.328155, -0.087984, -0.940521, -1.2e-05, 0.0, 0.0, 0.0, 1.0],
                [0.871829, 0.411484, 0.265697, 0.124994, 0.363631, -0.90716, 0.211738, -0.002831, 0.328155, -0.087984, -0.940522, -1.2e-05, 0.0, 0.0, 0.0, 1.0],
                [0.871829, 0.411485, 0.265697, 0.124994, 0.363631, -0.90716, 0.211739, -0.002831, 0.328155, -0.087985, -0.940521, -1.2e-05, 0.0, 0.0, 0.0, 1.0],
                [0.871829, 0.411485, 0.265697, 0.124994, 0.363631, -0.90716, 0.211739, -0.002831, 0.328155, -0.087985, -0.940521, -1.2e-05, 0.0, 0.0, 0.0, 1.0],
                [0.871829, 0.411485, 0.265697, 0.124994, 0.363632, -0.90716, 0.211738, -0.002831, 0.328155, -0.087984, -0.940521, -1.2e-05, 0.0, 0.0, 0.0, 1.0],
                [0.871829, 0.411485, 0.265697, 0.124994, 0.363632, -0.90716, 0.211738, -0.002831, 0.328155, -0.087984, -0.940522, -1.2e-05, 0.0, 0.0, 0.0, 1.0],
                [0.871829, 0.411485, 0.265697, 0.124994, 0.363631, -0.90716, 0.211738, -0.002831, 0.328155, -0.087984, -0.940521, -1.2e-05, 0.0, 0.0, 0.0, 1.0],
                [0.871829, 0.411485, 0.265697, 0.124994, 0.363631, -0.90716, 0.211738, -0.002831, 0.328155, -0.087984, -0.940521, -1.2e-05, 0.0, 0.0, 0.0, 1.0],
                [0.871829, 0.411485, 0.265697, 0.124994, 0.363631, -0.90716, 0.211738, -0.002831, 0.328155, -0.087984, -0.940521, -1.2e-05, 0.0, 0.0, 0.0, 1.0],
                [0.871829, 0.411485, 0.265697, 0.124994, 0.363631, -0.90716, 0.211738, -0.002831, 0.328155, -0.087984, -0.940521, -1.2e-05, 0.0, 0.0, 0.0, 1.0],
                [0.871829, 0.411485, 0.265697, 0.124994, 0.363631, -0.90716, 0.211738, -0.002831, 0.328155, -0.087984, -0.940521, -1.2e-05, 0.0, 0.0, 0.0, 1.0],
                [0.871829, 0.411485, 0.265697, 0.124994, 0.363631, -0.90716, 0.211738, -0.002831, 0.328155, -0.087984, -0.940521, -1.2e-05, 0.0, 0.0, 0.0, 1.0],
                [0.871829, 0.411485, 0.265697, 0.124994, 0.363631, -0.90716, 0.211738, -0.002831, 0.328155, -0.087984, -0.940521, -1.2e-05, 0.0, 0.0, 0.0, 1.0],
                [0.871829, 0.411485, 0.265697, 0.124994, 0.363631, -0.90716, 0.211738, -0.002831, 0.328155, -0.087984, -0.940521, -1.2e-05, 0.0, 0.0, 0.0, 1.0],
                [0.871829, 0.411485, 0.265697, 0.124994, 0.363631, -0.90716, 0.211738, -0.002831, 0.328155, -0.087984, -0.940521, -1.2e-05, 0.0, 0.0, 0.0, 1.0],
                [0.871829, 0.411485, 0.265697, 0.124994, 0.363631, -0.90716, 0.211738, -0.002831, 0.328155, -0.087984, -0.940521, -1.2e-05, 0.0, 0.0, 0.0, 1.0],
                [0.871829, 0.411485, 0.265697, 0.124994, 0.363631, -0.90716, 0.211738, -0.002831, 0.328155, -0.087984, -0.940521, -1.2e-05, 0.0, 0.0, 0.0, 1.0],
                [0.871829, 0.411485, 0.265697, 0.124994, 0.363631, -0.90716, 0.211738, -0.002831, 0.328155, -0.087984, -0.940521, -1.2e-05, 0.0, 0.0, 0.0, 1.0],
                [0.871829, 0.411485, 0.265697, 0.124994, 0.363631, -0.90716, 0.211738, -0.002831, 0.328155, -0.087984, -0.940521, -1.2e-05, 0.0, 0.0, 0.0, 1.0],
                [0.871829, 0.411485, 0.265697, 0.124994, 0.363631, -0.90716, 0.211738, -0.002831, 0.328155, -0.087984, -0.940521, -1.2e-05, 0.0, 0.0, 0.0, 1.0],
                [0.871829, 0.411485, 0.265697, 0.124994, 0.363631, -0.90716, 0.211738, -0.002831, 0.328155, -0.087984, -0.940521, -1.2e-05, 0.0, 0.0, 0.0, 1.0],
                [0.871829, 0.411485, 0.265697, 0.124994, 0.363631, -0.90716, 0.211738, -0.002831, 0.328155, -0.087984, -0.940521, -1.2e-05, 0.0, 0.0, 0.0, 1.0],
                [0.871829, 0.411485, 0.265697, 0.124994, 0.363631, -0.90716, 0.211738, -0.002831, 0.328155, -0.087984, -0.940521, -1.2e-05, 0.0, 0.0, 0.0, 1.0],
                [0.871829, 0.411485, 0.265697, 0.124994, 0.363631, -0.90716, 0.211738, -0.002831, 0.328155, -0.087984, -0.940521, -1.2e-05, 0.0, 0.0, 0.0, 1.0],
                [0.871829, 0.411485, 0.265697, 0.124994, 0.363631, -0.90716, 0.211738, -0.002831, 0.328155, -0.087984, -0.940521, -1.2e-05, 0.0, 0.0, 0.0, 1.0],
                [0.871829, 0.411485, 0.265697, 0.124994, 0.363631, -0.90716, 0.211738, -0.002831, 0.328155, -0.087984, -0.940521, -1.2e-05, 0.0, 0.0, 0.0, 1.0],
                [0.871829, 0.411485, 0.265697, 0.124994, 0.363631, -0.90716, 0.211738, -0.002831, 0.328155, -0.087984, -0.940521, -1.2e-05, 0.0, 0.0, 0.0, 1.0],
                [0.871829, 0.411485, 0.265697, 0.124994, 0.363631, -0.90716, 0.211738, -0.002831, 0.328155, -0.087984, -0.940521, -1.2e-05, 0.0, 0.0, 0.0, 1.0],
                [0.871829, 0.411485, 0.265697, 0.124994, 0.363631, -0.90716, 0.211738, -0.002831, 0.328155, -0.087984, -0.940521, -1.2e-05, 0.0, 0.0, 0.0, 1.0],
                [0.872351, 0.410223, 0.265934, 0.124994, 0.361271, -0.907415, 0.214667, -0.002831, 0.329373, -0.091192, -0.93979, -1.2e-05, 0.0, 0.0, 0.0, 1.0],
                [0.873805, 0.406313, 0.267159, 0.124994, 0.354508, -0.90833, 0.221947, -0.002831, 0.332847, -0.099229, -0.937749, -1.2e-05, 0.0, 0.0, 0.0, 1.0],
                [0.875981, 0.39942, 0.270412, 0.124994, 0.343817, -0.910247, 0.230738, -0.002831, 0.338302, -0.109151, -0.93469, -1.2e-05, 0.0, 0.0, 0.0, 1.0],
                [0.878627, 0.389257, 0.276577, 0.124994, 0.329672, -0.913506, 0.238377, -0.002831, 0.345443, -0.118265, -0.930962, -1.2e-05, 0.0, 0.0, 0.0, 1.0],
                [0.88148, 0.375782, 0.285977, 0.124994, 0.312568, -0.918246, 0.243159, -0.002831, 0.35397, -0.124953, -0.926876, -1.2e-05, 0.0, 0.0, 0.0, 1.0],
                [0.884282, 0.358956, 0.298658, 0.124994, 0.293015, -0.924546, 0.243633, -0.002831, 0.363575, -0.12793, -0.922743, -1.2e-05, 0.0, 0.0, 0.0, 1.0],
                [0.886806, 0.338823, 0.314287, 0.124994, 0.27155, -0.932308, 0.238877, -0.002831, 0.373947, -0.126494, -0.918787, -1.2e-05, 0.0, 0.0, 0.0, 1.0],
                [0.888863, 0.315493, 0.332248, 0.124994, 0.248724, -0.941263, 0.228385, -0.002831, 0.384785, -0.120365, -0.915128, -1.2e-05, 0.0, 0.0, 0.0, 1.0],
                [0.890322, 0.28918, 0.351714, 0.124994, 0.2251, -0.950974, 0.21208, -0.002831, 0.395799, -0.109649, -0.911772, -1.2e-05, 0.0, 0.0, 0.0, 1.0],
                [0.891113, 0.260042, 0.371883, 0.124994, 0.201237, -0.960985, 0.189768, -0.002831, 0.40672, -0.094269, -0.90868, -1.2e-05, 0.0, 0.0, 0.0, 1.0],
                [0.891228, 0.228408, 0.391847, 0.124994, 0.177677, -0.970711, 0.161714, -0.002831, 0.417305, -0.074503, -0.905711, -1.2e-05, 0.0, 0.0, 0.0, 1.0],
                [0.890715, 0.194818, 0.410699, 0.124994, 0.154933, -0.979516, 0.128623, -0.002831, 0.427342, -0.050937, -0.902658, -1.2e-05, 0.0, 0.0, 0.0, 1.0],
                [0.889673, 0.159779, 0.427731, 0.124994, 0.133481, -0.986864, 0.091004, -0.002831, 0.436651, -0.023871, -0.899318, -1.2e-05, 0.0, 0.0, 0.0, 1.0],
                [0.888237, 0.124024, 0.442328, 0.124994, 0.113753, -0.992261, 0.049793, -0.002831, 0.445078, 0.006087, -0.895474, -1.2e-05, 0.0, 0.0, 0.0, 1.0],
                [0.886568, 0.088393, 0.454076, 0.124994, 0.096139, -0.99535, 0.006052, -0.002831, 0.452497, 0.038287, -0.890947, -1.2e-05, 0.0, 0.0, 0.0, 1.0],
                [0.884842, 0.053913, 0.462765, 0.124994, 0.080992, -0.995958, -0.038832, -0.002831, 0.458799, 0.071839, -0.885635, -1.2e-05, 0.0, 0.0, 0.0, 1.0],
                [0.883232, 0.0217, 0.468435, 0.124994, 0.068639, -0.994153, -0.083365, -0.002831, 0.463885, 0.105782, -0.879561, -1.2e-05, 0.0, 0.0, 0.0, 1.0],
                [0.881911, -0.006648, 0.471371, 0.124994, 0.059396, -0.990365, -0.125096, -0.002831, 0.467659, 0.13832, -0.873023, -1.2e-05, 0.0, 0.0, 0.0, 1.0],
                [0.881029, -0.028355, 0.472214, 0.124994, 0.053585, -0.985796, -0.159172, -0.002831, 0.470018, 0.165538, -0.866999, -1.2e-05, 0.0, 0.0, 0.0, 1.0],
                [0.880713, -0.037443, 0.472171, 0.124994, 0.051562, -0.983367, -0.174157, -0.002831, 0.470836, 0.177727, -0.864137, -1.2e-05, 0.0, 0.0, 0.0, 1.0]
            ]
        },
        {
            "name": "Leg_R",
            "time": [0.0, 0.0167, 0.0333, 0.05, 0.0667, 0.0833, 0.1, 0.1167, 0.1333, 0.15, 0.1667, 0.1833, 0.2, 0.2167, 0.2333, 0.25, 0.2667, 0.2833, 0.3, 0.3167, 0.3333, 0.35, 0.3667, 0.3833, 0.4, 0.4167, 0.4333, 0.45, 0.4667, 0.4833, 0.5, 0.5167, 0.5333, 0.55, 0.5667, 0.5833, 0.6, 0.6167, 0.6333, 0.65, 0.6667, 0.6833, 0.7, 0.7167, 0.7333, 0.75, 0.7667, 0.7833, 0.8, 0.8167, 0.8333, 0.85, 0.8667, 0.8833, 0.9, 0.9167, 0.9333, 0.95, 0.9667, 0.9833, 1.0, 1.0167, 1.0333, 1.05, 1.0667, 1.0833, 1.1, 1.1167, 1.1333, 1.15, 1.1667, 1.1833, 1.2, 1.2167, 1.2333, 1.25, 1.2667, 1.2833, 1.3, 1.3167, 1.3333, 1.35, 1.3667, 1.3833, 1.4, 1.4167, 1.4333, 1.45, 1.4667, 1.4833, 1.5, 1.5167, 1.5333, 1.55, 1.5667, 1.5833, 1.6, 1.6167, 1.6333, 1.65, 1.6667],
            "transform": [
                [1.0, -0.000957, -0.000655, 0.0, 0.001056, 0.51717, 0.855885, 0.375166, -0.00048, -0.855881, 0.517169, 0.0, 0.0, 0.0, 0.0, 1.0],
                [0.999999, -0.000953, -0.000648, -0.0, 0.001051, 0.523378, 0.852102, 0.375166, -0.000473, -0.852098, 0.523377, -0.0, 0.0, 0.0, 0.0, 1.0],
                [0.999999, -0.00094, -0.000628, -0.0, 0.001037, 0.541516, 0.840692, 0.375166, -0.00045, -0.840688, 0.541515, -0.0, 0.0, 0.0, 0.0, 1.0],
                [0.999999, -0.000918, -0.000594, 0.0, 0.001012, 0.57167, 0.820485, 0.375166, -0.000413, -0.820481, 0.571669, 0.0, 0.0, 0.0, 0.0, 1.0],
                [1.0, -0.000883, -0.000547, -0.0, 0.000974, 0.613753, 0.7895, 0.375166, -0.000361, -0.789497, 0.613751, -0.0, 0.0, 0.0, 0.0, 1.0],
                [1.0, -0.000834, -0.000488, 0.0, 0.000919, 0.666462, 0.745541, 0.375166, -0.000296, -0.745537, 0.666461, 0.0, 0.0, 0.0, 0.0, 1.0],
                [1.0, -0.000769, -0.000421, 0.0, 0.000848, 0.726254, 0.687428, 0.375166, -0.000223, -0.687425, 0.726253, -0.0, 0.0, 0.0, 0.0, 1.0],
                [1.0, -0.000689, -0.000353, -0.0, 0.00076, 0.787486, 0.616335, 0.375166, -0.000147, -0.616332, 0.787485, 0.0, 0.0, 0.0, 0.0, 1.0],
                [1.0, -0.000602, -0.000291, 0.0, 0.000665, 0.842461, 0.53876, 0.375166, -7.9e-05, -0.538757, 0.84246, -0.0, 0.0, 0.0, 0.0, 1.0],
                [1.0, -0.000527, -0.000247, 0.0, 0.000581, 0.882123, 0.471021, 0.375166, -3e-05, -0.471019, 0.882123, 0.0, 0.0, 0.0, 0.0, 1.0],
                [1.0, -0.000494, -0.00023, -0.0, 0.000544, 0.897295, 0.441434, 0.375166, -1.2e-05, -0.441432, 0.897294, 0.0, 0.0, 0.0, 0.0, 1.0],
                [1.0, -0.000525, -0.000246, 0.0, 0.000579, 0.88296, 0.46945, 0.375166, -2.9e-05, -0.469447, 0.882959, -0.0, 0.0, 0.0, 0.0, 1.0],
                [0.999999, -0.000599, -0.000289, 0.0, 0.000661, 0.844275, 0.535912, 0.375166, -7.7e-05, -0.535909, 0.844274, 0.0, 0.0, 0.0, 0.0, 1.0],
                [1.0, -0.000689, -0.000353, -0.0, 0.00076, 0.787585, 0.616208, 0.375166, -0.000147, -0.616205, 0.787584, 0.0, 0.0, 0.0, 0.0, 1.0],
                [0.999999, -0.000777, -0.000429, -0.0, 0.000857, 0.719337, 0.694663, 0.375166, -0.000231, -0.694659, 0.719335, 0.0, 0.0, 0.0, 0.0, 1.0],
                [0.999999, -0.000854, -0.000511, -0.0, 0.000942, 0.64565, 0.763636, 0.375166, -0.000322, -0.763631, 0.645648, 0.0, 0.0, 0.0, 0.0, 1.0],
                [0.999999, -0.000917, -0.000594, -0.0, 0.001012, 0.57207, 0.820207, 0.375166, -0.000413, -0.820202, 0.572068, 0.0, 0.0, 0.0, 0.0, 1.0],
                [0.999999, -0.000966, -0.00067, -0.0, 0.001065, 0.503585, 0.863947, 0.375166, -0.000497, -0.863943, 0.503584, 0.0, 0.0, 0.0, 0.0, 1.0],
                [0.999999, -0.001002, -0.000737, -0.0, 0.001105, 0.444149, 0.895955, 0.375166, -0.00057, -0.89595, 0.444148, -0.0, 0.0, 0.0, 0.0, 1.0],
                [0.999999, -0.001026, -0.000789, 0.0, 0.001132, 0.397652, 0.917538, 0.375166, -0.000628, -0.917533, 0.397651, -0.0, 0.0, 0.0, 0.0, 1.0],
                [0.999999, -0.00104, -0.000823, -0.0, 0.001147, 0.367268, 0.930117, 0.375166, -0.000665, -0.930112, 0.367267, 0.0, 0.0, 0.0, 0.0, 1.0],
                [0.999999, -0.001045, -0.000835, -0.0, 0.001152, 0.356333, 0.93436, 0.375166, -0.000679, -0.934356, 0.356332, 0.0, 0.0, 0.0, 0.0, 1.0],
                [0.999999, -0.001039, -0.000819, 0.0, 0.001146, 0.370208, 0.928951, 0.375166, -0.000662, -0.928946, 0.370208, -0.0, 0.0, 0.0, 0.0, 1.0],
                [0.999999, -0.001036, -0.000813, 0.0, 0.001143, 0.375563, 0.926798, 0.375166, -0.000655, -0.926794, 0.375562, 0.0, 0.0, 0.0, 0.0, 1.0],
                [0.999999, -0.001035, -0.000811, -0.0, 0.001142, 0.3777, 0.92593, 0.375166, -0.000652, -0.925925, 0.377699, 0.0, 0.0, 0.0, 0.0, 1.0],
                [1.0, -0.001034, -0.000806, -0.0, 0.00114, 0.381754, 0.924266, 0.375166, -0.000647, -0.924262, 0.381753, -0.0, 0.0, 0.0, 0.0, 1.0],
                [0.999999, -0.001029, -0.000796, 0.0, 0.001135, 0.391086, 0.920356, 0.375166, -0.000636, -0.920352, 0.391086, 0.0, 0.0, 0.0, 0.0, 1.0],
                [0.999999, -0.001022, -0.000779, -0.0, 0.001127, 0.406485, 0.913659, 0.375166, -0.000617, -0.913655, 0.406485, -0.0, 0.0, 0.0, 0.0, 1.0],
                [0.999999, -0.001012, -0.000757, 0.0, 0.001116, 0.426168, 0.904646, 0.375166, -0.000593, -0.904642, 0.426167, -0.0, 0.0, 0.0, 0.0, 1.0],
                [0.999999, -0.001001, -0.000734, -0.0, 0.001104, 0.44658, 0.894746, 0.375166, -0.000568, -0.894741, 0.446579, -0.0, 0.0, 0.0, 0.0, 1.0],
                [0.999999, -0.000991, -0.000714, -0.0, 0.001093, 0.463998, 0.885838, 0.375166, -0.000546, -0.885834, 0.463997, -0.0, 0.0, 0.0, 0.0, 1.0],
                [0.999999, -0.000981, -0.000697, 0.0, 0.001082, 0.479217, 0.877698, 0.375166, -0.000527, -0.877694, 0.479217, 0.0, 0.0, 0.0, 0.0, 1.0],
                [0.999999, -0.000971, -0.000679, -0.0, 0.001071, 0.495268, 0.868742, 0.375166, -0.000508, -0.868738, 0.495267, -0.0, 0.0, 0.0, 0.0, 1.0],
                [1.0, -0.00096, -0.000659, 0.0, 0.001058, 0.513302, 0.85821, 0.375166, -0.000485, -0.858206, 0.513301, 0.0, 0.0, 0.0, 0.0, 1.0],
                [1.0, -0.000945, -0.000636, 0.0, 0.001043, 0.534197, 0.845362, 0.375166, -0.000459, -0.845358, 0.534196, -0.0, 0.0, 0.0, 0.0, 1.0],
                [0.999999, -0.000927, -0.000608, 0.0, 0.001023, 0.55901, 0.829162, 0.375166, -0.000429, -0.829158, 0.559009, -0.0, 0.0, 0.0, 0.0, 1.0],
                [1.0, -0.000904, -0.000575, 0.0, 0.000997, 0.588422, 0.808556, 0.375166, -0.000393, -0.808552, 0.588421, -0.0, 0.0, 0.0, 0.0, 1.0],
                [0.999999, -0.000875, -0.000537, 0.0, 0.000965, 0.622833, 0.782356, 0.375166, -0.00035, -0.782353, 0.622832, 0.0, 0.0, 0.0, 0.0, 1.0],
                [1.0, -0.000838, -0.000493, -0.0, 0.000924, 0.661857, 0.749632, 0.375166, -0.000302, -0.749628, 0.661855, 0.0, 0.0, 0.0, 0.0, 1.0],
                [0.999999, -0.000793, -0.000445, 0.0, 0.000875, 0.705096, 0.709114, 0.375166, -0.000249, -0.70911, 0.705095, -0.0, 0.0, 0.0, 0.0, 1.0],
                [0.999999, -0.000738, -0.000393, -0.0, 0.000814, 0.751033, 0.660266, 0.375166, -0.000192, -0.660263, 0.751032, -0.0, 0.0, 0.0, 0.0, 1.0],
                [1.0, -0.000673, -0.000341, -0.0, 0.000743, 0.798365, 0.602176, 0.375166, -0.000134, -0.602172, 0.798364, 0.0, 0.0, 0.0, 0.0, 1.0],
                [1.0, -0.000598, -0.000288, 0.0, 0.00066, 0.844952, 0.534844, 0.375166, -7.6e-05, -0.534841, 0.844951, 0.0, 0.0, 0.0, 0.0, 1.0],
                [1.0, -0.000513, -0.00024, 0.0, 0.000566, 0.888508, 0.458864, 0.375166, -2.2e-05, -0.458861, 0.888507, -0.0, 0.0, 0.0, 0.0, 1.0],
                [1.0, -0.00042, -0.000197, 0.0, 0.000464, 0.926658, 0.375908, 0.375166, 2.5e-05, -0.375906, 0.926657, -0.0, 0.0, 0.0, 0.0, 1.0],
                [1.0, -0.000325, -0.000163, 0.0, 0.000358, 0.956898, 0.290426, 0.375166, 6.2e-05, -0.290425, 0.956897, -0.0, 0.0, 0.0, 0.0, 1.0],
                [1.0, -0.000325, -0.000163, 0.0, 0.000358, 0.956899, 0.290424, 0.375166, 6.2e-05, -0.290423, 0.956898, -0.0, 0.0, 0.0, 0.0, 1.0],
                [1.0, -0.000325, -0.000163, -0.0, 0.000358, 0.956899, 0.290426, 0.375166, 6.2e-05, -0.290424, 0.956898, 0.0, 0.0, 0.0, 0.0, 1.0],
                [1.0, -0.000325, -0.000163, 0.0, 0.000358, 0.956899, 0.290425, 0.375166, 6.2e-05, -0.290424, 0.956898, 0.0, 0.0, 0.0, 0.0, 1.0],
                [1.0, -0.000325, -0.000163, 0.0, 0.000358, 0.956898, 0.290425, 0.375166, 6.2e-05, -0.290424, 0.956898, 0.0, 0.0, 0.0, 0.0, 1.0],
