{
    "animation": [
        {
            "name": "Root",
            "time": [0.0, 0.0167, 0.0333, 0.05, 0.0667, 0.0833, 0.1, 0.1167, 0.1333, 0.15, 0.1667, 0.1833, 0.2, 0.2167, 0.2333, 0.25, 0.2667, 0.2833, 0.3, 0.3167, 0.3333, 0.35, 0.3667, 0.3833, 0.4, 0.4167, 0.4333, 0.45, 0.4667, 0.4833, 0.5, 0.5167, 0.5333, 0.55, 0.5667, 0.5833, 0.6, 0.6167, 0.6333, 0.65, 0.6667, 0.6833, 0.7, 0.7167, 0.7333, 0.75, 0.7667, 0.7833, 0.8, 0.8167, 0.8333, 0.85, 0.8667, 0.8833, 0.9, 0.9167, 0.9333, 0.95, 0.9667, 0.9833, 1.0, 1.0167, 1.0333, 1.05, 1.0667, 1.0833, 1.1, 1.1167, 1.1333, 1.15, 1.1667, 1.1833, 1.2, 1.2167, 1.2333, 1.25, 1.2667, 1.2833, 1.3],
            "transform": [
                [0.97749, 0.0, 0.210984, 0.015897, 0.210984, 0.0, -0.97749, 0.000946, 0.0, 1.0, 0.0, 0.739346, 0.0, 0.0, 0.0, 1.0],
                [0.97749, 0.0, 0.210984, 0.015897, 0.210984, 0.0, -0.97749, 0.000946, 0.0, 1.0, 0.0, 0.739346, 0.0, 0.0, 0.0, 1.0],
                [0.97749, 0.0, 0.210984, 0.015897, 0.210984, 0.0, -0.97749, 0.000946, 0.0, 1.0, 0.0, 0.739346, 0.0, 0.0, 0.0, 1.0],
                [0.97749, 0.0, 0.210984, 0.015897, 0.210984, 0.0, -0.97749, 0.000946, 0.0, 1.0, 0.0, 0.739346, 0.0, 0.0, 0.0, 1.0],
                [0.97749, 0.0, 0.210984, 0.015897, 0.210984, 0.0, -0.97749, 0.000946, 0.0, 1.0, 0.0, 0.739346, 0.0, 0.0, 0.0, 1.0],
                [0.97749, 0.0, 0.210984, 0.015897, 0.210984, 0.0, -0.97749, 0.000946, 0.0, 1.0, 0.0, 0.739346, 0.0, 0.0, 0.0, 1.0],
                [0.97749, 0.0, 0.210984, 0.015897, 0.210984, 0.0, -0.97749, 0.000946, 0.0, 1.0, 0.0, 0.739346, 0.0, 0.0, 0.0, 1.0],
                [0.97749, 0.0, 0.210984, 0.015897, 0.210984, 0.0, -0.97749, 0.000946, 0.0, 1.0, 0.0, 0.739346, 0.0, 0.0, 0.0, 1.0],
                [0.97749, 0.0, 0.210984, 0.015897, 0.210984, 0.0, -0.97749, 0.000946, 0.0, 1.0, 0.0, 0.739346, 0.0, 0.0, 0.0, 1.0],
                [0.97749, 0.0, 0.210984, 0.015897, 0.210984, 0.0, -0.97749, 0.000946, 0.0, 1.0, 0.0, 0.739346, 0.0, 0.0, 0.0, 1.0],
                [0.97749, 0.0, 0.210984, 0.015897, 0.210984, 0.0, -0.97749, 0.000946, 0.0, 1.0, 0.0, 0.739346, 0.0, 0.0, 0.0, 1.0],
                [0.97749, 0.0, 0.210984, 0.015897, 0.210984, 0.0, -0.97749, 0.000946, 0.0, 1.0, 0.0, 0.739346, 0.0, 0.0, 0.0, 1.0],
                [0.97749, 0.0, 0.210984, 0.015897, 0.210984, 0.0, -0.97749, 0.000946, 0.0, 1.0, 0.0, 0.739346, 0.0, 0.0, 0.0, 1.0],
                [0.97749, 0.0, 0.210984, 0.015897, 0.210984, 0.0, -0.97749, 0.000946, 0.0, 1.0, 0.0, 0.739346, 0.0, 0.0, 0.0, 1.0],
                [0.97749, 0.0, 0.210984, 0.015897, 0.210984, 0.0, -0.97749, 0.000946, 0.0, 1.0, 0.0, 0.739346, 0.0, 0.0, 0.0, 1.0],
                [0.97749, 0.0, 0.210984, 0.015897, 0.210984, 0.0, -0.97749, 0.000946, 0.0, 1.0, 0.0, 0.739346, 0.0, 0.0, 0.0, 1.0],
                [0.97749, 0.0, 0.210984, 0.015897, 0.210984, 0.0, -0.97749, 0.000946, 0.0, 1.0, 0.0, 0.739346, 0.0, 0.0, 0.0, 1.0],
                [0.97749, 0.0, 0.210984, 0.015897, 0.210984, 0.0, -0.97749, 0.000946, 0.0, 1.0, 0.0, 0.739346, 0.0, 0.0, 0.0, 1.0],
                [0.97749, 0.0, 0.210984, 0.015897, 0.210984, 0.0, -0.97749, 0.000946, 0.0, 1.0, 0.0, 0.739346, 0.0, 0.0, 0.0, 1.0],
                [0.97749, 0.0, 0.210984, 0.015897, 0.210984, 0.0, -0.97749, 0.000946, 0.0, 1.0, 0.0, 0.739346, 0.0, 0.0, 0.0, 1.0],
                [0.97749, 0.0, 0.210984, 0.015897, 0.210984, 0.0, -0.97749, 0.000946, 0.0, 1.0, 0.0, 0.739346, 0.0, 0.0, 0.0, 1.0],
                [0.97749, 0.0, 0.210984, 0.015897, 0.210984, 0.0, -0.97749, 0.000946, 0.0, 1.0, 0.0, 0.739346, 0.0, 0.0, 0.0, 1.0],
                [0.978263, 0.0, 0.207366, 0.015897, 0.207366, 0.0, -0.978263, 0.000888, 0.0, 1.0, 0.0, 0.739346, 0.0, 0.0, 0.0, 1.0],
                [0.980523, 0.0, 0.196402, 0.015895, 0.196402, 0.0, -0.980523, 0.00071, 0.0, 1.0, 0.0, 0.739346, 0.0, 0.0, 0.0, 1.0],
                [0.984021, 0.0, 0.17805, 0.015888, 0.17805, 0.0, -0.984021, 0.000413, 0.0, 1.0, 0.0, 0.739346, 0.0, 0.0, 0.0, 1.0],
                [0.988302, 0.0, 0.152507, 0.015868, 0.152507, 0.0, -0.988302, 1e-06, 0.0, 1.0, 0.0, 0.739346, 0.0, 0.0, 0.0, 1.0],
                [0.992734, 0.0, 0.120328, 0.015829, 0.120328, 0.0, -0.992734, -0.000514, 0.0, 1.0, 0.0, 0.739346, 0.0, 0.0, 0.0, 1.0],
                [0.996589, 0.0, 0.082522, 0.015763, 0.082522, 0.0, -0.996589, -0.001114, 0.0, 1.0, 0.0, 0.739346, 0.0, 0.0, 0.0, 1.0],
                [0.999176, 0.0, 0.040593, 0.015662, 0.040593, 0.0, -0.999176, -0.001775, 0.0, 1.0, 0.0, 0.739346, 0.0, 0.0, 0.0, 1.0],
                [0.999994, 0.0, -0.003522, 0.015527, -0.003522, 0.0, -0.999994, -0.002463, 0.0, 1.0, 0.0, 0.739346, 0.0, 0.0, 0.0, 1.0],
                [0.998865, 0.0, -0.04763, 0.015361, -0.04763, 0.0, -0.998865, -0.003145, 0.0, 1.0, 0.0, 0.739346, 0.0, 0.0, 0.0, 1.0],
                [0.995983, 0.0, -0.08954, 0.015176, -0.08954, 0.0, -0.995983, -0.003787, 0.0, 1.0, 0.0, 0.739346, 0.0, 0.0, 0.0, 1.0],
                [0.991862, 0.0, -0.127317, 0.014985, -0.127317, 0.0, -0.991862, -0.00436, 0.0, 1.0, 0.0, 0.739346, 0.0, 0.0, 0.0, 1.0],
                [0.987204, 0.0, -0.159464, 0.014805, -0.159464, 0.0, -0.987204, -0.004844, 0.0, 1.0, 0.0, 0.739346, 0.0, 0.0, 0.0, 1.0],
                [0.982743, 0.0, -0.184976, 0.01465, -0.184976, 0.0, -0.982743, -0.005226, 0.0, 1.0, 0.0, 0.739346, 0.0, 0.0, 0.0, 1.0],
                [0.979116, 0.0, -0.203304, 0.014532, -0.203304, 0.0, -0.979116, -0.005498, 0.0, 1.0, 0.0, 0.739346, 0.0, 0.0, 0.0, 1.0],
                [0.976779, 0.0, -0.214251, 0.014459, -0.214251, 0.0, -0.976779, -0.005661, 0.0, 1.0, 0.0, 0.739346, 0.0, 0.0, 0.0, 1.0],
                [0.975979, 0.0, -0.217863, 0.014434, -0.217863, 0.0, -0.975979, -0.005714, 0.0, 1.0, 0.0, 0.739346, 0.0, 0.0, 0.0, 1.0],
                [0.975979, 0.0, -0.217863, 0.014434, -0.217863, 0.0, -0.975979, -0.005714, 0.0, 1.0, 0.0, 0.739346, 0.0, 0.0, 0.0, 1.0],
                [0.975979, 0.0, -0.217863, 0.014434, -0.217863, 0.0, -0.975979, -0.005714, 0.0, 1.0, 0.0, 0.739346, 0.0, 0.0, 0.0, 1.0],
                [0.975979, 0.0, -0.217863, 0.014434, -0.217863, 0.0, -0.975979, -0.005714, 0.0, 1.0, 0.0, 0.739346, 0.0, 0.0, 0.0, 1.0],
                [0.975979, 0.0, -0.217863, 0.014434, -0.217863, 0.0, -0.975979, -0.005714, 0.0, 1.0, 0.0, 0.739346, 0.0, 0.0, 0.0, 1.0],
                [0.975979, 0.0, -0.217863, 0.014434, -0.217863, 0.0, -0.975979, -0.005714, 0.0, 1.0, 0.0, 0.739346, 0.0, 0.0, 0.0, 1.0],
                [0.975979, 0.0, -0.217863, 0.014434, -0.217863, 0.0, -0.975979, -0.005714, 0.0, 1.0, 0.0, 0.739346, 0.0, 0.0, 0.0, 1.0],
                [0.975979, 0.0, -0.217863, 0.014434, -0.217863, 0.0, -0.975979, -0.005714, 0.0, 1.0, 0.0, 0.739346, 0.0, 0.0, 0.0, 1.0],
                [0.975979, 0.0, -0.217863, 0.014434, -0.217863, 0.0, -0.975979, -0.005714, 0.0, 1.0, 0.0, 0.739346, 0.0, 0.0, 0.0, 1.0],
                [0.975979, 0.0, -0.217863, 0.014434, -0.217863, 0.0, -0.975979, -0.005714, 0.0, 1.0, 0.0, 0.739346, 0.0, 0.0, 0.0, 1.0],
                [0.975979, 0.0, -0.217863, 0.014434, -0.217863, 0.0, -0.975979, -0.005714, 0.0, 1.0, 0.0, 0.739346, 0.0, 0.0, 0.0, 1.0],
                [0.975979, 0.0, -0.217863, 0.014434, -0.217863, 0.0, -0.975979, -0.005714, 0.0, 1.0, 0.0, 0.739346, 0.0, 0.0, 0.0, 1.0],
                [0.975979, 0.0, -0.217863, 0.014434, -0.217863, 0.0, -0.975979, -0.005714, 0.0, 1.0, 0.0, 0.739346, 0.0, 0.0, 0.0, 1.0],
                [0.975979, 0.0, -0.217863, 0.014434, -0.217863, 0.0, -0.975979, -0.005714, 0.0, 1.0, 0.0, 0.739346, 0.0, 0.0, 0.0, 1.0],
                [0.975979, 0.0, -0.217863, 0.014434, -0.217863, 0.0, -0.975979, -0.005714, 0.0, 1.0, 0.0, 0.739346, 0.0, 0.0, 0.0, 1.0],
                [0.976031, 0.0, -0.217633, 0.014436, -0.217633, 0.0, -0.976031, -0.005711, 0.0, 1.0, 0.0, 0.739346, 0.0, 0.0, 0.0, 1.0],
                [0.976186, 0.0, -0.216936, 0.014441, -0.216936, 0.0, -0.976186, -0.0057, 0.0, 1.0, 0.0, 0.739346, 0.0, 0.0, 0.0, 1.0],
                [0.976444, 0.0, -0.21577, 0.014449, -0.21577, 0.0, -0.976444, -0.005683, 0.0, 1.0, 0.0, 0.739346, 0.0, 0.0, 0.0, 1.0],
                [0.976804, 0.0, -0.214133, 0.01446, -0.214133, 0.0, -0.976804, -0.005659, 0.0, 1.0, 0.0, 0.739346, 0.0, 0.0, 0.0, 1.0],
                [0.977262, 0.0, -0.212033, 0.014474, -0.212033, 0.0, -0.977262, -0.005628, 0.0, 1.0, 0.0, 0.739346, 0.0, 0.0, 0.0, 1.0],
                [0.977813, 0.0, -0.209482, 0.014491, -0.209482, 0.0, -0.977813, -0.00559, 0.0, 1.0, 0.0, 0.739346, 0.0, 0.0, 0.0, 1.0],
                [0.978447, 0.0, -0.206499, 0.014511, -0.206499, 0.0, -0.978447, -0.005546, 0.0, 1.0, 0.0, 0.739346, 0.0, 0.0, 0.0, 1.0],
                [0.979155, 0.0, -0.203114, 0.014533, -0.203114, 0.0, -0.979155, -0.005496, 0.0, 1.0, 0.0, 0.739346, 0.0, 0.0, 0.0, 1.0],
                [0.979925, 0.0, -0.199366, 0.014558, -0.199366, 0.0, -0.979925, -0.00544, 0.0, 1.0, 0.0, 0.739346, 0.0, 0.0, 0.0, 1.0],
                [0.980743, 0.0, -0.195302, 0.014584, -0.195302, 0.0, -0.980743, -0.00538, 0.0, 1.0, 0.0, 0.739346, 0.0, 0.0, 0.0, 1.0],
                [0.981594, 0.0, -0.19098, 0.014612, -0.19098, 0.0, -0.981594, -0.005315, 0.0, 1.0, 0.0, 0.739346, 0.0, 0.0, 0.0, 1.0],
                [0.982462, 0.0, -0.186466, 0.01464, -0.186466, 0.0, -0.982462, -0.005248, 0.0, 1.0, 0.0, 0.739346, 0.0, 0.0, 0.0, 1.0],
                [0.98333, 0.0, -0.181831, 0.01467, -0.181831, 0.0, -0.98333, -0.005179, 0.0, 1.0, 0.0, 0.739346, 0.0, 0.0, 0.0, 1.0],
                [0.984183, 0.0, -0.177153, 0.014698, -0.177153, 0.0, -0.984183, -0.005109, 0.0, 1.0, 0.0, 0.739346, 0.0, 0.0, 0.0, 1.0],
                [0.985008, 0.0, -0.172511, 0.014727, -0.172511, 0.0, -0.985008, -0.00504, 0.0, 1.0, 0.0, 0.739346, 0.0, 0.0, 0.0, 1.0],
                [0.98579, 0.0, -0.167981, 0.014754, -0.167981, 0.0, -0.98579, -0.004972, 0.0, 1.0, 0.0, 0.739346, 0.0, 0.0, 0.0, 1.0],
                [0.986521, 0.0, -0.163637, 0.01478, -0.163637, 0.0, -0.986521, -0.004907, 0.0, 1.0, 0.0, 0.739346, 0.0, 0.0, 0.0, 1.0],
                [0.987191, 0.0, -0.159546, 0.014804, -0.159546, 0.0, -0.987191, -0.004845, 0.0, 1.0, 0.0, 0.739346, 0.0, 0.0, 0.0, 1.0],
                [0.987794, 0.0, -0.155767, 0.014826, -0.155767, 0.0, -0.987794, -0.004789, 0.0, 1.0, 0.0, 0.739346, 0.0, 0.0, 0.0, 1.0],
                [0.988327, 0.0, -0.15235, 0.014846, -0.15235, 0.0, -0.988327, -0.004737, 0.0, 1.0, 0.0, 0.739346, 0.0, 0.0, 0.0, 1.0],
                [0.988787, 0.0, -0.149336, 0.014863, -0.149336, 0.0, -0.988787, -0.004692, 0.0, 1.0, 0.0, 0.739346, 0.0, 0.0, 0.0, 1.0],
                [0.989173, 0.0, -0.146755, 0.014878, -0.146755, 0.0, -0.989173, -0.004653, 0.0, 1.0, 0.0, 0.739346, 0.0, 0.0, 0.0, 1.0],
                [0.989486, 0.0, -0.144628, 0.01489, -0.144628, 0.0, -0.989486, -0.004621, 0.0, 1.0, 0.0, 0.739346, 0.0, 0.0, 0.0, 1.0],
                [0.989727, 0.0, -0.14297, 0.014899, -0.14297, 0.0, -0.989727, -0.004596, 0.0, 1.0, 0.0, 0.739346, 0.0, 0.0, 0.0, 1.0],
                [0.989897, 0.0, -0.141787, 0.014906, -0.141787, 0.0, -0.989897, -0.004578, 0.0, 1.0, 0.0, 0.739346, 0.0, 0.0, 0.0, 1.0],
                [0.989998, 0.0, -0.141081, 0.01491, -0.141081, 0.0, -0.989998, -0.004568, 0.0, 1.0, 0.0, 0.739346, 0.0, 0.0, 0.0, 1.0],
                [0.990031, 0.0, -0.140847, 0.014911, -0.140847, 0.0, -0.990031, -0.004564, 0.0, 1.0, 0.0, 0.739346, 0.0, 0.0, 0.0, 1.0],
                [0.990031, 0.0, -0.140847, 0.014911, -0.140847, 0.0, -0.990031, -0.004564, 0.0, 1.0, 0.0, 0.739346, 0.0, 0.0, 0.0, 1.0]
            ]
        },
        {
            "name": "Thigh_R",
            "time": [0.0, 0.0167, 0.0333, 0.05, 0.0667, 0.0833, 0.1, 0.1167, 0.1333, 0.15, 0.1667, 0.1833, 0.2, 0.2167, 0.2333, 0.25, 0.2667, 0.2833, 0.3, 0.3167, 0.3333, 0.35, 0.3667, 0.3833, 0.4, 0.4167, 0.4333, 0.45, 0.4667, 0.4833, 0.5, 0.5167, 0.5333, 0.55, 0.5667, 0.5833, 0.6, 0.6167, 0.6333, 0.65, 0.6667, 0.6833, 0.7, 0.7167, 0.7333, 0.75, 0.7667, 0.7833, 0.8, 0.8167, 0.8333, 0.85, 0.8667, 0.8833, 0.9, 0.9167, 0.9333, 0.95, 0.9667, 0.9833, 1.0, 1.0167, 1.0333, 1.05, 1.0667, 1.0833, 1.1, 1.1167, 1.1333, 1.15, 1.1667, 1.1833, 1.2, 1.2167, 1.2333, 1.25, 1.2667, 1.2833, 1.3],
            "transform": [
                [0.949682, 0.058432, 0.307719, 0.124994, 0.045354, -0.997744, 0.049488, -0.002831, 0.309915, -0.033043, -0.950194, -1.2e-05, 0.0, 0.0, 0.0, 1.0],
                [0.949682, 0.058432, 0.307719, 0.124994, 0.045354, -0.997744, 0.049488, -0.002831, 0.309915, -0.033043, -0.950194, -1.2e-05, 0.0, 0.0, 0.0, 1.0],
                [0.949682, 0.058432, 0.307719, 0.124994, 0.045354, -0.997744, 0.049488, -0.002831, 0.309915, -0.033043, -0.950194, -1.2e-05, 0.0, 0.0, 0.0, 1.0],
                [0.949682, 0.058432, 0.307719, 0.124994, 0.045354, -0.997744, 0.049488, -0.002831, 0.309915, -0.033043, -0.950194, -1.2e-05, 0.0, 0.0, 0.0, 1.0],
                [0.949682, 0.058432, 0.307719, 0.124994, 0.045354, -0.997744, 0.049488, -0.002831, 0.309915, -0.033043, -0.950194, -1.2e-05, 0.0, 0.0, 0.0, 1.0],
                [0.949682, 0.058432, 0.307719, 0.124994, 0.045354, -0.997744, 0.049488, -0.002831, 0.309915, -0.033043, -0.950194, -1.2e-05, 0.0, 0.0, 0.0, 1.0],
                [0.949682, 0.058432, 0.307719, 0.124994, 0.045354, -0.997744, 0.049488, -0.002831, 0.309915, -0.033043, -0.950194, -1.2e-05, 0.0, 0.0, 0.0, 1.0],
                [0.949682, 0.058432, 0.307719, 0.124994, 0.045354, -0.997744, 0.049488, -0.002831, 0.309915, -0.033043, -0.950194, -1.2e-05, 0.0, 0.0, 0.0, 1.0],
                [0.949682, 0.058432, 0.307719, 0.124994, 0.045354, -0.997744, 0.049488, -0.002831, 0.309915, -0.033043, -0.950194, -1.2e-05, 0.0, 0.0, 0.0, 1.0],
                [0.949682, 0.058432, 0.307719, 0.124994, 0.045354, -0.997744, 0.049488, -0.002831, 0.309915, -0.033043, -0.950194, -1.2e-05, 0.0, 0.0, 0.0, 1.0],
                [0.949682, 0.058432, 0.307719, 0.124994, 0.045354, -0.997744, 0.049488, -0.002831, 0.309915, -0.033043, -0.950194, -1.2e-05, 0.0, 0.0, 0.0, 1.0],
                [0.949682, 0.058432, 0.307719, 0.124994, 0.045354, -0.997744, 0.049488, -0.002831, 0.309915, -0.033043, -0.950194, -1.2e-05, 0.0, 0.0, 0.0, 1.0],
                [0.949682, 0.058432, 0.307719, 0.124994, 0.045354, -0.997744, 0.049488, -0.002831, 0.309915, -0.033043, -0.950194, -1.2e-05, 0.0, 0.0, 0.0, 1.0],
                [0.949682, 0.058432, 0.307719, 0.124994, 0.045354, -0.997744, 0.049488, -0.002831, 0.309915, -0.033043, -0.950194, -1.2e-05, 0.0, 0.0, 0.0, 1.0],
                [0.949682, 0.058432, 0.307719, 0.124994, 0.045354, -0.997744, 0.049488, -0.002831, 0.309915, -0.033043, -0.950194, -1.2e-05, 0.0, 0.0, 0.0, 1.0],
                [0.949682, 0.058432, 0.307719, 0.124994, 0.045354, -0.997744, 0.049488, -0.002831, 0.309915, -0.033043, -0.950194, -1.2e-05, 0.0, 0.0, 0.0, 1.0],
                [0.949682, 0.058432, 0.307719, 0.124994, 0.045354, -0.997744, 0.049488, -0.002831, 0.309915, -0.033043, -0.950194, -1.2e-05, 0.0, 0.0, 0.0, 1.0],
                [0.949682, 0.058432, 0.307719, 0.124994, 0.045354, -0.997744, 0.049488, -0.002831, 0.309915, -0.033043, -0.950194, -1.2e-05, 0.0, 0.0, 0.0, 1.0],
                [0.949682, 0.058432, 0.307719, 0.124994, 0.045354, -0.997744, 0.049488, -0.002831, 0.309915, -0.033043, -0.950194, -1.2e-05, 0.0, 0.0, 0.0, 1.0],
                [0.949682, 0.058432, 0.307719, 0.124994, 0.045354, -0.997744, 0.049488, -0.002831, 0.309915, -0.033043, -0.950194, -1.2e-05, 0.0, 0.0, 0.0, 1.0],
                [0.949682, 0.058432, 0.307719, 0.124994, 0.045354, -0.997744, 0.049488, -0.002831, 0.309915, -0.033043, -0.950194, -1.2e-05, 0.0, 0.0, 0.0, 1.0],
                [0.949682, 0.058432, 0.307719, 0.124994, 0.045354, -0.997744, 0.049488, -0.002831, 0.309915, -0.033043, -0.950194, -1.2e-05, 0.0, 0.0, 0.0, 1.0],
                [0.949682, 0.058432, 0.307719, 0.124994, 0.045354, -0.997744, 0.049488, -0.002831, 0.309915, -0.033043, -0.950194, -1.2e-05, 0.0, 0.0, 0.0, 1.0],
                [0.949682, 0.058432, 0.307719, 0.124994, 0.045354, -0.997745, 0.049487, -0.002831, 0.309915, -0.033042, -0.950194, -1.2e-05, 0.0, 0.0, 0.0, 1.0],
                [0.949682, 0.058432, 0.307719, 0.124994, 0.045354, -0.997744, 0.049488, -0.002831, 0.309915, -0.033042, -0.950194, -1.2e-05, 0.0, 0.0, 0.0, 1.0],
                [0.949682, 0.058432, 0.307719, 0.124994, 0.045354, -0.997744, 0.049488, -0.002831, 0.309915, -0.033043, -0.950194, -1.2e-05, 0.0, 0.0, 0.0, 1.0],
                [0.949682, 0.058432, 0.307719, 0.124994, 0.045354, -0.997744, 0.049488, -0.002831, 0.309915, -0.033043, -0.950194, -1.2e-05, 0.0, 0.0, 0.0, 1.0],
                [0.949682, 0.058432, 0.307719, 0.124994, 0.045354, -0.997745, 0.049487, -0.002831, 0.309915, -0.033042, -0.950194, -1.2e-05, 0.0, 0.0, 0.0, 1.0],
                [0.949682, 0.058432, 0.307719, 0.124994, 0.045354, -0.997745, 0.049487, -0.002831, 0.309915, -0.033042, -0.950194, -1.2e-05, 0.0, 0.0, 0.0, 1.0],
                [0.949682, 0.058432, 0.307719, 0.124994, 0.045354, -0.997744, 0.049488, -0.002831, 0.309915, -0.033043, -0.950194, -1.2e-05, 0.0, 0.0, 0.0, 1.0],
                [0.949682, 0.058432, 0.307719, 0.124994, 0.045354, -0.997744, 0.049488, -0.002831, 0.309915, -0.033042, -0.950194, -1.2e-05, 0.0, 0.0, 0.0, 1.0],
                [0.949682, 0.058432, 0.307719, 0.124994, 0.045354, -0.997744, 0.049488, -0.002831, 0.309915, -0.033042, -0.950194, -1.2e-05, 0.0, 0.0, 0.0, 1.0],
                [0.949682, 0.058432, 0.307719, 0.124994, 0.045354, -0.997744, 0.049488, -0.002831, 0.309915, -0.033043, -0.950194, -1.2e-05, 0.0, 0.0, 0.0, 1.0],
                [0.949682, 0.058432, 0.307719, 0.124994, 0.045354, -0.997744, 0.049488, -0.002831, 0.309915, -0.033042, -0.950194, -1.2e-05, 0.0, 0.0, 0.0, 1.0],
                [0.949682, 0.058432, 0.307719, 0.124994, 0.045354, -0.997744, 0.049488, -0.002831, 0.309915, -0.033042, -0.950194, -1.2e-05, 0.0, 0.0, 0.0, 1.0],
                [0.949682, 0.058432, 0.307719, 0.124994, 0.045354, -0.997744, 0.049488, -0.002831, 0.309915, -0.033043, -0.950194, -1.2e-05, 0.0, 0.0, 0.0, 1.0],
                [0.949681, 0.058432, 0.307719, 0.124994, 0.045354, -0.997744, 0.049488, -0.002831, 0.309915, -0.033043, -0.950194, -1.2e-05, 0.0, 0.0, 0.0, 1.0],
                [0.949682, 0.058432, 0.307719, 0.124994, 0.045354, -0.997744, 0.049488, -0.002831, 0.309915, -0.033043, -0.950194, -1.2e-05, 0.0, 0.0, 0.0, 1.0],
                [0.949682, 0.058432, 0.307719, 0.124994, 0.045354, -0.997744, 0.049488, -0.002831, 0.309915, -0.033043, -0.950194, -1.2e-05, 0.0, 0.0, 0.0, 1.0],
                [0.949682, 0.058432, 0.307719, 0.124994, 0.045354, -0.997744, 0.049488, -0.002831, 0.309915, -0.033043, -0.950194, -1.2e-05, 0.0, 0.0, 0.0, 1.0],
                [0.949682, 0.058432, 0.307719, 0.124994, 0.045354, -0.997744, 0.049488, -0.002831, 0.309915, -0.033043, -0.950194, -1.2e-05, 0.0, 0.0, 0.0, 1.0],
                [0.949682, 0.058432, 0.307719, 0.124994, 0.045354, -0.997744, 0.049488, -0.002831, 0.309915, -0.033043, -0.950194, -1.2e-05, 0.0, 0.0, 0.0, 1.0],
                [0.949682, 0.058432, 0.307719, 0.124994, 0.045354, -0.997744, 0.049488, -0.002831, 0.309915, -0.033043, -0.950194, -1.2e-05, 0.0, 0.0, 0.0, 1.0],
                [0.949682, 0.058432, 0.307719, 0.124994, 0.045354, -0.997744, 0.049488, -0.002831, 0.309915, -0.033043, -0.950194, -1.2e-05, 0.0, 0.0, 0.0, 1.0],
                [0.949682, 0.058432, 0.307719, 0.124994, 0.045354, -0.997744, 0.049488, -0.002831, 0.309915, -0.033043, -0.950194, -1.2e-05, 0.0, 0.0, 0.0, 1.0],
                [0.949682, 0.058432, 0.307719, 0.124994, 0.045354, -0.997744, 0.049488, -0.002831, 0.309915, -0.033043, -0.950194, -1.2e-05, 0.0, 0.0, 0.0, 1.0],
                [0.949682, 0.058432, 0.307719, 0.124994, 0.045354, -0.997744, 0.049488, -0.002831, 0.309915, -0.033043, -0.950194, -1.2e-05, 0.0, 0.0, 0.0, 1.0],
                [0.949682, 0.058432, 0.307719, 0.124994, 0.045354, -0.997744, 0.049488, -0.002831, 0.309915, -0.033043, -0.950194, -1.2e-05, 0.0, 0.0, 0.0, 1.0],
                [0.949682, 0.058432, 0.307719, 0.124994, 0.045354, -0.997744, 0.049488, -0.002831, 0.309915, -0.033043, -0.950194, -1.2e-05, 0.0, 0.0, 0.0, 1.0],
                [0.949682, 0.058432, 0.307719, 0.124994, 0.045354, -0.997744, 0.049488, -0.002831, 0.309915, -0.033043, -0.950194, -1.2e-05, 0.0, 0.0, 0.0, 1.0],
                [0.949682, 0.058432, 0.307719, 0.124994, 0.045354, -0.997744, 0.049488, -0.002831, 0.309915, -0.033043, -0.950194, -1.2e-05, 0.0, 0.0, 0.0, 1.0],
                [0.949682, 0.058432, 0.307719, 0.124994, 0.045354, -0.997744, 0.049488, -0.002831, 0.309915, -0.033043, -0.950194, -1.2e-05, 0.0, 0.0, 0.0, 1.0],
                [0.94952, 0.058278, 0.308247, 0.124994, 0.045322, -0.997768, 0.049033, -0.002831, 0.310415, -0.032588, -0.950046, -1.2e-05, 0.0, 0.0, 0.0, 1.0],
                [0.94903, 0.057812, 0.309841, 0.124994, 0.045227, -0.997839, 0.047654, -0.002831, 0.311925, -0.031213, -0.949598, -1.2e-05, 0.0, 0.0, 0.0, 1.0],
                [0.948203, 0.057023, 0.312508, 0.124994, 0.045074, -0.997955, 0.045332, -0.002831, 0.314452, -0.028899, -0.948837, -1.2e-05, 0.0, 0.0, 0.0, 1.0],
                [0.94703, 0.055898, 0.316244, 0.124994, 0.044873, -0.998108, 0.042043, -0.002831, 0.317994, -0.025626, -0.94775, -1.2e-05, 0.0, 0.0, 0.0, 1.0],
                [0.945504, 0.054423, 0.32103, 0.124994, 0.044637, -0.998289, 0.03777, -0.002831, 0.322535, -0.021383, -0.94632, -1.2e-05, 0.0, 0.0, 0.0, 1.0],
                [0.94362, 0.052584, 0.32683, 0.124994, 0.044385, -0.998486, 0.032497, -0.002831, 0.328043, -0.016159, -0.944529, -1.2e-05, 0.0, 0.0, 0.0, 1.0],
                [0.941373, 0.050363, 0.333589, 0.124994, 0.044139, -0.998681, 0.026217, -0.002831, 0.334468, -0.009957, -0.942358, -1.2e-05, 0.0, 0.0, 0.0, 1.0],
                [0.938766, 0.047743, 0.341232, 0.124994, 0.043921, -0.998856, 0.018923, -0.002831, 0.341743, -0.002778, -0.939793, -1.2e-05, 0.0, 0.0, 0.0, 1.0],
                [0.935811, 0.044709, 0.349658, 0.124994, 0.043757, -0.998986, 0.010626, -0.002831, 0.349777, 0.005355, -0.936822, -1.2e-05, 0.0, 0.0, 0.0, 1.0],
                [0.932524, 0.041256, 0.358745, 0.124994, 0.04367, -0.999045, 0.001373, -0.002831, 0.358457, 0.014385, -0.933439, -1.2e-05, 0.0, 0.0, 0.0, 1.0],
                [0.928936, 0.037381, 0.36835, 0.124994, 0.043683, -0.999007, -0.008782, -0.002831, 0.367654, 0.024248, -0.92965, -1.2e-05, 0.0, 0.0, 0.0, 1.0],
                [0.925088, 0.033091, 0.378311, 0.124994, 0.043811, -0.998844, -0.019764, -0.002831, 0.377218, 0.034856, -0.925472, -1.2e-05, 0.0, 0.0, 0.0, 1.0],
                [0.921031, 0.028399, 0.388454, 0.124994, 0.044063, -0.998533, -0.031475, -0.002831, 0.386989, 0.046105, -0.920935, -1.2e-05, 0.0, 0.0, 0.0, 1.0],
                [0.916829, 0.023333, 0.3986, 0.124994, 0.044443, -0.998051, -0.043802, -0.002831, 0.396799, 0.057873, -0.916083, -1.2e-05, 0.0, 0.0, 0.0, 1.0],
                [0.912553, 0.017936, 0.408567, 0.124994, 0.044943, -0.997385, -0.0566, -0.002831, 0.406481, 0.070012, -0.910977, -1.2e-05, 0.0, 0.0, 0.0, 1.0],
                [0.908281, 0.012262, 0.418182, 0.124994, 0.045549, -0.996527, -0.069713, -0.002831, 0.415873, 0.082365, -0.905689, -1.2e-05, 0.0, 0.0, 0.0, 1.0],
                [0.904094, 0.00638, 0.427289, 0.124994, 0.046238, -0.995479, -0.082972, -0.002831, 0.424826, 0.09477, -0.900305, -1.2e-05, 0.0, 0.0, 0.0, 1.0],
                [0.90007, 0.000375, 0.435748, 0.124994, 0.046984, -0.994253, -0.096194, -0.002831, 0.433206, 0.107053, -0.894918, -1.2e-05, 0.0, 0.0, 0.0, 1.0],
                [0.896284, -0.005656, 0.443446, 0.124994, 0.047755, -0.992873, -0.109187, -0.002831, 0.440902, 0.119039, -0.88963, -1.2e-05, 0.0, 0.0, 0.0, 1.0],
                [0.892806, -0.011601, 0.450295, 0.124994, 0.048521, -0.991375, -0.121745, -0.002831, 0.447822, 0.130542, -0.884545, -1.2e-05, 0.0, 0.0, 0.0, 1.0],
                [0.889693, -0.01733, 0.456233, 0.124994, 0.049249, -0.989806, -0.13364, -0.002831, 0.453896, 0.141366, -0.879773, -1.2e-05, 0.0, 0.0, 0.0, 1.0],
                [0.886995, -0.022696, 0.461222, 0.124994, 0.049912, -0.988228, -0.144619, -0.002831, 0.459073, 0.151296, -0.875425, -1.2e-05, 0.0, 0.0, 0.0, 1.0],
                [0.884751, -0.027527, 0.465252, 0.124994, 0.050485, -0.98672, -0.154386, -0.002831, 0.463321, 0.16008, -0.871616, -1.2e-05, 0.0, 0.0, 0.0, 1.0],
                [0.882988, -0.031624, 0.468331, 0.124994, 0.050948, -0.985377, -0.162596, -0.002831, 0.466623, 0.16743, -0.868468, -1.2e-05, 0.0, 0.0, 0.0, 1.0],
                [0.881723, -0.034772, 0.470487, 0.124994, 0.051287, -0.984304, -0.168863, -0.002831, 0.468972, 0.173019, -0.866104, -1.2e-05, 0.0, 0.0, 0.0, 1.0],
                [0.880964, -0.036762, 0.471754, 0.124994, 0.051493, -0.983608, -0.17281, -0.002831, 0.470373, 0.176531, -0.864634, -1.2e-05, 0.0, 0.0, 0.0, 1.0],
                [0.880713, -0.037443, 0.472171, 0.124994, 0.051562, -0.983367, -0.174157, -0.002831, 0.470836, 0.177727, -0.864137, -1.2e-05, 0.0, 0.0, 0.0, 1.0],
                [0.880713, -0.037443, 0.472171, 0.124994, 0.051562, -0.983367, -0.174157, -0.002831, 0.470836, 0.177727, -0.864137, -1.2e-05, 0.0, 0.0, 0.0, 1.0]
            ]
        },
        {
            "name": "Leg_R",
            "time": [0.0, 0.0167, 0.0333, 0.05, 0.0667, 0.0833, 0.1, 0.1167, 0.1333, 0.15, 0.1667, 0.1833, 0.2, 0.2167, 0.2333, 0.25, 0.2667, 0.2833, 0.3, 0.3167, 0.3333, 0.35, 0.3667, 0.3833, 0.4, 0.4167, 0.4333, 0.45, 0.4667, 0.4833, 0.5, 0.5167, 0.5333, 0.55, 0.5667, 0.5833, 0.6, 0.6167, 0.6333, 0.65, 0.6667, 0.6833, 0.7, 0.7167, 0.7333, 0.75, 0.7667, 0.7833, 0.8, 0.8167, 0.8333, 0.85, 0.8667, 0.8833, 0.9, 0.9167, 0.9333, 0.95, 0.9667, 0.9833, 1.0, 1.0167, 1.0333, 1.05, 1.0667, 1.0833, 1.1, 1.1167, 1.1333, 1.15, 1.1667, 1.1833, 1.2, 1.2167, 1.2333, 1.25, 1.2667, 1.2833, 1.3],
            "transform": [
                [1.0, -0.000428, -0.0002, 0.0, 0.000472, 0.923765, 0.382963, 0.375166, 2.1e-05, -0.382961, 0.923764, 0.0, 0.0, 0.0, 0.0, 1.0],
                [1.0, -0.000428, -0.0002, 0.0, 0.000472, 0.923765, 0.382963, 0.375166, 2.1e-05, -0.382961, 0.923764, 0.0, 0.0, 0.0, 0.0, 1.0],
                [1.0, -0.000428, -0.0002, 0.0, 0.000472, 0.923765, 0.382963, 0.375166, 2.1e-05, -0.382961, 0.923764, 0.0, 0.0, 0.0, 0.0, 1.0],
                [1.0, -0.000428, -0.0002, 0.0, 0.000472, 0.923765, 0.382963, 0.375166, 2.1e-05, -0.382961, 0.923764, 0.0, 0.0, 0.0, 0.0, 1.0],
                [1.0, -0.000428, -0.0002, 0.0, 0.000472, 0.923765, 0.382963, 0.375166, 2.1e-05, -0.382961, 0.923764, 0.0, 0.0, 0.0, 0.0, 1.0],
                [1.0, -0.000428, -0.0002, 0.0, 0.000472, 0.923765, 0.382963, 0.375166, 2.1e-05, -0.382961, 0.923764, 0.0, 0.0, 0.0, 0.0, 1.0],
                [1.0, -0.000428, -0.0002, 0.0, 0.000472, 0.923765, 0.382963, 0.375166, 2.1e-05, -0.382961, 0.923764, 0.0, 0.0, 0.0, 0.0, 1.0],
                [1.0, -0.000428, -0.0002, 0.0, 0.000472, 0.923765, 0.382963, 0.375166, 2.1e-05, -0.382961, 0.923764, 0.0, 0.0, 0.0, 0.0, 1.0],
                [1.0, -0.000428, -0.0002, 0.0, 0.000472, 0.923765, 0.382963, 0.375166, 2.1e-05, -0.382961, 0.923764, 0.0, 0.0, 0.0, 0.0, 1.0],
                [1.0, -0.000428, -0.0002, 0.0, 0.000472, 0.923765, 0.382963, 0.375166, 2.1e-05, -0.382961, 0.923764, 0.0, 0.0, 0.0, 0.0, 1.0],
                [1.0, -0.000428, -0.0002, 0.0, 0.000472, 0.923765, 0.382963, 0.375166, 2.1e-05, -0.382961, 0.923764, 0.0, 0.0, 0.0, 0.0, 1.0],
                [1.0, -0.000428, -0.0002, 0.0, 0.000472, 0.923765, 0.382963, 0.375166, 2.1e-05, -0.382961, 0.923764, 0.0, 0.0, 0.0, 0.0, 1.0],
                [1.0, -0.000428, -0.0002, 0.0, 0.000472, 0.923765, 0.382963, 0.375166, 2.1e-05, -0.382961, 0.923764, 0.0, 0.0, 0.0, 0.0, 1.0],
                [1.0, -0.000428, -0.0002, 0.0, 0.000472, 0.923765, 0.382963, 0.375166, 2.1e-05, -0.382961, 0.923764, 0.0, 0.0, 0.0, 0.0, 1.0],
                [1.0, -0.000428, -0.0002, 0.0, 0.000472, 0.923765, 0.382963, 0.375166, 2.1e-05, -0.382961, 0.923764, 0.0, 0.0, 0.0, 0.0, 1.0],
                [1.0, -0.000428, -0.0002, 0.0, 0.000472, 0.923765, 0.382963, 0.375166, 2.1e-05, -0.382961, 0.923764, 0.0, 0.0, 0.0, 0.0, 1.0],
                [1.0, -0.000428, -0.0002, 0.0, 0.000472, 0.923765, 0.382963, 0.375166, 2.1e-05, -0.382961, 0.923764, 0.0, 0.0, 0.0, 0.0, 1.0],
                [1.0, -0.000428, -0.0002, 0.0, 0.000472, 0.923765, 0.382963, 0.375166, 2.1e-05, -0.382961, 0.923764, 0.0, 0.0, 0.0, 0.0, 1.0],
                [1.0, -0.000428, -0.0002, 0.0, 0.000472, 0.923765, 0.382963, 0.375166, 2.1e-05, -0.382961, 0.923764, 0.0, 0.0, 0.0, 0.0, 1.0],
                [1.0, -0.000428, -0.0002, 0.0, 0.000472, 0.923765, 0.382963, 0.375166, 2.1e-05, -0.382961, 0.923764, 0.0, 0.0, 0.0, 0.0, 1.0],
                [1.0, -0.000428, -0.0002, 0.0, 0.000472, 0.923765, 0.382963, 0.375166, 2.1e-05, -0.382961, 0.923764, 0.0, 0.0, 0.0, 0.0, 1.0],
                [1.0, -0.000428, -0.0002, 0.0, 0.000472, 0.923765, 0.382963, 0.375166, 2.1e-05, -0.382961, 0.923764, 0.0, 0.0, 0.0, 0.0, 1.0],
                [1.0, -0.000428, -0.0002, -0.0, 0.000472, 0.923765, 0.382963, 0.375166, 2.1e-05, -0.382961, 0.923764, 0.0, 0.0, 0.0, 0.0, 1.0],
                [1.0, -0.000428, -0.0002, 0.0, 0.000472, 0.923765, 0.382961, 0.375166, 2.1e-05, -0.382959, 0.923764, 0.0, 0.0, 0.0, 0.0, 1.0],
                [1.0, -0.000428, -0.0002, 0.0, 0.000472, 0.923765, 0.382962, 0.375166, 2.1e-05, -0.38296, 0.923765, -0.0, 0.0, 0.0, 0.0, 1.0],
                [1.0, -0.000428, -0.0002, 0.0, 0.000472, 0.923765, 0.382963, 0.375166, 2.1e-05, -0.382961, 0.923763, -0.0, 0.0, 0.0, 0.0, 1.0],
                [1.0, -0.000428, -0.0002, -0.0, 0.000472, 0.923765, 0.382963, 0.375166, 2.1e-05, -0.382961, 0.923764, 0.0, 0.0, 0.0, 0.0, 1.0],
                [1.0, -0.000428, -0.0002, 0.0, 0.000472, 0.923765, 0.382961, 0.375166, 2.1e-05, -0.382959, 0.923764, 0.0, 0.0, 0.0, 0.0, 1.0],
                [1.0, -0.000428, -0.0002, -0.0, 0.000472, 0.923766, 0.382961, 0.375166, 2.1e-05, -0.382959, 0.923765, 0.0, 0.0, 0.0, 0.0, 1.0],
                [1.0, -0.000428, -0.0002, 0.0, 0.000472, 0.923765, 0.382963, 0.375166, 2.1e-05, -0.382961, 0.923764, -0.0, 0.0, 0.0, 0.0, 1.0],
                [1.0, -0.000428, -0.0002, -0.0, 0.000472, 0.923765, 0.382962, 0.375166, 2.1e-05, -0.38296, 0.923764, 0.0, 0.0, 0.0, 0.0, 1.0],
                [1.0, -0.000428, -0.0002, 0.0, 0.000472, 0.923765, 0.382962, 0.375166, 2.1e-05, -0.38296, 0.923764, 0.0, 0.0, 0.0, 0.0, 1.0],
                [1.0, -0.000428, -0.0002, -0.0, 0.000472, 0.923765, 0.382963, 0.375166, 2.1e-05, -0.382961, 0.923764, -0.0, 0.0, 0.0, 0.0, 1.0],
                [1.0, -0.000428, -0.0002, 0.0, 0.000472, 0.923765, 0.382962, 0.375166, 2.1e-05, -0.38296, 0.923764, -0.0, 0.0, 0.0, 0.0, 1.0],
                [1.0, -0.000428, -0.0002, 0.0, 0.000472, 0.923765, 0.382962, 0.375166, 2.1e-05, -0.38296, 0.923764, 0.0, 0.0, 0.0, 0.0, 1.0],
                [1.0, -0.000428, -0.0002, -0.0, 0.000472, 0.923765, 0.382963, 0.375166, 2.1e-05, -0.382961, 0.923764, 0.0, 0.0, 0.0, 0.0, 1.0],
                [1.0, -0.000428, -0.0002, -0.0, 0.000472, 0.923765, 0.382963, 0.375166, 2.1e-05, -0.382961, 0.923764, 0.0, 0.0, 0.0, 0.0, 1.0],
                [1.0, -0.000428, -0.0002, 0.0, 0.000472, 0.923765, 0.382962, 0.375166, 2.1e-05, -0.38296, 0.923764, -0.0, 0.0, 0.0, 0.0, 1.0],
                [1.0, -0.000428, -0.0002, 0.0, 0.000472, 0.923765, 0.382962, 0.375166, 2.1e-05, -0.38296, 0.923764, -0.0, 0.0, 0.0, 0.0, 1.0],
                [1.0, -0.000428, -0.0002, 0.0, 0.000472, 0.923765, 0.382962, 0.375166, 2.1e-05, -0.38296, 0.923764, -0.0, 0.0, 0.0, 0.0, 1.0],
                [1.0, -0.000428, -0.0002, 0.0, 0.000472, 0.923765, 0.382962, 0.375166, 2.1e-05, -0.38296, 0.923764, -0.0, 0.0, 0.0, 0.0, 1.0],
                [1.0, -0.000428, -0.0002, 0.0, 0.000472, 0.923765, 0.382962, 0.375166, 2.1e-05, -0.38296, 0.923764, -0.0, 0.0, 0.0, 0.0, 1.0],
                [1.0, -0.000428, -0.0002, 0.0, 0.000472, 0.923765, 0.382962, 0.375166, 2.1e-05, -0.38296, 0.923764, -0.0, 0.0, 0.0, 0.0, 1.0],
                [1.0, -0.000428, -0.0002, 0.0, 0.000472, 0.923765, 0.382962, 0.375166, 2.1e-05, -0.38296, 0.923764, -0.0, 0.0, 0.0, 0.0, 1.0],
                [1.0, -0.000428, -0.0002, 0.0, 0.000472, 0.923765, 0.382962, 0.375166, 2.1e-05, -0.38296, 0.923764, -0.0, 0.0, 0.0, 0.0, 1.0],
                [1.0, -0.000428, -0.0002, 0.0, 0.000472, 0.923765, 0.382962, 0.375166, 2.1e-05, -0.38296, 0.923764, -0.0, 0.0, 0.0, 0.0, 1.0],
                [1.0, -0.000428, -0.0002, 0.0, 0.000472, 0.923765, 0.382962, 0.375166, 2.1e-05, -0.38296, 0.923764, -0.0, 0.0, 0.0, 0.0, 1.0],
                [1.0, -0.000428, -0.0002, 0.0, 0.000472, 0.923765, 0.382962, 0.375166, 2.1e-05, -0.38296, 0.923764, -0.0, 0.0, 0.0, 0.0, 1.0],
                [1.0, -0.000428, -0.0002, 0.0, 0.000472, 0.923765, 0.382962, 0.375166, 2.1e-05, -0.38296, 0.923764, -0.0, 0.0, 0.0, 0.0, 1.0],
                [1.0, -0.000428, -0.0002, 0.0, 0.000472, 0.923765, 0.382962, 0.375166, 2.1e-05, -0.38296, 0.923764, -0.0, 0.0, 0.0, 0.0, 1.0],
                [1.0, -0.000428, -0.0002, 0.0, 0.000472, 0.923765, 0.382962, 0.375166, 2.1e-05, -0.38296, 0.923764, -0.0, 0.0, 0.0, 0.0, 1.0],
                [1.0, -0.000428, -0.0002, 0.0, 0.000472, 0.923765, 0.382962, 0.375166, 2.1e-05, -0.38296, 0.923764, -0.0, 0.0, 0.0, 0.0, 1.0],
                [1.0, -0.000428, -0.0002, 0.0, 0.000472, 0.92391, 0.382611, 0.375166, 2.1e-05, -0.382609, 0.923909, -0.0, 0.0, 0.0, 0.0, 1.0],
                [1.0, -0.000427, -0.0002, -0.0, 0.000471, 0.924352, 0.381544, 0.375166, 2.2e-05, -0.381542, 0.924351, -0.0, 0.0, 0.0, 0.0, 1.0],
                [1.0, -0.000425, -0.000199, -0.0, 0.000468, 0.925098, 0.37973, 0.375166, 2.3e-05, -0.379728, 0.925097, -0.0, 0.0, 0.0, 0.0, 1.0],
                [1.0, -0.000422, -0.000197, 0.0, 0.000465, 0.926161, 0.377131, 0.375166, 2.4e-05, -0.377129, 0.92616, -0.0, 0.0, 0.0, 0.0, 1.0],
                [1.0, -0.000418, -0.000196, -0.0, 0.000461, 0.927551, 0.373699, 0.375166, 2.6e-05, -0.373697, 0.92755, -0.0, 0.0, 0.0, 0.0, 1.0],
                [1.0, -0.000413, -0.000194, -0.0, 0.000456, 0.92928, 0.369378, 0.375166, 2.8e-05, -0.369376, 0.929279, 0.0, 0.0, 0.0, 0.0, 1.0],
                [1.0, -0.000407, -0.000192, -0.0, 0.000449, 0.931357, 0.36411, 0.375166, 3e-05, -0.364108, 0.931356, -0.0, 0.0, 0.0, 0.0, 1.0],
                [1.0, -0.0004, -0.000189, -0.0, 0.000441, 0.933793, 0.357815, 0.375166, 3.3e-05, -0.357814, 0.933792, -0.0, 0.0, 0.0, 0.0, 1.0],
                [1.0, -0.000392, -0.000186, -0.0, 0.000432, 0.936592, 0.350424, 0.375166, 3.7e-05, -0.350422, 0.936591, 0.0, 0.0, 0.0, 0.0, 1.0],
                [1.0, -0.000382, -0.000183, -0.0, 0.000422, 0.939733, 0.341911, 0.375166, 4.1e-05, -0.341909, 0.939732, 0.0, 0.0, 0.0, 0.0, 1.0],
                [1.0, -0.000372, -0.000179, 0.0, 0.00041, 0.943197, 0.332237, 0.375166, 4.5e-05, -0.332235, 0.943196, 0.0, 0.0, 0.0, 0.0, 1.0],
                [1.0, -0.000359, -0.000174, 0.0, 0.000396, 0.946949, 0.321386, 0.375166, 5e-05, -0.321385, 0.946948, 0.0, 0.0, 0.0, 0.0, 1.0],
                [1.0, -0.000346, -0.00017, 0.0, 0.000382, 0.950945, 0.309363, 0.375166, 5.5e-05, -0.309362, 0.950944, -0.0, 0.0, 0.0, 0.0, 1.0],
                [1.0, -0.000331, -0.000165, -0.0, 0.000365, 0.955129, 0.296192, 0.375166, 6e-05, -0.296191, 0.955129, 0.0, 0.0, 0.0, 0.0, 1.0],
                [1.0, -0.000315, -0.00016, 0.0, 0.000348, 0.959428, 0.281957, 0.375166, 6.5e-05, -0.281956, 0.959427, 0.0, 0.0, 0.0, 0.0, 1.0],
                [1.0, -0.000298, -0.000156, 0.0, 0.000329, 0.963762, 0.266766, 0.375166, 7e-05, -0.266765, 0.963762, 0.0, 0.0, 0.0, 0.0, 1.0],
                [1.0, -0.00028, -0.000151, 0.0, 0.000309, 0.968049, 0.250764, 0.375166, 7.6e-05, -0.250763, 0.968048, -0.0, 0.0, 0.0, 0.0, 1.0],
                [1.0, -0.000262, -0.000146, -0.0, 0.000289, 0.972201, 0.234148, 0.375166, 8.1e-05, -0.234148, 0.972201, 0.0, 0.0, 0.0, 0.0, 1.0],
                [1.0, -0.000243, -0.000142, -0.0, 0.000268, 0.976138, 0.217156, 0.375166, 8.6e-05, -0.217156, 0.976137, 0.0, 0.0, 0.0, 0.0, 1.0],
                [1.0, -0.000224, -0.000138, -0.0, 0.000247, 0.979779, 0.200087, 0.375166, 9e-05, -0.200087, 0.979778, 0.0, 0.0, 0.0, 0.0, 1.0],
                [1.0, -0.000205, -0.000134, 0.0, 0.000226, 0.983056, 0.183308, 0.375166, 9.4e-05, -0.183308, 0.983056, 0.0, 0.0, 0.0, 0.0, 1.0],
                [1.0, -0.000187, -0.000131, -0.0, 0.000206, 0.985911, 0.167271, 0.375166, 9.8e-05, -0.167271, 0.985911, 0.0, 0.0, 0.0, 0.0, 1.0],
                [1.0, -0.000171, -0.000128, 0.0, 0.000188, 0.988297, 0.152544, 0.375166, 0.000101, -0.152544, 0.988296, 0.0, 0.0, 0.0, 0.0, 1.0],
                [1.0, -0.000156, -0.000126, -0.0, 0.000172, 0.990178, 0.139815, 0.375166, 0.000103, -0.139815, 0.990177, 0.0, 0.0, 0.0, 0.0, 1.0],
                [1.0, -0.000145, -0.000125, 0.0, 0.00016, 0.991531, 0.129875, 0.375166, 0.000105, -0.129876, 0.99153, 0.0, 0.0, 0.0, 0.0, 1.0],
                [1.0, -0.000138, -0.000124, 0.0, 0.000152, 0.992344, 0.123513, 0.375166, 0.000106, -0.123514, 0.992343, 0.0, 0.0, 0.0, 0.0, 1.0],
                [1.0, -0.000136, -0.000123, -0.0, 0.00015, 0.992613, 0.121323, 0.375166, 0.000106, -0.121324, 0.992613, 0.0, 0.0, 0.0, 0.0, 1.0],
                [1.0, -0.000136, -0.000123, -0.0, 0.00015, 0.992613, 0.121323, 0.375166, 0.000106, -0.121324, 0.992613, 0.0, 0.0, 0.0, 0.0, 1.0]
            ]
        },
        {
            "name": "Knee_R",
            "time": [0.0, 0.0167, 0.0333, 0.05, 0.0667, 0.0833, 0.1, 0.1167, 0.1333, 0.15, 0.1667, 0.1833, 0.2, 0.2167, 0.2333, 0.25, 0.2667, 0.2833, 0.3, 0.3167, 0.3333, 0.35, 0.3667, 0.3833, 0.4, 0.4167, 0.4333, 0.45, 0.4667, 0.4833, 0.5, 0.5167, 0.5333, 0.55, 0.5667, 0.5833, 0.6, 0.6167, 0.6333, 0.65, 0.6667, 0.6833, 0.7, 0.7167, 0.7333, 0.75, 0.7667, 0.7833, 0.8, 0.8167, 0.8333, 0.85, 0.8667, 0.8833, 0.9, 0.9167, 0.9333, 0.95, 0.9667, 0.9833, 1.0, 1.0167, 1.0333, 1.05, 1.0667, 1.0833, 1.1, 1.1167, 1.1333, 1.15, 1.1667, 1.1833, 1.2, 1.2167, 1.2333, 1.25, 1.2667, 1.2833, 1.3],
            "transform": [
                [1.0, -5.7e-05, 5.4e-05, 0.0, 5.7e-05, 0.048757, -0.998811, 0.375166, 5.4e-05, 0.998811, 0.048757, 0.0, 0.0, 0.0, 0.0, 1.0],
                [1.0, -5.7e-05, 5.4e-05, 0.0, 5.7e-05, 0.048757, -0.998811, 0.375166, 5.4e-05, 0.998811, 0.048757, 0.0, 0.0, 0.0, 0.0, 1.0],
                [1.0, -5.7e-05, 5.4e-05, 0.0, 5.7e-05, 0.048757, -0.998811, 0.375166, 5.4e-05, 0.998811, 0.048757, 0.0, 0.0, 0.0, 0.0, 1.0],
                [1.0, -5.7e-05, 5.4e-05, 0.0, 5.7e-05, 0.048757, -0.998811, 0.375166, 5.4e-05, 0.998811, 0.048757, 0.0, 0.0, 0.0, 0.0, 1.0],
                [1.0, -5.7e-05, 5.4e-05, 0.0, 5.7e-05, 0.048757, -0.998811, 0.375166, 5.4e-05, 0.998811, 0.048757, 0.0, 0.0, 0.0, 0.0, 1.0],
                [1.0, -5.7e-05, 5.4e-05, 0.0, 5.7e-05, 0.048757, -0.998811, 0.375166, 5.4e-05, 0.998811, 0.048757, 0.0, 0.0, 0.0, 0.0, 1.0],
                [1.0, -5.7e-05, 5.4e-05, 0.0, 5.7e-05, 0.048757, -0.998811, 0.375166, 5.4e-05, 0.998811, 0.048757, 0.0, 0.0, 0.0, 0.0, 1.0],
                [1.0, -5.7e-05, 5.4e-05, 0.0, 5.7e-05, 0.048757, -0.998811, 0.375166, 5.4e-05, 0.998811, 0.048757, 0.0, 0.0, 0.0, 0.0, 1.0],
                [1.0, -5.7e-05, 5.4e-05, 0.0, 5.7e-05, 0.048757, -0.998811, 0.375166, 5.4e-05, 0.998811, 0.048757, 0.0, 0.0, 0.0, 0.0, 1.0],
                [1.0, -5.7e-05, 5.4e-05, 0.0, 5.7e-05, 0.048757, -0.998811, 0.375166, 5.4e-05, 0.998811, 0.048757, 0.0, 0.0, 0.0, 0.0, 1.0],
                [1.0, -5.7e-05, 5.4e-05, 0.0, 5.7e-05, 0.048757, -0.998811, 0.375166, 5.4e-05, 0.998811, 0.048757, 0.0, 0.0, 0.0, 0.0, 1.0],
                [1.0, -5.7e-05, 5.4e-05, 0.0, 5.7e-05, 0.048757, -0.998811, 0.375166, 5.4e-05, 0.998811, 0.048757, 0.0, 0.0, 0.0, 0.0, 1.0],
                [1.0, -5.7e-05, 5.4e-05, 0.0, 5.7e-05, 0.048757, -0.998811, 0.375166, 5.4e-05, 0.998811, 0.048757, 0.0, 0.0, 0.0, 0.0, 1.0],
                [1.0, -5.7e-05, 5.4e-05, 0.0, 5.7e-05, 0.048757, -0.998811, 0.375166, 5.4e-05, 0.998811, 0.048757, 0.0, 0.0, 0.0, 0.0, 1.0],
