{
    "animation": [
        {
            "name": "Root",
            "time": [0.0, 0.0167, 0.0333, 0.05, 0.0667, 0.0833, 0.1, 0.1167, 0.1333, 0.15, 0.1667, 0.1833, 0.2, 0.2167, 0.2333, 0.25, 0.2667, 0.2833, 0.3, 0.3167, 0.3333, 0.35, 0.3667, 0.3833, 0.4, 0.4167, 0.4333, 0.45, 0.4667, 0.4833, 0.5, 0.5167, 0.5333, 0.55, 0.5667, 0.5833, 0.6, 0.6167, 0.6333, 0.65, 0.6667, 0.6833, 0.7, 0.7167, 0.7333, 0.75, 0.7667, 0.7833, 0.8, 0.8167, 0.8333, 0.85, 0.8667, 0.8833, 0.9, 0.9167, 0.9333, 0.95, 0.9667, 0.9833, 1.0],
            "transform": [
                [0.987076, 0.0, 0.160251, -5e-06, 0.160251, 0.0, -0.987076, 0.000946, 0.0, 1.0, 0.0, 0.739346, 0.0, 0.0, 0.0, 1.0],
                [0.987076, 0.0, 0.160251, -0.002113, 0.160251, 0.0, -0.987076, -0.002133, 0.0, 1.0, 0.0, 0.739346, 0.0, 0.0, 0.0, 1.0],
                [0.987076, 0.0, 0.160251, -0.008478, 0.160251, 0.0, -0.987076, -0.011427, 0.0, 1.0, 0.0, 0.739346, 0.0, 0.0, 0.0, 1.0],
                [0.987076, 0.0, 0.160251, -0.018973, 0.160251, 0.0, -0.987076, -0.026754, 0.0, 1.0, 0.0, 0.739346, 0.0, 0.0, 0.0, 1.0],
                [0.987076, 0.0, 0.160251, -0.033139, 0.160251, 0.0, -0.987076, -0.04744, 0.0, 1.0, 0.0, 0.739346, 0.0, 0.0, 0.0, 1.0],
                [0.987076, 0.0, 0.160251, -0.050102, 0.160251, 0.0, -0.987076, -0.072212, 0.0, 1.0, 0.0, 0.739346, 0.0, 0.0, 0.0, 1.0],
                [0.987076, 0.0, 0.160251, -0.06859, 0.160251, 0.0, -0.987076, -0.099211, 0.0, 1.0, 0.0, 0.739346, 0.0, 0.0, 0.0, 1.0],
                [0.987076, 0.0, 0.160251, -0.087078, 0.160251, 0.0, -0.987076, -0.12621, 0.0, 1.0, 0.0, 0.739346, 0.0, 0.0, 0.0, 1.0],
                [0.987076, 0.0, 0.160251, -0.104041, 0.160251, 0.0, -0.987076, -0.150982, 0.0, 1.0, 0.0, 0.739346, 0.0, 0.0, 0.0, 1.0],
                [0.987076, 0.0, 0.160251, -0.118207, 0.160251, 0.0, -0.987076, -0.171668, 0.0, 1.0, 0.0, 0.739346, 0.0, 0.0, 0.0, 1.0],
                [0.987076, 0.0, 0.160251, -0.128702, 0.160251, 0.0, -0.987076, -0.186995, 0.0, 1.0, 0.0, 0.739346, 0.0, 0.0, 0.0, 1.0],
                [0.987076, 0.0, 0.160251, -0.135067, 0.160251, 0.0, -0.987076, -0.196289, 0.0, 1.0, 0.0, 0.739346, 0.0, 0.0, 0.0, 1.0],
                [0.987076, 0.0, 0.160251, -0.137175, 0.160251, 0.0, -0.987076, -0.199368, 0.0, 1.0, 0.0, 0.739346, 0.0, 0.0, 0.0, 1.0],
                [0.987076, 0.0, 0.160251, -0.137175, 0.160251, 0.0, -0.987076, -0.199368, 0.0, 1.0, 0.0, 0.739346, 0.0, 0.0, 0.0, 1.0],
                [0.987076, 0.0, 0.160251, -0.137175, 0.160251, 0.0, -0.987076, -0.199368, 0.0, 1.0, 0.0, 0.739346, 0.0, 0.0, 0.0, 1.0],
                [0.987076, 0.0, 0.160251, -0.137175, 0.160251, 0.0, -0.987076, -0.199368, 0.0, 1.0, 0.0, 0.739346, 0.0, 0.0, 0.0, 1.0],
                [0.987076, 0.0, 0.160251, -0.137175, 0.160251, 0.0, -0.987076, -0.206326, 0.0, 1.0, 0.0, 0.737169, 0.0, 0.0, 0.0, 1.0],
                [0.987076, 0.0, 0.160251, -0.137175, 0.160251, 0.0, -0.987076, -0.226575, 0.0, 1.0, 0.0, 0.730834, 0.0, 0.0, 0.0, 1.0],
                [0.987076, 0.0, 0.160251, -0.137175, 0.160251, 0.0, -0.987076, -0.255683, 0.0, 1.0, 0.0, 0.721727, 0.0, 0.0, 0.0, 1.0],
                [0.987076, 0.0, 0.160251, -0.137175, 0.160251, 0.0, -0.987076, -0.284792, 0.0, 1.0, 0.0, 0.71262, 0.0, 0.0, 0.0, 1.0],
                [0.987076, 0.0, 0.160251, -0.137175, 0.160251, 0.0, -0.987076, -0.305041, 0.0, 1.0, 0.0, 0.706285, 0.0, 0.0, 0.0, 1.0],
                [0.987076, 0.0, 0.160251, -0.137175, 0.160251, 0.0, -0.987076, -0.311999, 0.0, 1.0, 0.0, 0.704108, 0.0, 0.0, 0.0, 1.0],
                [0.987076, 0.0, 0.160251, -0.137175, 0.160251, 0.0, -0.987076, -0.311232, 0.0, 1.0, 0.0, 0.704348, 0.0, 0.0, 0.0, 1.0],
                [0.987076, 0.0, 0.160251, -0.137175, 0.160251, 0.0, -0.987076, -0.308913, 0.0, 1.0, 0.0, 0.705073, 0.0, 0.0, 0.0, 1.0],
                [0.987076, 0.0, 0.160251, -0.137175, 0.160251, 0.0, -0.987076, -0.305041, 0.0, 1.0, 0.0, 0.706285, 0.0, 0.0, 0.0, 1.0],
                [0.987076, 0.0, 0.160251, -0.137175, 0.160251, 0.0, -0.987076, -0.299656, 0.0, 1.0, 0.0, 0.70797, 0.0, 0.0, 0.0, 1.0],
                [0.987076, 0.0, 0.160251, -0.137175, 0.160251, 0.0, -0.987076, -0.292853, 0.0, 1.0, 0.0, 0.710098, 0.0, 0.0, 0.0, 1.0],
                [0.987076, 0.0, 0.160251, -0.137175, 0.160251, 0.0, -0.987076, -0.284792, 0.0, 1.0, 0.0, 0.71262, 0.0, 0.0, 0.0, 1.0],
                [0.987076, 0.0, 0.160251, -0.137175, 0.160251, 0.0, -0.987076, -0.275704, 0.0, 1.0, 0.0, 0.715463, 0.0, 0.0, 0.0, 1.0],
                [0.987076, 0.0, 0.160251, -0.137175, 0.160251, 0.0, -0.987076, -0.265884, 0.0, 1.0, 0.0, 0.718536, 0.0, 0.0, 0.0, 1.0],
                [0.987076, 0.0, 0.160251, -0.137175, 0.160251, 0.0, -0.987076, -0.255683, 0.0, 1.0, 0.0, 0.721727, 0.0, 0.0, 0.0, 1.0],
                [0.987076, 0.0, 0.160251, -0.137175, 0.160251, 0.0, -0.987076, -0.245483, 0.0, 1.0, 0.0, 0.724918, 0.0, 0.0, 0.0, 1.0],
                [0.987076, 0.0, 0.160251, -0.137175, 0.160251, 0.0, -0.987076, -0.235663, 0.0, 1.0, 0.0, 0.72799, 0.0, 0.0, 0.0, 1.0],
                [0.987076, 0.0, 0.160251, -0.137175, 0.160251, 0.0, -0.987076, -0.226575, 0.0, 1.0, 0.0, 0.730834, 0.0, 0.0, 0.0, 1.0],
                [0.987076, 0.0, 0.160251, -0.137175, 0.160251, 0.0, -0.987076, -0.218514, 0.0, 1.0, 0.0, 0.733356, 0.0, 0.0, 0.0, 1.0],
                [0.987076, 0.0, 0.160251, -0.137175, 0.160251, 0.0, -0.987076, -0.211711, 0.0, 1.0, 0.0, 0.735484, 0.0, 0.0, 0.0, 1.0],
                [0.987076, 0.0, 0.160251, -0.137175, 0.160251, 0.0, -0.987076, -0.206326, 0.0, 1.0, 0.0, 0.737169, 0.0, 0.0, 0.0, 1.0],
                [0.987076, 0.0, 0.160251, -0.137175, 0.160251, 0.0, -0.987076, -0.202454, 0.0, 1.0, 0.0, 0.73838, 0.0, 0.0, 0.0, 1.0],
                [0.987076, 0.0, 0.160251, -0.137175, 0.160251, 0.0, -0.987076, -0.200135, 0.0, 1.0, 0.0, 0.739106, 0.0, 0.0, 0.0, 1.0],
                [0.987076, 0.0, 0.160251, -0.137175, 0.160251, 0.0, -0.987076, -0.199368, 0.0, 1.0, 0.0, 0.739346, 0.0, 0.0, 0.0, 1.0],
                [0.987076, 0.0, 0.160251, -0.13649, 0.160251, 0.0, -0.987076, -0.198367, 0.0, 1.0, 0.0, 0.739346, 0.0, 0.0, 0.0, 1.0],
                [0.987076, 0.0, 0.160251, -0.134418, 0.160251, 0.0, -0.987076, -0.195342, 0.0, 1.0, 0.0, 0.739346, 0.0, 0.0, 0.0, 1.0],
                [0.987076, 0.0, 0.160251, -0.130953, 0.160251, 0.0, -0.987076, -0.190282, 0.0, 1.0, 0.0, 0.739346, 0.0, 0.0, 0.0, 1.0],
                [0.987076, 0.0, 0.160251, -0.126112, 0.160251, 0.0, -0.987076, -0.183212, 0.0, 1.0, 0.0, 0.739346, 0.0, 0.0, 0.0, 1.0],
                [0.987076, 0.0, 0.160251, -0.119946, 0.160251, 0.0, -0.987076, -0.174208, 0.0, 1.0, 0.0, 0.739346, 0.0, 0.0, 0.0, 1.0],
                [0.987076, 0.0, 0.160251, -0.112544, 0.160251, 0.0, -0.987076, -0.163399, 0.0, 1.0, 0.0, 0.739346, 0.0, 0.0, 0.0, 1.0],
                [0.987076, 0.0, 0.160251, -0.104041, 0.160251, 0.0, -0.987076, -0.150982, 0.0, 1.0, 0.0, 0.739346, 0.0, 0.0, 0.0, 1.0],
                [0.987076, 0.0, 0.160251, -0.094617, 0.160251, 0.0, -0.987076, -0.137219, 0.0, 1.0, 0.0, 0.739346, 0.0, 0.0, 0.0, 1.0],
                [0.987076, 0.0, 0.160251, -0.084496, 0.160251, 0.0, -0.987076, -0.12244, 0.0, 1.0, 0.0, 0.739346, 0.0, 0.0, 0.0, 1.0],
                [0.987076, 0.0, 0.160251, -0.073941, 0.160251, 0.0, -0.987076, -0.107026, 0.0, 1.0, 0.0, 0.739346, 0.0, 0.0, 0.0, 1.0],
                [0.987076, 0.0, 0.160251, -0.063238, 0.160251, 0.0, -0.987076, -0.091396, 0.0, 1.0, 0.0, 0.739346, 0.0, 0.0, 0.0, 1.0],
                [0.987076, 0.0, 0.160251, -0.052683, 0.160251, 0.0, -0.987076, -0.075982, 0.0, 1.0, 0.0, 0.739346, 0.0, 0.0, 0.0, 1.0],
                [0.987076, 0.0, 0.160251, -0.042563, 0.160251, 0.0, -0.987076, -0.061203, 0.0, 1.0, 0.0, 0.739346, 0.0, 0.0, 0.0, 1.0],
                [0.987076, 0.0, 0.160251, -0.033139, 0.160251, 0.0, -0.987076, -0.04744, 0.0, 1.0, 0.0, 0.739346, 0.0, 0.0, 0.0, 1.0],
                [0.987076, 0.0, 0.160251, -0.024636, 0.160251, 0.0, -0.987076, -0.035023, 0.0, 1.0, 0.0, 0.739346, 0.0, 0.0, 0.0, 1.0],
                [0.987076, 0.0, 0.160251, -0.017234, 0.160251, 0.0, -0.987076, -0.024214, 0.0, 1.0, 0.0, 0.739346, 0.0, 0.0, 0.0, 1.0],
                [0.987076, 0.0, 0.160251, -0.011068, 0.160251, 0.0, -0.987076, -0.01521, 0.0, 1.0, 0.0, 0.739346, 0.0, 0.0, 0.0, 1.0],
                [0.987076, 0.0, 0.160251, -0.006227, 0.160251, 0.0, -0.987076, -0.00814, 0.0, 1.0, 0.0, 0.739346, 0.0, 0.0, 0.0, 1.0],
                [0.987076, 0.0, 0.160251, -0.002762, 0.160251, 0.0, -0.987076, -0.00308, 0.0, 1.0, 0.0, 0.739346, 0.0, 0.0, 0.0, 1.0],
                [0.987076, 0.0, 0.160251, -0.00069, 0.160251, 0.0, -0.987076, -5.5e-05, 0.0, 1.0, 0.0, 0.739346, 0.0, 0.0, 0.0, 1.0],
                [0.987076, 0.0, 0.160251, -5e-06, 0.160251, 0.0, -0.987076, 0.000946, 0.0, 1.0, 0.0, 0.739346, 0.0, 0.0, 0.0, 1.0]
            ]
        },
        {
            "name": "Thigh_R",
            "time": [0.0, 0.0167, 0.0333, 0.05, 0.0667, 0.0833, 0.1, 0.1167, 0.1333, 0.15, 0.1667, 0.1833, 0.2, 0.2167, 0.2333, 0.25, 0.2667, 0.2833, 0.3, 0.3167, 0.3333, 0.35, 0.3667, 0.3833, 0.4, 0.4167, 0.4333, 0.45, 0.4667, 0.4833, 0.5, 0.5167, 0.5333, 0.55, 0.5667, 0.5833, 0.6, 0.6167, 0.6333, 0.65, 0.6667, 0.6833, 0.7, 0.7167, 0.7333, 0.75, 0.7667, 0.7833, 0.8, 0.8167, 0.8333, 0.85, 0.8667, 0.8833, 0.9, 0.9167, 0.9333, 0.95, 0.9667, 0.9833, 1.0],
            "transform": [
                [0.961653, 0.225772, 0.155718, 0.124994, 0.180479, -0.948442, 0.260545, -0.002831, 0.206521, -0.222451, -0.952781, -1.2e-05, 0.0, 0.0, 0.0, 1.0],
                [0.961098, 0.239246, 0.138023, 0.124726, 0.183123, -0.92604, 0.330018, -0.002831, 0.206778, -0.291905, -0.93379, 0.001639, 0.0, 0.0, 0.0, 1.0],
                [0.9594, 0.262914, 0.102106, 0.123917, 0.191204, -0.872419, 0.449799, -0.002831, 0.207346, -0.412012, -0.887234, 0.006624, 0.0, 0.0, 0.0, 1.0],
                [0.956502, 0.284972, 0.062392, 0.122582, 0.203989, -0.806261, 0.555268, -0.002831, 0.208548, -0.518384, -0.829288, 0.014843, 0.0, 0.0, 0.0, 1.0],
                [0.952468, 0.303189, 0.029655, 0.120781, 0.218244, -0.747038, 0.627928, -0.002831, 0.212542, -0.591603, -0.777668, 0.025937, 0.0, 0.0, 0.0, 1.0],
                [0.947611, 0.319117, 0.013961, 0.118624, 0.228816, -0.708666, 0.667401, -0.002831, 0.222881, -0.629235, -0.744529, 0.039221, 0.0, 0.0, 0.0, 1.0],
                [0.942251, 0.334258, 0.020814, 0.116274, 0.231619, -0.69529, 0.680376, -0.002831, 0.241901, -0.636257, -0.732529, 0.0537, 0.0, 0.0, 0.0, 1.0],
                [0.936396, 0.346948, 0.052788, 0.113923, 0.226366, -0.712075, 0.664602, -0.002831, 0.268181, -0.610374, -0.745292, 0.068179, 0.0, 0.0, 0.0, 1.0],
                [0.930048, 0.350753, 0.109442, 0.111766, 0.215707, -0.76235, 0.61015, -0.002831, 0.297457, -0.543854, -0.784652, 0.081464, 0.0, 0.0, 0.0, 1.0],
                [0.923685, 0.337718, 0.180961, 0.109965, 0.203561, -0.832694, 0.514953, -0.002831, 0.324606, -0.438811, -0.837861, 0.092557, 0.0, 0.0, 0.0, 1.0],
                [0.918274, 0.306192, 0.251021, 0.108631, 0.19357, -0.900244, 0.389985, -0.002831, 0.345403, -0.309516, -0.885907, 0.100777, 0.0, 0.0, 0.0, 1.0],
                [0.914729, 0.266451, 0.303752, 0.107822, 0.187438, -0.945801, 0.265188, -0.002831, 0.357962, -0.185635, -0.915061, 0.105761, 0.0, 0.0, 0.0, 1.0],
                [0.913518, 0.244915, 0.324794, 0.107554, 0.185416, -0.961373, 0.203425, -0.002831, 0.362084, -0.125605, -0.923608, 0.107413, 0.0, 0.0, 0.0, 1.0],
                [0.913503, 0.244898, 0.324849, 0.10757, 0.185445, -0.961397, 0.203286, -0.002831, 0.362107, -0.125456, -0.923619, 0.10731, 0.0, 0.0, 0.0, 1.0],
                [0.913458, 0.244845, 0.325016, 0.10762, 0.18553, -0.961469, 0.202866, -0.002831, 0.362177, -0.125005, -0.923653, 0.107002, 0.0, 0.0, 0.0, 1.0],
                [0.913383, 0.244757, 0.325294, 0.107704, 0.185674, -0.96159, 0.202163, -0.002831, 0.362294, -0.124249, -0.923709, 0.106486, 0.0, 0.0, 0.0, 1.0],
                [0.913999, 0.251149, 0.318624, 0.107822, 0.18451, -0.956762, 0.224858, -0.002831, 0.361334, -0.146726, -0.920784, 0.105761, 0.0, 0.0, 0.0, 1.0],
                [0.915913, 0.266839, 0.299821, 0.107973, 0.180852, -0.941246, 0.285214, -0.002831, 0.358324, -0.207004, -0.910322, 0.104828, 0.0, 0.0, 0.0, 1.0],
                [0.918561, 0.283801, 0.275129, 0.108159, 0.175695, -0.916667, 0.358956, -0.002831, 0.354087, -0.281381, -0.891842, 0.103685, 0.0, 0.0, 0.0, 1.0],
                [0.921036, 0.296449, 0.252593, 0.108378, 0.170772, -0.89029, 0.422156, -0.002831, 0.350042, -0.345683, -0.87058, 0.102334, 0.0, 0.0, 0.0, 1.0],
                [0.922606, 0.303441, 0.238149, 0.108631, 0.167597, -0.871416, 0.46102, -0.002831, 0.347432, -0.385426, -0.854795, 0.100777, 0.0, 0.0, 0.0, 1.0],
                [0.922989, 0.305681, 0.233761, 0.108917, 0.166817, -0.86525, 0.472766, -0.002831, 0.346791, -0.397362, -0.849574, 0.099016, 0.0, 0.0, 0.0, 1.0],
                [0.922692, 0.30565, 0.234969, 0.109235, 0.167422, -0.866683, 0.469919, -0.002831, 0.347288, -0.394251, -0.85082, 0.097056, 0.0, 0.0, 0.0, 1.0],
                [0.922237, 0.305159, 0.237382, 0.109585, 0.168348, -0.869708, 0.463962, -0.002831, 0.348048, -0.387919, -0.853415, 0.094901, 0.0, 0.0, 0.0, 1.0],
                [0.921619, 0.304151, 0.24105, 0.109965, 0.169602, -0.874326, 0.454733, -0.002831, 0.349077, -0.378207, -0.857345, 0.092557, 0.0, 0.0, 0.0, 1.0],
                [0.920834, 0.302557, 0.246003, 0.110375, 0.171183, -0.880476, 0.4421, -0.002831, 0.350374, -0.364988, -0.86253, 0.090033, 0.0, 0.0, 0.0, 1.0],
                [0.919883, 0.300298, 0.252247, 0.110813, 0.173084, -0.888024, 0.42597, -0.002831, 0.351933, -0.34818, -0.86882, 0.087335, 0.0, 0.0, 0.0, 1.0],
                [0.918773, 0.297291, 0.259745, 0.111278, 0.175287, -0.896752, 0.406331, -0.002831, 0.353739, -0.327793, -0.875988, 0.084475, 0.0, 0.0, 0.0, 1.0],
                [0.917514, 0.293461, 0.268404, 0.111766, 0.177761, -0.906356, 0.383296, -0.002831, 0.355765, -0.303964, -0.883726, 0.081464, 0.0, 0.0, 0.0, 1.0],
                [0.916127, 0.288737, 0.278089, 0.112278, 0.180458, -0.916481, 0.357063, -0.002831, 0.357974, -0.276928, -0.891684, 0.078314, 0.0, 0.0, 0.0, 1.0],
                [0.91464, 0.283168, 0.288514, 0.112809, 0.18332, -0.926619, 0.328282, -0.002831, 0.360314, -0.247365, -0.899399, 0.07504, 0.0, 0.0, 0.0, 1.0],
                [0.913088, 0.276752, 0.29945, 0.113359, 0.186273, -0.936398, 0.297422, -0.002831, 0.362729, -0.215788, -0.90653, 0.071656, 0.0, 0.0, 0.0, 1.0],
                [0.91151, 0.269603, 0.31057, 0.113923, 0.18924, -0.945415, 0.265288, -0.002831, 0.365154, -0.183035, -0.91274, 0.068179, 0.0, 0.0, 0.0, 1.0],
                [0.909949, 0.261949, 0.321504, 0.1145, 0.192141, -0.953327, 0.232914, -0.002831, 0.367524, -0.15016, -0.917776, 0.064627, 0.0, 0.0, 0.0, 1.0],
                [0.908448, 0.254016, 0.331946, 0.115086, 0.194902, -0.959965, 0.201197, -0.002831, 0.369778, -0.118074, -0.921551, 0.061017, 0.0, 0.0, 0.0, 1.0],
                [0.907044, 0.246149, 0.341573, 0.115678, 0.197457, -0.96524, 0.171234, -0.002831, 0.371863, -0.087864, -0.924084, 0.057368, 0.0, 0.0, 0.0, 1.0],
                [0.90577, 0.238829, 0.350044, 0.116274, 0.199754, -0.969154, 0.144354, -0.002831, 0.373737, -0.060822, -0.925503, 0.0537, 0.0, 0.0, 0.0, 1.0],
                [0.904653, 0.232467, 0.357143, 0.116869, 0.201752, -0.971865, 0.12155, -0.002831, 0.375365, -0.037899, -0.926066, 0.050032, 0.0, 0.0, 0.0, 1.0],
                [0.903713, 0.227605, 0.362613, 0.117462, 0.203424, -0.973541, 0.104094, -0.002831, 0.376725, -0.020299, -0.926067, 0.046384, 0.0, 0.0, 0.0, 1.0],
                [0.902962, 0.224712, 0.366269, 0.118048, 0.204752, -0.974383, 0.093024, -0.002831, 0.377804, -0.008995, -0.925806, 0.042774, 0.0, 0.0, 0.0, 1.0],
                [0.90289, 0.23276, 0.361388, 0.118624, 0.206243, -0.972197, 0.110889, -0.002831, 0.377165, -0.025579, -0.925758, 0.039221, 0.0, 0.0, 0.0, 1.0],
                [0.903998, 0.254592, 0.343453, 0.119189, 0.208376, -0.963856, 0.166013, -0.002831, 0.373319, -0.078499, -0.92434, 0.035745, 0.0, 0.0, 0.0, 1.0],
                [0.906256, 0.280851, 0.315932, 0.119738, 0.211102, -0.948205, 0.237364, -0.002831, 0.366246, -0.14841, -0.918571, 0.032361, 0.0, 0.0, 0.0, 1.0],
                [0.909547, 0.305764, 0.281466, 0.12027, 0.21434, -0.925377, 0.312624, -0.002831, 0.356065, -0.224007, -0.907179, 0.029087, 0.0, 0.0, 0.0, 1.0],
                [0.913669, 0.325988, 0.242763, 0.120781, 0.217916, -0.897062, 0.384434, -0.002831, 0.343107, -0.298333, -0.890623, 0.025937, 0.0, 0.0, 0.0, 1.0],
                [0.91835, 0.339764, 0.202944, 0.12127, 0.221519, -0.866242, 0.447828, -0.002831, 0.327967, -0.366296, -0.870746, 0.022926, 0.0, 0.0, 0.0, 1.0],
                [0.923303, 0.346687, 0.16527, 0.121734, 0.22472, -0.836625, 0.499553, -0.002831, 0.311469, -0.424089, -0.850335, 0.020066, 0.0, 0.0, 0.0, 1.0],
                [0.928269, 0.347517, 0.132449, 0.122172, 0.227054, -0.811635, 0.538227, -0.002831, 0.294554, -0.469537, -0.832291, 0.017368, 0.0, 0.0, 0.0, 1.0],
                [0.933062, 0.343669, 0.106217, 0.122582, 0.228128, -0.793671, 0.563946, -0.002831, 0.278123, -0.501956, -0.818916, 0.014843, 0.0, 0.0, 0.0, 1.0],
                [0.937567, 0.336621, 0.087466, 0.122963, 0.227693, -0.784173, 0.577252, -0.002831, 0.262913, -0.521288, -0.811832, 0.0125, 0.0, 0.0, 0.0, 1.0],
                [0.941724, 0.327861, 0.075233, 0.123313, 0.225579, -0.78144, 0.581771, -0.002831, 0.249539, -0.530888, -0.809829, 0.010345, 0.0, 0.0, 0.0, 1.0],
                [0.94551, 0.318265, 0.068662, 0.123631, 0.221776, -0.783957, 0.579843, -0.002831, 0.238381, -0.533011, -0.811793, 0.008385, 0.0, 0.0, 0.0, 1.0],
                [0.94892, 0.308142, 0.067802, 0.123917, 0.216526, -0.792305, 0.570404, -0.002831, 0.229494, -0.526579, -0.818524, 0.006624, 0.0, 0.0, 0.0, 1.0],
                [0.951943, 0.29759, 0.072411, 0.124169, 0.210249, -0.806881, 0.552024, -0.002831, 0.222712, -0.510264, -0.83064, 0.005067, 0.0, 0.0, 0.0, 1.0],
                [0.954564, 0.286567, 0.081759, 0.124389, 0.203517, -0.827309, 0.523577, -0.002831, 0.217687, -0.483143, -0.848007, 0.003716, 0.0, 0.0, 0.0, 1.0],
                [0.956771, 0.275013, 0.094629, 0.124574, 0.196963, -0.852095, 0.484906, -0.002831, 0.213996, -0.445302, -0.869393, 0.002573, 0.0, 0.0, 0.0, 1.0],
                [0.958558, 0.26298, 0.109573, 0.124726, 0.191151, -0.878868, 0.437089, -0.002831, 0.211254, -0.398027, -0.892679, 0.001639, 0.0, 0.0, 0.0, 1.0],
                [0.959928, 0.250771, 0.1251, 0.124844, 0.186471, -0.904793, 0.38285, -0.002831, 0.209205, -0.34418, -0.915261, 0.000915, 0.0, 0.0, 0.0, 1.0],
                [0.960893, 0.239126, 0.13965, 0.124927, 0.183116, -0.926996, 0.327329, -0.002831, 0.207735, -0.288956, -0.934494, 0.000399, 0.0, 0.0, 0.0, 1.0],
                [0.961464, 0.229707, 0.15106, 0.124977, 0.181129, -0.942608, 0.2805, -0.002831, 0.20683, -0.24233, -0.947853, 9e-05, 0.0, 0.0, 0.0, 1.0],
                [0.961653, 0.225772, 0.155718, 0.124994, 0.180479, -0.948442, 0.260545, -0.002831, 0.206521, -0.222451, -0.952781, -1.2e-05, 0.0, 0.0, 0.0, 1.0]
            ]
        },
        {
            "name": "Leg_R",
            "time": [0.0, 0.0167, 0.0333, 0.05, 0.0667, 0.0833, 0.1, 0.1167, 0.1333, 0.15, 0.1667, 0.1833, 0.2, 0.2167, 0.2333, 0.25, 0.2667, 0.2833, 0.3, 0.3167, 0.3333, 0.35, 0.3667, 0.3833, 0.4, 0.4167, 0.4333, 0.45, 0.4667, 0.4833, 0.5, 0.5167, 0.5333, 0.55, 0.5667, 0.5833, 0.6, 0.6167, 0.6333, 0.65, 0.6667, 0.6833, 0.7, 0.7167, 0.7333, 0.75, 0.7667, 0.7833, 0.8, 0.8167, 0.8333, 0.85, 0.8667, 0.8833, 0.9, 0.9167, 0.9333, 0.95, 0.9667, 0.9833, 1.0],
            "transform": [
                [1.0, -0.00031, -0.000159, 0.0, 0.000342, 0.960818, 0.277174, 0.375166, 6.7e-05, -0.277183, 0.96082, -0.0, 0.0, 0.0, 0.0, 1.0],
                [1.0, -0.000468, -0.000218, -0.0, 0.000517, 0.908065, 0.418816, 0.375166, 2e-06, -0.418835, 0.90807, 0.0, 0.0, 0.0, 0.0, 1.0],
                [0.999999, -0.000729, -0.000385, -0.0, 0.000804, 0.758398, 0.651773, 0.375166, -0.000183, -0.651805, 0.758409, 0.0, 0.0, 0.0, 0.0, 1.0],
                [0.999999, -0.000931, -0.000614, 0.0, 0.001027, 0.554155, 0.832395, 0.375166, -0.000435, -0.832432, 0.554168, 0.0, 0.0, 0.0, 0.0, 1.0],
                [0.999999, -0.001042, -0.000827, -0.0, 0.001149, 0.363041, 0.931756, 0.375166, -0.000671, -0.931793, 0.363054, -0.0, 0.0, 0.0, 0.0, 1.0],
                [0.999999, -0.001086, -0.000967, 0.0, 0.001198, 0.237796, 0.971299, 0.375166, -0.000825, -0.971334, 0.237808, -0.0, 0.0, 0.0, 0.0, 1.0],
                [0.999999, -0.001097, -0.001014, -0.0, 0.001209, 0.195922, 0.980604, 0.375166, -0.000877, -0.980639, 0.195933, -0.0, 0.0, 0.0, 0.0, 1.0],
                [0.999999, -0.001087, -0.00097, 0.0, 0.001199, 0.235081, 0.97196, 0.375166, -0.000828, -0.971995, 0.235092, 0.0, 0.0, 0.0, 0.0, 1.0],
                [0.999999, -0.001045, -0.000836, -0.0, 0.001153, 0.354912, 0.934883, 0.375166, -0.000681, -0.934919, 0.354924, 0.0, 0.0, 0.0, 0.0, 1.0],
                [0.999999, -0.000942, -0.000631, -0.0, 0.001039, 0.539057, 0.84225, 0.375166, -0.000453, -0.842288, 0.539071, -0.0, 0.0, 0.0, 0.0, 1.0],
                [1.0, -0.000756, -0.000409, 0.0, 0.000834, 0.736893, 0.67599, 0.375166, -0.000209, -0.676024, 0.736905, -0.0, 0.0, 0.0, 0.0, 1.0],
                [1.0, -0.000526, -0.000247, -0.0, 0.00058, 0.882438, 0.470414, 0.375166, -3e-05, -0.470437, 0.882444, -0.0, 0.0, 0.0, 0.0, 1.0],
                [1.0, -0.0004, -0.000189, -0.0, 0.000441, 0.933919, 0.357472, 0.375166, 3.4e-05, -0.357487, 0.933923, -0.0, 0.0, 0.0, 0.0, 1.0],
                [1.0, -0.0004, -0.000189, 0.0, 0.000441, 0.933927, 0.357451, 0.375166, 3.4e-05, -0.357466, 0.933931, -0.0, 0.0, 0.0, 0.0, 1.0],
                [1.0, -0.0004, -0.000189, -0.0, 0.000441, 0.933952, 0.357387, 0.375166, 3.4e-05, -0.357402, 0.933956, -0.0, 0.0, 0.0, 0.0, 1.0],
                [1.0, -0.0004, -0.000189, 0.0, 0.000441, 0.933995, 0.357275, 0.375166, 3.4e-05, -0.357291, 0.933998, -0.0, 0.0, 0.0, 0.0, 1.0],
                [1.0, -0.000432, -0.000202, 0.0, 0.000476, 0.922487, 0.386015, 0.375166, 1.9e-05, -0.386032, 0.922492, -0.0, 0.0, 0.0, 0.0, 1.0],
                [1.0, -0.000509, -0.000237, 0.0, 0.000561, 0.890621, 0.454731, 0.375166, -2e-05, -0.454753, 0.890627, 0.0, 0.0, 0.0, 0.0, 1.0],
                [1.0, -0.000589, -0.000283, -0.0, 0.000649, 0.850098, 0.526608, 0.375166, -7e-05, -0.526634, 0.850106, -0.0, 0.0, 0.0, 0.0, 1.0],
                [1.0, -0.000647, -0.000321, 0.0, 0.000714, 0.815593, 0.578608, 0.375166, -0.000112, -0.578638, 0.815602, 0.0, 0.0, 0.0, 0.0, 1.0],
                [1.0, -0.000679, -0.000345, -0.0, 0.000748, 0.794785, 0.606872, 0.375166, -0.000138, -0.606903, 0.794795, 0.0, 0.0, 0.0, 0.0, 1.0],
                [1.0, -0.000689, -0.000353, 0.0, 0.00076, 0.787445, 0.616367, 0.375166, -0.000147, -0.616398, 0.787454, 0.0, 0.0, 0.0, 0.0, 1.0],
                [1.0, -0.00069, -0.000353, 0.0, 0.000761, 0.786829, 0.617153, 0.375166, -0.000148, -0.617184, 0.786838, -0.0, 0.0, 0.0, 0.0, 1.0],
                [1.0, -0.000689, -0.000353, 0.0, 0.00076, 0.787557, 0.616223, 0.375166, -0.000147, -0.616254, 0.787567, 0.0, 0.0, 0.0, 0.0, 1.0],
                [1.0, -0.000686, -0.00035, 0.0, 0.000756, 0.789826, 0.613313, 0.375166, -0.000144, -0.613344, 0.789836, 0.0, 0.0, 0.0, 0.0, 1.0],
                [1.0, -0.00068, -0.000346, -0.0, 0.00075, 0.793836, 0.608113, 0.375166, -0.000139, -0.608144, 0.793846, 0.0, 0.0, 0.0, 0.0, 1.0],
                [1.0, -0.000671, -0.000339, -0.0, 0.00074, 0.799789, 0.600263, 0.375166, -0.000132, -0.600293, 0.799799, 0.0, 0.0, 0.0, 0.0, 1.0],
                [1.0, -0.000659, -0.00033, -0.0, 0.000727, 0.807843, 0.58938, 0.375166, -0.000122, -0.589409, 0.807852, -0.0, 0.0, 0.0, 0.0, 1.0],
                [1.0, -0.000643, -0.000318, -0.0, 0.000709, 0.818059, 0.575117, 0.375166, -0.000109, -0.575146, 0.818068, -0.0, 0.0, 0.0, 0.0, 1.0],
                [1.0, -0.000623, -0.000305, 0.0, 0.000687, 0.830443, 0.557086, 0.375166, -9.4e-05, -0.557114, 0.830451, -0.0, 0.0, 0.0, 0.0, 1.0],
                [1.0, -0.000599, -0.000289, -0.0, 0.000661, 0.8445, 0.535538, 0.375166, -7.7e-05, -0.535564, 0.844509, 0.0, 0.0, 0.0, 0.0, 1.0],
                [1.0, -0.000571, -0.000272, 0.0, 0.000629, 0.859986, 0.510302, 0.375166, -5.8e-05, -0.510327, 0.859993, 0.0, 0.0, 0.0, 0.0, 1.0],
                [1.0, -0.000539, -0.000253, 0.0, 0.000594, 0.876273, 0.4818, 0.375166, -3.7e-05, -0.481824, 0.876279, 0.0, 0.0, 0.0, 0.0, 1.0],
                [1.0, -0.000504, -0.000235, 0.0, 0.000556, 0.892533, 0.450967, 0.375166, -1.7e-05, -0.450989, 0.892539, -0.0, 0.0, 0.0, 0.0, 1.0],
                [1.0, -0.000468, -0.000218, -0.0, 0.000516, 0.908131, 0.418672, 0.375166, 2e-06, -0.418691, 0.908136, 0.0, 0.0, 0.0, 0.0, 1.0],
                [1.0, -0.000432, -0.000202, 0.0, 0.000477, 0.922334, 0.386381, 0.375166, 1.9e-05, -0.386398, 0.922338, -0.0, 0.0, 0.0, 0.0, 1.0],
                [1.0, -0.000398, -0.000188, 0.0, 0.000439, 0.934378, 0.356271, 0.375166, 3.4e-05, -0.356286, 0.934382, -0.0, 0.0, 0.0, 0.0, 1.0],
                [1.0, -0.000369, -0.000178, 0.0, 0.000407, 0.943937, 0.330114, 0.375166, 4.6e-05, -0.330127, 0.94394, -0.0, 0.0, 0.0, 0.0, 1.0],
                [1.0, -0.000347, -0.00017, 0.0, 0.000383, 0.950603, 0.310398, 0.375166, 5.4e-05, -0.31041, 0.950606, -0.0, 0.0, 0.0, 0.0, 1.0],
                [1.0, -0.000335, -0.000166, -0.0, 0.000369, 0.954165, 0.299271, 0.375166, 5.9e-05, -0.299282, 0.954168, 0.0, 0.0, 0.0, 0.0, 1.0],
                [1.0, -0.000381, -0.000182, 0.0, 0.00042, 0.940254, 0.340462, 0.375166, 4.1e-05, -0.340476, 0.940258, 0.0, 0.0, 0.0, 0.0, 1.0],
                [1.0, -0.0005, -0.000233, 0.0, 0.000551, 0.894641, 0.446771, 0.375166, -1.5e-05, -0.446792, 0.894647, 0.0, 0.0, 0.0, 0.0, 1.0],
                [1.0, -0.00064, -0.000316, 0.0, 0.000705, 0.820269, 0.571961, 0.375166, -0.000107, -0.57199, 0.820277, -0.0, 0.0, 0.0, 0.0, 1.0],
                [1.0, -0.000771, -0.000423, -0.0, 0.00085, 0.724541, 0.689213, 0.375166, -0.000225, -0.689247, 0.724552, 0.0, 0.0, 0.0, 0.0, 1.0],
                [0.999999, -0.000878, -0.000541, -0.0, 0.000969, 0.618901, 0.78545, 0.375166, -0.000355, -0.785487, 0.618914, -0.0, 0.0, 0.0, 0.0, 1.0],
                [0.999999, -0.000958, -0.000656, -0.0, 0.001056, 0.516375, 0.856344, 0.375166, -0.000481, -0.856382, 0.516388, 0.0, 0.0, 0.0, 0.0, 1.0],
                [0.999999, -0.00101, -0.000754, 0.0, 0.001114, 0.428687, 0.903435, 0.375166, -0.00059, -0.903473, 0.4287, -0.0, 0.0, 0.0, 0.0, 1.0],
                [0.999999, -0.001042, -0.000827, -0.0, 0.001149, 0.363479, 0.931585, 0.375166, -0.00067, -0.931622, 0.363492, 0.0, 0.0, 0.0, 0.0, 1.0],
                [0.999999, -0.001058, -0.000871, -0.0, 0.001167, 0.323894, 0.946077, 0.375166, -0.000719, -0.946113, 0.323906, -0.0, 0.0, 0.0, 0.0, 1.0],
                [0.999999, -0.001063, -0.000886, 0.0, 0.001172, 0.310549, 0.950541, 0.375166, -0.000735, -0.950577, 0.310561, 0.0, 0.0, 0.0, 0.0, 1.0],
                [0.999999, -0.001059, -0.000875, -0.0, 0.001168, 0.320386, 0.947271, 0.375166, -0.000723, -0.947307, 0.320398, -0.0, 0.0, 0.0, 0.0, 1.0],
                [0.999999, -0.001047, -0.00084, 0.0, 0.001154, 0.351916, 0.936015, 0.375166, -0.000684, -0.936052, 0.351928, -0.0, 0.0, 0.0, 0.0, 1.0],
                [0.999999, -0.001022, -0.00078, -0.0, 0.001128, 0.405021, 0.91429, 0.375166, -0.000619, -0.914327, 0.405034, 0.0, 0.0, 0.0, 0.0, 1.0],
                [0.999999, -0.000982, -0.000699, 0.0, 0.001083, 0.478211, 0.878227, 0.375166, -0.000528, -0.878264, 0.478225, 0.0, 0.0, 0.0, 0.0, 1.0],
                [0.999999, -0.000921, -0.000599, -0.0, 0.001016, 0.567162, 0.823588, 0.375166, -0.000419, -0.823625, 0.567175, -0.0, 0.0, 0.0, 0.0, 1.0],
                [1.0, -0.000836, -0.000491, 0.0, 0.000922, 0.66418, 0.747554, 0.375166, -0.000299, -0.747589, 0.664192, 0.0, 0.0, 0.0, 0.0, 1.0],
                [0.999999, -0.000727, -0.000384, -0.0, 0.000802, 0.759554, 0.650425, 0.375166, -0.000181, -0.650458, 0.759565, -0.0, 0.0, 0.0, 0.0, 1.0],
                [1.0, -0.000601, -0.00029, -0.0, 0.000663, 0.843432, 0.537219, 0.375166, -7.8e-05, -0.537246, 0.84344, -0.0, 0.0, 0.0, 0.0, 1.0],
                [1.0, -0.000469, -0.000218, -0.0, 0.000517, 0.907771, 0.419452, 0.375166, 1e-06, -0.419471, 0.907776, -0.0, 0.0, 0.0, 0.0, 1.0],
                [1.0, -0.000357, -0.000174, -0.0, 0.000394, 0.947538, 0.319634, 0.375166, 5e-05, -0.319647, 0.947541, -0.0, 0.0, 0.0, 0.0, 1.0],
                [1.0, -0.00031, -0.000159, 0.0, 0.000342, 0.960818, 0.277174, 0.375166, 6.7e-05, -0.277183, 0.96082, -0.0, 0.0, 0.0, 0.0, 1.0]
            ]
        },
        {
            "name": "Knee_R",
            "time": [0.0, 0.0167, 0.0333, 0.05, 0.0667, 0.0833, 0.1, 0.1167, 0.1333, 0.15, 0.1667, 0.1833, 0.2, 0.2167, 0.2333, 0.25, 0.2667, 0.2833, 0.3, 0.3167, 0.3333, 0.35, 0.3667, 0.3833, 0.4, 0.4167, 0.4333, 0.45, 0.4667, 0.4833, 0.5, 0.5167, 0.5333, 0.55, 0.5667, 0.5833, 0.6, 0.6167, 0.6333, 0.65, 0.6667, 0.6833, 0.7, 0.7167, 0.7333, 0.75, 0.7667, 0.7833, 0.8, 0.8167, 0.8333, 0.85, 0.8667, 0.8833, 0.9, 0.9167, 0.9333, 0.95, 0.9667, 0.9833, 1.0],
            "transform": [
                [1.0, -5.7e-05, 5.4e-05, 0.0, 5.7e-05, 0.048757, -0.998811, 0.375166, 5.4e-05, 0.998811, 0.048757, -0.0, 0.0, 0.0, 0.0, 1.0],
                [1.0, -5.7e-05, 5.4e-05, -0.0, 5.7e-05, 0.048757, -0.998811, 0.375166, 5.4e-05, 0.998811, 0.048757, 0.0, 0.0, 0.0, 0.0, 1.0],
                [1.0, -5.7e-05, 5.4e-05, -0.0, 5.7e-05, 0.048757, -0.998811, 0.375166, 5.4e-05, 0.998811, 0.048757, 0.0, 0.0, 0.0, 0.0, 1.0],
                [1.0, -5.7e-05, 5.4e-05, 0.0, 5.7e-05, 0.048757, -0.998811, 0.375166, 5.4e-05, 0.998811, 0.048757, 0.0, 0.0, 0.0, 0.0, 1.0],
                [1.0, -5.7e-05, 5.4e-05, -0.0, 5.7e-05, 0.048757, -0.998811, 0.375166, 5.4e-05, 0.998811, 0.048757, -0.0, 0.0, 0.0, 0.0, 1.0],
                [1.0, -5.7e-05, 5.4e-05, 0.0, 5.7e-05, 0.048757, -0.998811, 0.375166, 5.4e-05, 0.998811, 0.048757, -0.0, 0.0, 0.0, 0.0, 1.0],
                [1.0, -5.7e-05, 5.4e-05, -0.0, 5.7e-05, 0.048757, -0.998811, 0.375166, 5.4e-05, 0.998811, 0.048757, -0.0, 0.0, 0.0, 0.0, 1.0],
                [1.0, -5.7e-05, 5.4e-05, 0.0, 5.7e-05, 0.048757, -0.998811, 0.375166, 5.4e-05, 0.998811, 0.048757, 0.0, 0.0, 0.0, 0.0, 1.0],
                [1.0, -5.7e-05, 5.4e-05, -0.0, 5.7e-05, 0.048757, -0.998811, 0.375166, 5.4e-05, 0.998811, 0.048757, 0.0, 0.0, 0.0, 0.0, 1.0],
                [1.0, -5.7e-05, 5.4e-05, -0.0, 5.7e-05, 0.048757, -0.998811, 0.375166, 5.4e-05, 0.998811, 0.048757, -0.0, 0.0, 0.0, 0.0, 1.0],
                [1.0, -5.7e-05, 5.4e-05, 0.0, 5.7e-05, 0.048757, -0.998811, 0.375166, 5.4e-05, 0.998811, 0.048757, -0.0, 0.0, 0.0, 0.0, 1.0],
                [1.0, -5.7e-05, 5.4e-05, -0.0, 5.7e-05, 0.048757, -0.998811, 0.375166, 5.4e-05, 0.998811, 0.048757, -0.0, 0.0, 0.0, 0.0, 1.0],
                [1.0, -5.7e-05, 5.4e-05, -0.0, 5.7e-05, 0.048757, -0.998811, 0.375166, 5.4e-05, 0.998811, 0.048757, -0.0, 0.0, 0.0, 0.0, 1.0],
                [1.0, -5.7e-05, 5.4e-05, 0.0, 5.7e-05, 0.048757, -0.998811, 0.375166, 5.4e-05, 0.998811, 0.048757, -0.0, 0.0, 0.0, 0.0, 1.0],
                [1.0, -5.7e-05, 5.4e-05, -0.0, 5.7e-05, 0.048757, -0.998811, 0.375166, 5.4e-05, 0.998811, 0.048757, -0.0, 0.0, 0.0, 0.0, 1.0],
                [1.0, -5.7e-05, 5.4e-05, 0.0, 5.7e-05, 0.048757, -0.998811, 0.375166, 5.4e-05, 0.998811, 0.048757, -0.0, 0.0, 0.0, 0.0, 1.0],
                [1.0, -5.7e-05, 5.4e-05, 0.0, 5.7e-05, 0.048757, -0.998811, 0.375166, 5.4e-05, 0.998811, 0.048757, -0.0, 0.0, 0.0, 0.0, 1.0],
                [1.0, -5.7e-05, 5.4e-05, 0.0, 5.7e-05, 0.048757, -0.998811, 0.375166, 5.4e-05, 0.998811, 0.048757, 0.0, 0.0, 0.0, 0.0, 1.0],
                [1.0, -5.7e-05, 5.4e-05, -0.0, 5.7e-05, 0.048757, -0.998811, 0.375166, 5.4e-05, 0.998811, 0.048757, -0.0, 0.0, 0.0, 0.0, 1.0],
                [1.0, -5.7e-05, 5.4e-05, 0.0, 5.7e-05, 0.048757, -0.998811, 0.375166, 5.4e-05, 0.998811, 0.048757, 0.0, 0.0, 0.0, 0.0, 1.0],
                [1.0, -5.7e-05, 5.4e-05, -0.0, 5.7e-05, 0.048757, -0.998811, 0.375166, 5.4e-05, 0.998811, 0.048757, 0.0, 0.0, 0.0, 0.0, 1.0],
                [1.0, -5.7e-05, 5.4e-05, 0.0, 5.7e-05, 0.048757, -0.998811, 0.375166, 5.4e-05, 0.998811, 0.048757, 0.0, 0.0, 0.0, 0.0, 1.0],
                [1.0, -5.7e-05, 5.4e-05, 0.0, 5.7e-05, 0.048757, -0.998811, 0.375166, 5.4e-05, 0.998811, 0.048757, -0.0, 0.0, 0.0, 0.0, 1.0],
                [1.0, -5.7e-05, 5.4e-05, 0.0, 5.7e-05, 0.048757, -0.998811, 0.375166, 5.4e-05, 0.998811, 0.048757, 0.0, 0.0, 0.0, 0.0, 1.0],
                [1.0, -5.7e-05, 5.4e-05, 0.0, 5.7e-05, 0.048757, -0.998811, 0.375166, 5.4e-05, 0.998811, 0.048757, 0.0, 0.0, 0.0, 0.0, 1.0],
                [1.0, -5.7e-05, 5.4e-05, -0.0, 5.7e-05, 0.048757, -0.998811, 0.375166, 5.4e-05, 0.998811, 0.048757, 0.0, 0.0, 0.0, 0.0, 1.0],
                [1.0, -5.7e-05, 5.4e-05, -0.0, 5.7e-05, 0.048757, -0.998811, 0.375166, 5.4e-05, 0.998811, 0.048757, 0.0, 0.0, 0.0, 0.0, 1.0],
                [1.0, -5.7e-05, 5.4e-05, -0.0, 5.7e-05, 0.048757, -0.998811, 0.375166, 5.4e-05, 0.998811, 0.048757, -0.0, 0.0, 0.0, 0.0, 1.0],
                [1.0, -5.7e-05, 5.4e-05, -0.0, 5.7e-05, 0.048757, -0.998811, 0.375166, 5.4e-05, 0.998811, 0.048757, -0.0, 0.0, 0.0, 0.0, 1.0],
                [1.0, -5.7e-05, 5.4e-05, 0.0, 5.7e-05, 0.048757, -0.998811, 0.375166, 5.4e-05, 0.998811, 0.048757, -0.0, 0.0, 0.0, 0.0, 1.0],
                [1.0, -5.7e-05, 5.4e-05, -0.0, 5.7e-05, 0.048757, -0.998811, 0.375166, 5.4e-05, 0.998811, 0.048757, 0.0, 0.0, 0.0, 0.0, 1.0],
                [1.0, -5.7e-05, 5.4e-05, 0.0, 5.7e-05, 0.048757, -0.998811, 0.375166, 5.4e-05, 0.998811, 0.048757, 0.0, 0.0, 0.0, 0.0, 1.0],
                [1.0, -5.7e-05, 5.4e-05, 0.0, 5.7e-05, 0.048757, -0.998811, 0.375166, 5.4e-05, 0.998811, 0.048757, 0.0, 0.0, 0.0, 0.0, 1.0],
                [1.0, -5.7e-05, 5.4e-05, 0.0, 5.7e-05, 0.048757, -0.998811, 0.375166, 5.4e-05, 0.998811, 0.048757, -0.0, 0.0, 0.0, 0.0, 1.0],
                [1.0, -5.7e-05, 5.4e-05, -0.0, 5.7e-05, 0.048757, -0.998811, 0.375166, 5.4e-05, 0.998811, 0.048757, 0.0, 0.0, 0.0, 0.0, 1.0],
                [1.0, -5.7e-05, 5.4e-05, 0.0, 5.7e-05, 0.048757, -0.998811, 0.375166, 5.4e-05, 0.998811, 0.048757, -0.0, 0.0, 0.0, 0.0, 1.0],
                [1.0, -5.7e-05, 5.4e-05, 0.0, 5.7e-05, 0.048757, -0.998811, 0.375166, 5.4e-05, 0.998811, 0.048757, -0.0, 0.0, 0.0, 0.0, 1.0],
                [1.0, -5.7e-05, 5.4e-05, 0.0, 5.7e-05, 0.048757, -0.998811, 0.375166, 5.4e-05, 0.998811, 0.048757, -0.0, 0.0, 0.0, 0.0, 1.0],
                [1.0, -5.7e-05, 5.4e-05, 0.0, 5.7e-05, 0.048757, -0.998811, 0.375166, 5.4e-05, 0.998811, 0.048757, -0.0, 0.0, 0.0, 0.0, 1.0],
                [1.0, -5.7e-05, 5.4e-05, -0.0, 5.7e-05, 0.048757, -0.998811, 0.375166, 5.4e-05, 0.998811, 0.048757, 0.0, 0.0, 0.0, 0.0, 1.0],
                [1.0, -5.7e-05, 5.4e-05, 0.0, 5.7e-05, 0.048757, -0.998811, 0.375166, 5.4e-05, 0.998811, 0.048757, 0.0, 0.0, 0.0, 0.0, 1.0],
                [1.0, -5.7e-05, 5.4e-05, 0.0, 5.7e-05, 0.048757, -0.998811, 0.375166, 5.4e-05, 0.998811, 0.048757, 0.0, 0.0, 0.0, 0.0, 1.0],
                [1.0, -5.7e-05, 5.4e-05, 0.0, 5.7e-05, 0.048757, -0.998811, 0.375166, 5.4e-05, 0.998811, 0.048757, -0.0, 0.0, 0.0, 0.0, 1.0],
                [1.0, -5.7e-05, 5.4e-05, -0.0, 5.7e-05, 0.048757, -0.998811, 0.375166, 5.4e-05, 0.998811, 0.048757, 0.0, 0.0, 0.0, 0.0, 1.0],
                [1.0, -5.7e-05, 5.4e-05, -0.0, 5.7e-05, 0.048757, -0.998811, 0.375166, 5.4e-05, 0.998811, 0.048757, -0.0, 0.0, 0.0, 0.0, 1.0],
                [1.0, -5.7e-05, 5.4e-05, -0.0, 5.7e-05, 0.048757, -0.998811, 0.375166, 5.4e-05, 0.998811, 0.048757, 0.0, 0.0, 0.0, 0.0, 1.0],
                [1.0, -5.7e-05, 5.4e-05, 0.0, 5.7e-05, 0.048757, -0.998811, 0.375166, 5.4e-05, 0.998811, 0.048757, -0.0, 0.0, 0.0, 0.0, 1.0],
                [1.0, -5.7e-05, 5.4e-05, -0.0, 5.7e-05, 0.048757, -0.998811, 0.375166, 5.4e-05, 0.998811, 0.048757, 0.0, 0.0, 0.0, 0.0, 1.0],
                [1.0, -5.7e-05, 5.4e-05, -0.0, 5.7e-05, 0.048757, -0.998811, 0.375166, 5.4e-05, 0.998811, 0.048757, -0.0, 0.0, 0.0, 0.0, 1.0],
                [1.0, -5.7e-05, 5.4e-05, 0.0, 5.7e-05, 0.048757, -0.998811, 0.375166, 5.4e-05, 0.998811, 0.048757, 0.0, 0.0, 0.0, 0.0, 1.0],
                [1.0, -5.7e-05, 5.4e-05, -0.0, 5.7e-05, 0.048757, -0.998811, 0.375166, 5.4e-05, 0.998811, 0.048757, -0.0, 0.0, 0.0, 0.0, 1.0],
                [1.0, -5.7e-05, 5.4e-05, 0.0, 5.7e-05, 0.048757, -0.998811, 0.375166, 5.4e-05, 0.998811, 0.048757, -0.0, 0.0, 0.0, 0.0, 1.0],
                [1.0, -5.7e-05, 5.4e-05, -0.0, 5.7e-05, 0.048757, -0.998811, 0.375166, 5.4e-05, 0.998811, 0.048757, 0.0, 0.0, 0.0, 0.0, 1.0],
                [1.0, -5.7e-05, 5.4e-05, 0.0, 5.7e-05, 0.048757, -0.998811, 0.375166, 5.4e-05, 0.998811, 0.048757, 0.0, 0.0, 0.0, 0.0, 1.0],
                [1.0, -5.7e-05, 5.4e-05, -0.0, 5.7e-05, 0.048757, -0.998811, 0.375166, 5.4e-05, 0.998811, 0.048757, -0.0, 0.0, 0.0, 0.0, 1.0],
                [1.0, -5.7e-05, 5.4e-05, 0.0, 5.7e-05, 0.048757, -0.998811, 0.375166, 5.4e-05, 0.998811, 0.048757, 0.0, 0.0, 0.0, 0.0, 1.0],
                [1.0, -5.7e-05, 5.4e-05, -0.0, 5.7e-05, 0.048757, -0.998811, 0.375166, 5.4e-05, 0.998811, 0.048757, -0.0, 0.0, 0.0, 0.0, 1.0],
                [1.0, -5.7e-05, 5.4e-05, -0.0, 5.7e-05, 0.048757, -0.998811, 0.375166, 5.4e-05, 0.998811, 0.048757, -0.0, 0.0, 0.0, 0.0, 1.0],
                [1.0, -5.7e-05, 5.4e-05, -0.0, 5.7e-05, 0.048757, -0.998811, 0.375166, 5.4e-05, 0.998811, 0.048757, -0.0, 0.0, 0.0, 0.0, 1.0],
                [1.0, -5.7e-05, 5.4e-05, -0.0, 5.7e-05, 0.048757, -0.998811, 0.375166, 5.4e-05, 0.998811, 0.048757, -0.0, 0.0, 0.0, 0.0, 1.0],
                [1.0, -5.7e-05, 5.4e-05, 0.0, 5.7e-05, 0.048757, -0.998811, 0.375166, 5.4e-05, 0.998811, 0.048757, -0.0, 0.0, 0.0, 0.0, 1.0]
            ]
        },
        {
            "name": "Thigh_L",
            "time": [0.0, 0.0167, 0.0333, 0.05, 0.0667, 0.0833, 0.1, 0.1167, 0.1333, 0.15, 0.1667, 0.1833, 0.2, 0.2167, 0.2333, 0.25, 0.2667, 0.2833, 0.3, 0.3167, 0.3333, 0.35, 0.3667, 0.3833, 0.4, 0.4167, 0.4333, 0.45, 0.4667, 0.4833, 0.5, 0.5167, 0.5333, 0.55, 0.5667, 0.5833, 0.6, 0.6167, 0.6333, 0.65, 0.6667, 0.6833, 0.7, 0.7167, 0.7333, 0.75, 0.7667, 0.7833, 0.8, 0.8167, 0.8333, 0.85, 0.8667, 0.8833, 0.9, 0.9167, 0.9333, 0.95, 0.9667, 0.9833, 1.0],
            "transform": [
                [0.990583, -0.118566, 0.068466, -0.125006, -0.130632, -0.96821, 0.213315, -0.002831, 0.041, -0.220246, -0.974535, -1.2e-05, 0.0, 0.0, 0.0, 1.0],
                [0.991089, -0.115267, 0.066761, -0.124734, -0.127197, -0.967765, 0.217372, -0.002831, 0.039556, -0.223922, -0.973757, -0.001688, 0.0, 0.0, 0.0, 1.0],
                [0.992538, -0.105376, 0.061354, -0.123912, -0.116764, -0.966352, 0.229191, -0.002831, 0.03514, -0.234641, -0.9714, -0.00675, 0.0, 0.0, 0.0, 1.0],
                [0.994666, -0.089318, 0.051586, -0.122557, -0.099361, -0.963953, 0.24682, -0.002831, 0.027683, -0.250625, -0.967641, -0.015096, 0.0, 0.0, 0.0, 1.0],
                [0.996997, -0.068074, 0.036923, -0.120728, -0.075494, -0.960616, 0.267425, -0.002831, 0.017265, -0.269406, -0.962824, -0.02636, 0.0, 0.0, 0.0, 1.0],
                [0.998915, -0.04319, 0.017433, -0.118538, -0.04638, -0.956655, 0.287504, -0.002831, 0.004261, -0.287997, -0.957574, -0.03985, 0.0, 0.0, 0.0, 1.0],
                [0.999845, -0.016596, -0.005798, -0.116152, -0.01405, -0.952615, 0.30385, -0.002831, -0.010567, -0.303719, -0.952655, -0.054552, 0.0, 0.0, 0.0, 1.0],
                [0.999483, 0.009664, -0.030662, -0.113765, 0.018821, -0.949122, 0.314341, -0.002831, -0.026065, -0.314754, -0.948768, -0.069254, 0.0, 0.0, 0.0, 1.0],
                [0.997944, 0.033708, -0.054506, -0.111575, 0.049374, -0.94662, 0.318544, -0.002831, -0.04086, -0.320579, -0.946293, -0.082743, 0.0, 0.0, 0.0, 1.0],
