{
    "animation": [
        {
            "name": "Root",
            "time": [0.0, 0.0167, 0.0333, 0.05, 0.0667, 0.0833, 0.1, 0.1167, 0.1333, 0.15, 0.1667, 0.1833, 0.2, 0.2167, 0.2333, 0.25, 0.2667, 0.2833, 0.3, 0.3167, 0.3333, 0.35, 0.3667, 0.3833, 0.4, 0.4167, 0.4333, 0.45, 0.4667, 0.4833, 0.5, 0.5167, 0.5333, 0.55, 0.5667, 0.5833, 0.6, 0.6167, 0.6333, 0.65, 0.6667, 0.6833, 0.7, 0.7167, 0.7333, 0.75, 0.7667, 0.7833, 0.8, 0.8167, 0.8333, 0.85, 0.8667, 0.8833, 0.9, 0.9167, 0.9333, 0.95, 0.9667, 0.9833, 1.0, 1.0167, 1.0333, 1.05, 1.0667, 1.0833, 1.1, 1.1167, 1.1333, 1.15, 1.1667, 1.1833, 1.2, 1.2167, 1.2333, 1.25, 1.2667, 1.2833, 1.3, 1.3167, 1.3333, 1.35, 1.3667, 1.3833, 1.4, 1.4167, 1.4333, 1.45, 1.4667, 1.4833, 1.5, 1.5167, 1.5333, 1.55, 1.5667, 1.5833, 1.6, 1.6167, 1.6333, 1.65, 1.6667, 1.6833, 1.7, 1.7167, 1.7333, 1.75, 1.7667, 1.7833, 1.8, 1.8167, 1.8333, 1.85, 1.8667, 1.8833, 1.9, 1.9167, 1.9333, 1.95, 1.9667, 1.9833, 2.0, 2.0167, 2.0333, 2.05, 2.0667, 2.0833, 2.1, 2.1167, 2.1333, 2.15, 2.1667, 2.1833, 2.2, 2.2167, 2.2333, 2.25, 2.2667, 2.2833, 2.3, 2.3167, 2.3333, 2.35, 2.3667, 2.3833, 2.4, 2.4167, 2.4333, 2.45, 2.4667, 2.4833, 2.5, 2.5167, 2.5333, 2.55, 2.5667, 2.5833, 2.6, 2.6167, 2.6333, 2.65, 2.6667, 2.6833, 2.7, 2.7167, 2.7333, 2.75, 2.7667, 2.7833, 2.8, 2.8167, 2.8333, 2.85, 2.8667, 2.8833, 2.9, 2.9167, 2.9333, 2.95, 2.9667, 2.9833, 3.0, 3.0167, 3.0333, 3.05, 3.0667, 3.0833, 3.1, 3.1167, 3.1333, 3.15, 3.1667, 3.1833, 3.2, 3.2167, 3.2333, 3.25, 3.2667, 3.2833, 3.3, 3.3167, 3.3333, 3.35, 3.3667, 3.3833, 3.4, 3.4167, 3.4333, 3.45, 3.4667, 3.4833, 3.5, 3.5167, 3.5333, 3.55, 3.5667, 3.5833, 3.6, 3.6167, 3.6333, 3.65, 3.6667, 3.6833, 3.7, 3.7167, 3.7333, 3.75, 3.7667, 3.7833, 3.8, 3.8167, 3.8333, 3.85, 3.8667, 3.8833, 3.9, 3.9167, 3.9333, 3.95, 3.9667, 3.9833, 4.0],
            "transform": [
                [0.900842, 0.0, -0.434148, -5e-06, -0.434148, 0.0, -0.900842, 0.000946, 0.0, 1.0, 0.0, 0.500151, 0.0, 0.0, 0.0, 1.0],
                [0.900842, 0.0, -0.434148, -5e-06, -0.434148, 0.0, -0.900842, 0.000946, 0.0, 1.0, 0.0, 0.500151, 0.0, 0.0, 0.0, 1.0],
                [0.900842, 0.0, -0.434148, -5e-06, -0.434148, 0.0, -0.900842, 0.000946, 0.0, 1.0, 0.0, 0.500151, 0.0, 0.0, 0.0, 1.0],
                [0.900842, 0.0, -0.434148, -5e-06, -0.434148, 0.0, -0.900842, 0.000946, 0.0, 1.0, 0.0, 0.500151, 0.0, 0.0, 0.0, 1.0],
                [0.900842, 0.0, -0.434148, -5e-06, -0.434148, 0.0, -0.900842, 0.000946, 0.0, 1.0, 0.0, 0.500151, 0.0, 0.0, 0.0, 1.0],
                [0.900842, 0.0, -0.434148, -5e-06, -0.434148, 0.0, -0.900842, 0.000946, 0.0, 1.0, 0.0, 0.500151, 0.0, 0.0, 0.0, 1.0],
                [0.900842, 0.0, -0.434148, -5e-06, -0.434148, 0.0, -0.900842, 0.000946, 0.0, 1.0, 0.0, 0.500151, 0.0, 0.0, 0.0, 1.0],
                [0.900842, 0.0, -0.434148, -5e-06, -0.434148, 0.0, -0.900842, 0.000946, 0.0, 1.0, 0.0, 0.500151, 0.0, 0.0, 0.0, 1.0],
                [0.900842, 0.0, -0.434148, -5e-06, -0.434148, 0.0, -0.900842, 0.000946, 0.0, 1.0, 0.0, 0.500151, 0.0, 0.0, 0.0, 1.0],
                [0.900842, 0.0, -0.434148, -5e-06, -0.434148, 0.0, -0.900842, 0.000946, 0.0, 1.0, 0.0, 0.500151, 0.0, 0.0, 0.0, 1.0],
                [0.900842, 0.0, -0.434148, -5e-06, -0.434148, 0.0, -0.900842, 0.000946, 0.0, 1.0, 0.0, 0.500151, 0.0, 0.0, 0.0, 1.0],
                [0.900842, 0.0, -0.434148, -5e-06, -0.434148, 0.0, -0.900842, 0.000946, 0.0, 1.0, 0.0, 0.500151, 0.0, 0.0, 0.0, 1.0],
                [0.900842, 0.0, -0.434148, -5e-06, -0.434148, 0.0, -0.900842, 0.000946, 0.0, 1.0, 0.0, 0.500151, 0.0, 0.0, 0.0, 1.0],
                [0.900842, 0.0, -0.434148, -5e-06, -0.434148, 0.0, -0.900842, 0.000946, 0.0, 1.0, 0.0, 0.500151, 0.0, 0.0, 0.0, 1.0],
                [0.900842, 0.0, -0.434148, -5e-06, -0.434148, 0.0, -0.900842, 0.000946, 0.0, 1.0, 0.0, 0.500151, 0.0, 0.0, 0.0, 1.0],
                [0.900842, 0.0, -0.434148, -5e-06, -0.434148, 0.0, -0.900842, 0.000946, 0.0, 1.0, 0.0, 0.500151, 0.0, 0.0, 0.0, 1.0],
                [0.900842, 0.0, -0.434148, -5e-06, -0.434148, 0.0, -0.900842, 0.000946, 0.0, 1.0, 0.0, 0.500151, 0.0, 0.0, 0.0, 1.0],
                [0.900842, 0.0, -0.434148, -5e-06, -0.434148, 0.0, -0.900842, 0.000946, 0.0, 1.0, 0.0, 0.500151, 0.0, 0.0, 0.0, 1.0],
                [0.900842, 0.0, -0.434148, -5e-06, -0.434148, 0.0, -0.900842, 0.000946, 0.0, 1.0, 0.0, 0.500151, 0.0, 0.0, 0.0, 1.0],
                [0.900842, 0.0, -0.434148, -5e-06, -0.434148, 0.0, -0.900842, 0.000946, 0.0, 1.0, 0.0, 0.500151, 0.0, 0.0, 0.0, 1.0],
                [0.900842, 0.0, -0.434148, -5e-06, -0.434148, 0.0, -0.900842, 0.000946, 0.0, 1.0, 0.0, 0.500151, 0.0, 0.0, 0.0, 1.0],
                [0.900842, 0.0, -0.434148, -5e-06, -0.434148, 0.0, -0.900842, 0.000946, 0.0, 1.0, 0.0, 0.500151, 0.0, 0.0, 0.0, 1.0],
                [0.900842, 0.0, -0.434148, -5e-06, -0.434148, 0.0, -0.900842, 0.000946, 0.0, 1.0, 0.0, 0.500151, 0.0, 0.0, 0.0, 1.0],
                [0.900842, 0.0, -0.434148, -5e-06, -0.434148, 0.0, -0.900842, 0.000946, 0.0, 1.0, 0.0, 0.500151, 0.0, 0.0, 0.0, 1.0],
                [0.900842, 0.0, -0.434148, -5e-06, -0.434148, 0.0, -0.900842, 0.000946, 0.0, 1.0, 0.0, 0.500151, 0.0, 0.0, 0.0, 1.0],
                [0.900842, 0.0, -0.434148, -5e-06, -0.434148, 0.0, -0.900842, 0.000946, 0.0, 1.0, 0.0, 0.500151, 0.0, 0.0, 0.0, 1.0],
                [0.900842, 0.0, -0.434148, -5e-06, -0.434148, 0.0, -0.900842, 0.000946, 0.0, 1.0, 0.0, 0.500151, 0.0, 0.0, 0.0, 1.0],
                [0.900842, 0.0, -0.434148, -5e-06, -0.434148, 0.0, -0.900842, 0.000946, 0.0, 1.0, 0.0, 0.500151, 0.0, 0.0, 0.0, 1.0],
                [0.900842, 0.0, -0.434148, -5e-06, -0.434148, 0.0, -0.900842, 0.000946, 0.0, 1.0, 0.0, 0.500151, 0.0, 0.0, 0.0, 1.0],
                [0.900842, 0.0, -0.434148, -5e-06, -0.434148, 0.0, -0.900842, 0.000946, 0.0, 1.0, 0.0, 0.500151, 0.0, 0.0, 0.0, 1.0],
                [0.900842, 0.0, -0.434148, -5e-06, -0.434148, 0.0, -0.900842, 0.000946, 0.0, 1.0, 0.0, 0.500151, 0.0, 0.0, 0.0, 1.0],
                [0.900842, 0.0, -0.434148, -5e-06, -0.434148, 0.0, -0.900842, 0.000946, 0.0, 1.0, 0.0, 0.500151, 0.0, 0.0, 0.0, 1.0],
                [0.900842, 0.0, -0.434148, -5e-06, -0.434148, 0.0, -0.900842, 0.000946, 0.0, 1.0, 0.0, 0.500151, 0.0, 0.0, 0.0, 1.0],
                [0.900842, 0.0, -0.434148, -5e-06, -0.434148, 0.0, -0.900842, 0.000946, 0.0, 1.0, 0.0, 0.500151, 0.0, 0.0, 0.0, 1.0],
                [0.900842, 0.0, -0.434148, -5e-06, -0.434148, 0.0, -0.900842, 0.000946, 0.0, 1.0, 0.0, 0.500151, 0.0, 0.0, 0.0, 1.0],
                [0.900842, 0.0, -0.434148, -5e-06, -0.434148, 0.0, -0.900842, 0.000946, 0.0, 1.0, 0.0, 0.500151, 0.0, 0.0, 0.0, 1.0],
                [0.900842, 0.0, -0.434148, -5e-06, -0.434148, 0.0, -0.900842, 0.000946, 0.0, 1.0, 0.0, 0.500151, 0.0, 0.0, 0.0, 1.0],
                [0.900842, 0.0, -0.434148, -5e-06, -0.434148, 0.0, -0.900842, 0.000946, 0.0, 1.0, 0.0, 0.500151, 0.0, 0.0, 0.0, 1.0],
                [0.900842, 0.0, -0.434148, -5e-06, -0.434148, 0.0, -0.900842, 0.000946, 0.0, 1.0, 0.0, 0.500151, 0.0, 0.0, 0.0, 1.0],
                [0.900842, 0.0, -0.434148, -5e-06, -0.434148, 0.0, -0.900842, 0.000946, 0.0, 1.0, 0.0, 0.500151, 0.0, 0.0, 0.0, 1.0],
                [0.915319, 0.0, -0.402729, 0.005496, -0.402729, 0.0, -0.915319, 0.328539, 0.0, 1.0, 0.0, 0.545912, 0.0, 0.0, 0.0, 1.0],
                [0.951406, 0.0, -0.307939, 0.021506, -0.307939, 0.0, -0.951406, 1.304326, 0.0, 1.0, 0.0, 0.684363, 0.0, 0.0, 0.0, 1.0],
                [0.986261, 0.0, -0.165193, 0.044522, -0.165193, 0.0, -0.986261, 2.765547, 0.0, 1.0, 0.0, 0.897179, 0.0, 0.0, 0.0, 1.0],
                [0.999822, 0.0, -0.01888, 0.067537, -0.01888, 0.0, -0.999822, 4.340138, 0.0, 1.0, 0.0, 1.136721, 0.0, 0.0, 0.0, 1.0],
                [0.996591, 0.0, 0.082495, 0.083547, 0.082495, 0.0, -0.996591, 5.627542, 0.0, 1.0, 0.0, 1.348634, 0.0, 0.0, 0.0, 1.0],
                [0.993142, 0.0, 0.116917, 0.089048, 0.116917, 0.0, -0.993142, 6.404104, 0.0, 1.0, 0.0, 1.500235, 0.0, 0.0, 0.0, 1.0],
                [0.993142, 0.0, 0.116917, 0.058392, 0.116917, 0.0, -0.993142, 6.867723, 0.0, 1.0, 0.0, 1.616214, 0.0, 0.0, 0.0, 1.0],
                [0.993142, 0.0, 0.116917, -0.034842, 0.116917, 0.0, -0.993142, 7.256156, 0.0, 1.0, 0.0, 1.727613, 0.0, 0.0, 0.0, 1.0],
                [0.993142, 0.0, 0.116917, -0.187555, 0.116917, 0.0, -0.993142, 7.560597, 0.0, 1.0, 0.0, 1.830676, 0.0, 0.0, 0.0, 1.0],
                [0.993142, 0.0, 0.116917, -0.387401, 0.116917, 0.0, -0.993142, 7.779249, 0.0, 1.0, 0.0, 1.921022, 0.0, 0.0, 0.0, 1.0],
                [0.993142, 0.0, 0.116917, -0.612176, 0.116917, 0.0, -0.993142, 7.921238, 0.0, 1.0, 0.0, 1.994698, 0.0, 0.0, 0.0, 1.0],
                [0.993142, 0.0, 0.116917, -0.834407, 0.116917, 0.0, -0.993142, 8.006323, 0.0, 1.0, 0.0, 2.049505, 0.0, 0.0, 0.0, 1.0],
                [0.993142, 0.0, 0.116917, -1.029283, 0.116917, 0.0, -0.993142, 8.059191, 0.0, 1.0, 0.0, 2.08563, 0.0, 0.0, 0.0, 1.0],
                [0.993142, 0.0, 0.116917, -1.180388, 0.116917, 0.0, -0.993142, 8.102326, 0.0, 1.0, 0.0, 2.105152, 0.0, 0.0, 0.0, 1.0],
                [0.993142, 0.0, 0.116917, -1.280417, 0.116917, 0.0, -0.993142, 8.152017, 0.0, 1.0, 0.0, 2.110994, 0.0, 0.0, 0.0, 1.0],
                [0.991607, 0.0, 0.129287, -1.347684, 0.129287, 0.0, -0.991607, 8.203667, 0.0, 1.0, 0.0, 2.110994, 0.0, 0.0, 0.0, 1.0],
                [0.986268, 0.0, 0.16515, -1.399021, 0.16515, 0.0, -0.986268, 8.243084, 0.0, 1.0, 0.0, 2.110994, 0.0, 0.0, 0.0, 1.0],
                [0.97633, 0.0, 0.216287, -1.431819, 0.216287, 0.0, -0.97633, 8.268268, 0.0, 1.0, 0.0, 2.110994, 0.0, 0.0, 0.0, 1.0],
                [0.963717, 0.0, 0.266927, -1.447782, 0.266927, 0.0, -0.963717, 8.280525, 0.0, 1.0, 0.0, 2.110994, 0.0, 0.0, 0.0, 1.0],
                [0.953262, 0.0, 0.302144, -1.452848, 0.302144, 0.0, -0.953262, 8.284414, 0.0, 1.0, 0.0, 2.110994, 0.0, 0.0, 0.0, 1.0],
                [0.949077, 0.0, 0.315043, -1.453447, 0.315043, 0.0, -0.949077, 8.284875, 0.0, 1.0, 0.0, 2.110994, 0.0, 0.0, 0.0, 1.0],
                [0.949077, 0.0, 0.315043, -1.453447, 0.315043, 0.0, -0.949077, 8.284875, 0.0, 1.0, 0.0, 2.110994, 0.0, 0.0, 0.0, 1.0],
                [0.949077, 0.0, 0.315043, -1.453447, 0.315043, 0.0, -0.949077, 8.284875, 0.0, 1.0, 0.0, 2.110994, 0.0, 0.0, 0.0, 1.0],
                [0.949077, 0.0, 0.315043, -1.453447, 0.289055, 0.397713, -0.870788, 1.001995, -0.125297, 0.91751, 0.37746, 3.935701, 0.0, 0.0, 0.0, 1.0],
                [0.958077, 0.005999, 0.286447, -1.372657, 0.262184, 0.384789, -0.884984, 1.280012, -0.115531, 0.922985, 0.367085, 3.812857, 0.0, 0.0, 0.0, 1.0],
                [0.971715, 0.014867, 0.235687, -1.161486, 0.215878, 0.348679, -0.912041, 2.021933, -0.095739, 0.937124, 0.335607, 3.486017, 0.0, 0.0, 0.0, 1.0],
                [0.985012, 0.022647, 0.170991, -0.874122, 0.156663, 0.297284, -0.941849, 3.046051, -0.072163, 0.95452, 0.289281, 3.036743, 0.0, 0.0, 0.0, 1.0],
                [0.994353, 0.026683, 0.102711, -0.568895, 0.093335, 0.240675, -0.966108, 4.152887, -0.050499, 0.970239, 0.236826, 2.554613, 0.0, 0.0, 0.0, 1.0],
                [0.998825, 0.026807, 0.04037, -0.293682, 0.034612, 0.188418, -0.981479, 5.174294, -0.033917, 0.981723, 0.187269, 2.115597, 0.0, 0.0, 0.0, 1.0],
                [0.999649, 0.024671, -0.009612, -0.079496, -0.013145, 0.147278, -0.989008, 5.997231, -0.022984, 0.988787, 0.14755, 1.771115, 0.0, 0.0, 0.0, 1.0],
                [0.998414, 0.021315, -0.052112, 0.099897, -0.054191, 0.112699, -0.99215, 6.686116, -0.015275, 0.993401, 0.113675, 1.480622, 0.0, 0.0, 0.0, 1.0],
                [0.995529, 0.01652, -0.093005, 0.2771, -0.094022, 0.078603, -0.992462, 7.344825, -0.009085, 0.996769, 0.079805, 1.191834, 0.0, 0.0, 0.0, 1.0],
                [0.991517, 0.01088, -0.129523, 0.439861, -0.129897, 0.047465, -0.990391, 7.959023, -0.004628, 0.998814, 0.048476, 0.92502, 0.0, 0.0, 0.0, 1.0],
                [0.987339, 0.005438, -0.15853, 0.572809, -0.158612, 0.022235, -0.987091, 8.513823, -0.001843, 0.999738, 0.022816, 0.706001, 0.0, 0.0, 0.0, 1.0],
                [0.984179, 0.001462, -0.177171, 0.660391, -0.177177, 0.005744, -0.984162, 8.997686, -0.000422, 0.999982, 0.005912, 0.561208, 0.0, 0.0, 0.0, 1.0],
                [0.983004, 0.0, -0.183582, 0.691042, -0.183582, 0.0, -0.983004, 9.406284, 0.0, 1.0, 0.0, 0.51044, 0.0, 0.0, 0.0, 1.0],
                [0.983004, 0.0, -0.183582, 0.691042, -0.183582, 0.0, -0.983004, 9.568822, 0.0, 1.0, 0.0, 0.51044, 0.0, 0.0, 0.0, 1.0],
                [0.983004, 0.0, -0.183582, 0.691042, -0.183582, 0.0, -0.983004, 9.715381, 0.0, 1.0, 0.0, 0.51044, 0.0, 0.0, 0.0, 1.0],
                [0.983004, 0.0, -0.183582, 0.691042, -0.183582, 0.0, -0.983004, 9.843554, 0.0, 1.0, 0.0, 0.51044, 0.0, 0.0, 0.0, 1.0],
                [0.983004, 0.0, -0.183582, 0.691042, -0.183582, 0.0, -0.983004, 9.951281, 0.0, 1.0, 0.0, 0.51044, 0.0, 0.0, 0.0, 1.0],
                [0.983004, 0.0, -0.183582, 0.691042, -0.183582, 0.0, -0.983004, 10.037371, 0.0, 1.0, 0.0, 0.51044, 0.0, 0.0, 0.0, 1.0],
                [0.983004, 0.0, -0.183582, 0.691042, -0.183582, 0.0, -0.983004, 10.10199, 0.0, 1.0, 0.0, 0.51044, 0.0, 0.0, 0.0, 1.0],
                [0.983004, 0.0, -0.183582, 0.691042, -0.183582, 0.0, -0.983004, 10.14692, 0.0, 1.0, 0.0, 0.51044, 0.0, 0.0, 0.0, 1.0],
                [0.983004, 0.0, -0.183582, 0.691042, -0.183582, 0.0, -0.983004, 10.175344, 0.0, 1.0, 0.0, 0.51044, 0.0, 0.0, 0.0, 1.0],
                [0.983004, 0.0, -0.183582, 0.691042, -0.183582, 0.0, -0.983004, 10.191234, 0.0, 1.0, 0.0, 0.51044, 0.0, 0.0, 0.0, 1.0],
                [0.983004, 0.0, -0.183582, 0.691042, -0.183582, 0.0, -0.983004, 10.198622, 0.0, 1.0, 0.0, 0.51044, 0.0, 0.0, 0.0, 1.0],
                [0.983004, 0.0, -0.183582, 0.691042, -0.183582, 0.0, -0.983004, 10.201062, 0.0, 1.0, 0.0, 0.51044, 0.0, 0.0, 0.0, 1.0],
                [0.983004, 0.0, -0.183582, 0.691042, -0.183582, 0.0, -0.983004, 10.201377, 0.0, 1.0, 0.0, 0.51044, 0.0, 0.0, 0.0, 1.0],
                [0.983004, 0.0, -0.183582, 0.691042, -0.183582, 0.0, -0.983004, 10.201377, 0.0, 1.0, 0.0, 0.51044, 0.0, 0.0, 0.0, 1.0],
                [0.983004, 0.0, -0.183582, 0.691042, -0.183582, 0.0, -0.983004, 10.201377, 0.0, 1.0, 0.0, 0.51044, 0.0, 0.0, 0.0, 1.0],
                [0.983004, 0.0, -0.183582, 0.691042, -0.183582, 0.0, -0.983004, 5.336838, 0.0, 1.0, 0.0, 0.51044, 0.0, 0.0, 0.0, 1.0],
                [0.983683, 0.0, -0.179911, 0.684262, -0.179911, 0.0, -0.983683, 5.398882, 0.0, 1.0, 0.0, 0.543201, 0.0, 0.0, 0.0, 1.0],
                [0.985676, 0.0, -0.168653, 0.663538, -0.168653, 0.0, -0.985676, 5.586723, 0.0, 1.0, 0.0, 0.642487, 0.0, 0.0, 0.0, 1.0],
                [0.988755, 0.0, -0.149546, 0.628567, -0.149546, 0.0, -0.988755, 5.899887, 0.0, 1.0, 0.0, 0.808234, 0.0, 0.0, 0.0, 1.0],
                [0.992461, 0.0, -0.122561, 0.57954, -0.122561, 0.0, -0.992461, 6.332519, 0.0, 1.0, 0.0, 1.037585, 0.0, 0.0, 0.0, 1.0],
                [0.996118, 0.0, -0.088029, 0.517332, -0.088029, 0.0, -0.996118, 6.871802, 0.0, 1.0, 0.0, 1.324046, 0.0, 0.0, 0.0, 1.0],
                [0.998906, 0.0, -0.046772, 0.443636, -0.046772, 0.0, -0.998906, 7.496963, 0.0, 1.0, 0.0, 1.65695, 0.0, 0.0, 0.0, 1.0],
                [1.0, 0.0, -0.000162, 0.360988, -0.000162, 0.0, -1.0, 8.179522, 0.0, 1.0, 0.0, 2.021558, 0.0, 0.0, 0.0, 1.0],
                [0.998752, 0.0, 0.049942, 0.272619, 0.049942, 0.0, -0.998752, 8.885221, 0.0, 1.0, 0.0, 2.40005, 0.0, 0.0, 0.0, 1.0],
                [0.994847, 0.0, 0.101383, 0.182147, 0.101383, 0.0, -0.994847, 9.577515, 0.0, 1.0, 0.0, 2.773326, 0.0, 0.0, 0.0, 1.0],
                [0.988381, 0.0, 0.151999, 0.09316, 0.151999, 0.0, -0.988381, 10.221705, 0.0, 1.0, 0.0, 3.123169, 0.0, 0.0, 0.0, 1.0],
                [0.979816, 0.0, 0.1999, 0.008839, 0.1999, 0.0, -0.979816, 10.788507, 0.0, 1.0, 0.0, 3.434128, 0.0, 0.0, 0.0, 1.0],
                [0.969863, 0.0, 0.243652, -0.068298, 0.243652, 0.0, -0.969863, 11.256119, 0.0, 1.0, 0.0, 3.694618, 0.0, 0.0, 0.0, 1.0],
                [0.959317, 0.0, 0.282331, -0.136476, 0.282331, 0.0, -0.959317, 11.610604, 0.0, 1.0, 0.0, 3.897153, 0.0, 0.0, 0.0, 1.0],
                [0.948934, 0.0, 0.315474, -0.194624, 0.315474, 0.0, -0.948934, 11.845014, 0.0, 1.0, 0.0, 4.037897, 0.0, 0.0, 0.0, 1.0],
                [0.939348, 0.0, 0.342966, -0.242242, 0.342966, 0.0, -0.939348, 11.957876, 0.0, 1.0, 0.0, 4.115897, 0.0, 0.0, 0.0, 1.0],
                [0.929997, 0.0, 0.367568, -0.283993, 0.367568, 0.0, -0.929997, 12.008755, 0.0, 1.0, 0.0, 4.158551, 0.0, 0.0, 0.0, 1.0],
                [0.920034, 0.0, 0.391839, -0.324405, 0.391839, 0.0, -0.920034, 12.055791, 0.0, 1.0, 0.0, 4.192695, 0.0, 0.0, 0.0, 1.0],
                [0.90958, 0.0, 0.415529, -0.363073, 0.415529, 0.0, -0.90958, 12.098498, 0.0, 1.0, 0.0, 4.218393, 0.0, 0.0, 0.0, 1.0],
                [0.898803, 0.0, 0.438352, -0.399538, 0.438352, 0.0, -0.898803, 12.136418, 0.0, 1.0, 0.0, 4.236088, 0.0, 0.0, 0.0, 1.0],
                [0.88792, 0.0, 0.459998, -0.433311, 0.459998, 0.0, -0.88792, 12.169176, 0.0, 1.0, 0.0, 4.2467, 0.0, 0.0, 0.0, 1.0],
                [0.877182, 0.0, 0.480157, -0.463915, 0.480157, 0.0, -0.877182, 12.196556, 0.0, 1.0, 0.0, 4.251694, 0.0, 0.0, 0.0, 1.0],
                [0.866862, 0.0, 0.498549, -0.490942, 0.498549, 0.0, -0.866862, 12.218556, 0.0, 1.0, 0.0, 4.253058, 0.0, 0.0, 0.0, 1.0],
                [0.857218, 0.0, 0.514954, -0.514111, 0.514954, 0.0, -0.857218, 12.235435, 0.0, 1.0, 0.0, 4.253164, 0.0, 0.0, 0.0, 1.0],
                [0.848471, 0.0, 0.529242, -0.533315, 0.529242, 0.0, -0.848471, 12.247698, 0.0, 1.0, 0.0, 4.254528, 0.0, 0.0, 0.0, 1.0],
                [0.840778, 0.0, 0.54138, -0.548627, 0.54138, 0.0, -0.840778, 12.256049, 0.0, 1.0, 0.0, 4.259522, 0.0, 0.0, 0.0, 1.0],
                [0.834222, 0.0, 0.551428, -0.560286, 0.551428, 0.0, -0.834222, 12.261289, 0.0, 1.0, 0.0, 4.270134, 0.0, 0.0, 0.0, 1.0],
                [0.82882, 0.0, 0.559515, -0.568641, 0.559515, 0.0, -0.82882, 12.26423, 0.0, 1.0, 0.0, 4.287829, 0.0, 0.0, 0.0, 1.0],
                [0.824537, 0.0, 0.565809, -0.574103, 0.565809, 0.0, -0.824537, 12.265615, 0.0, 1.0, 0.0, 4.313528, 0.0, 0.0, 0.0, 1.0],
                [0.8213, 0.0, 0.570496, -0.57709, 0.570496, 0.0, -0.8213, 12.266082, 0.0, 1.0, 0.0, 4.347672, 0.0, 0.0, 0.0, 1.0],
                [0.819023, 0.0, 0.573761, -0.578004, 0.573761, 0.0, -0.819023, 12.266142, 0.0, 1.0, 0.0, 4.390326, 0.0, 0.0, 0.0, 1.0],
                [0.819023, 0.0, 0.573761, -0.578004, 0.573761, 0.0, -0.819023, 12.266142, 0.0, 1.0, 0.0, 4.390326, 0.0, 0.0, 0.0, 1.0],
                [0.819023, 0.0, 0.573761, -0.578004, 0.573761, 0.0, -0.819023, 12.266142, 0.0, 1.0, 0.0, 4.390326, 0.0, 0.0, 0.0, 1.0],
                [0.819023, -0.0, 0.57376, -0.578004, 0.465167, 0.585414, -0.66401, 4.488467, -0.335887, 0.810735, 0.479467, 7.080923, 0.0, 0.0, 0.0, 1.0],
                [0.836669, 0.010079, 0.547616, -0.553323, 0.441296, 0.579801, -0.6849, 4.640381, -0.324412, 0.814695, 0.480654, 6.980471, 0.0, 0.0, 0.0, 1.0],
                [0.862795, 0.024914, 0.504939, -0.486822, 0.407007, 0.558225, -0.723001, 5.097638, -0.299883, 0.829315, 0.471494, 6.678588, 0.0, 0.0, 0.0, 1.0],
                [0.894993, 0.042237, 0.444076, -0.38083, 0.360086, 0.519189, -0.775101, 5.852173, -0.263297, 0.853615, 0.449462, 6.180905, 0.0, 0.0, 0.0, 1.0],
                [0.929229, 0.058375, 0.364863, -0.241493, 0.298801, 0.462184, -0.834928, 6.872446, -0.217373, 0.884861, 0.412033, 5.508387, 0.0, 0.0, 0.0, 1.0],
                [0.960301, 0.068971, 0.270306, -0.079117, 0.223571, 0.389253, -0.893587, 8.098328, -0.166849, 0.918545, 0.35838, 4.701132, 0.0, 0.0, 0.0, 1.0],
                [0.98334, 0.070615, 0.167496, 0.092773, 0.138455, 0.306075, -0.941885, 9.442193, -0.117778, 0.949385, 0.291199, 3.81828, 0.0, 0.0, 0.0, 1.0],
                [0.995825, 0.06262, 0.066424, 0.259714, 0.051044, 0.221296, -0.97387, 10.798865, -0.075684, 0.973194, 0.217176, 2.931818, 0.0, 0.0, 0.0, 1.0],
                [0.998602, 0.047529, -0.023128, 0.408901, -0.029762, 0.143981, -0.989133, 12.062407, -0.043683, 0.988438, 0.145194, 2.115097, 0.0, 0.0, 0.0, 1.0],
                [0.99508, 0.029854, -0.094472, 0.53088, -0.09661, 0.080912, -0.992028, 13.143133, -0.021972, 0.996274, 0.083398, 1.43056, 0.0, 0.0, 0.0, 1.0],
                [0.98936, 0.014133, -0.144803, 0.619907, -0.145223, 0.035556, -0.98876, 13.978022, -0.008826, 0.999268, 0.03723, 0.921938, 0.0, 0.0, 0.0, 1.0],
                [0.98472, 0.003628, -0.17411, 0.673399, -0.174136, 0.008751, -0.984683, 14.532341, -0.002049, 0.999955, 0.009249, 0.612904, 0.0, 0.0, 0.0, 1.0],
                [0.983004, 0.0, -0.183582, 0.691042, -0.183582, 0.0, -0.983004, 14.794924, 0.0, 1.0, 0.0, 0.51044, 0.0, 0.0, 0.0, 1.0],
                [0.983004, 0.0, -0.183582, 0.691042, -0.183582, 0.0, -0.983004, 14.908458, 0.0, 1.0, 0.0, 0.51044, 0.0, 0.0, 0.0, 1.0],
                [0.983004, 0.0, -0.183582, 0.691042, -0.183582, 0.0, -0.983004, 15.013418, 0.0, 1.0, 0.0, 0.51044, 0.0, 0.0, 0.0, 1.0],
                [0.983004, 0.0, -0.183582, 0.691042, -0.183582, 0.0, -0.983004, 15.108718, 0.0, 1.0, 0.0, 0.51044, 0.0, 0.0, 0.0, 1.0],
                [0.983004, 0.0, -0.183582, 0.691042, -0.183582, 0.0, -0.983004, 15.193333, 0.0, 1.0, 0.0, 0.51044, 0.0, 0.0, 0.0, 1.0],
                [0.983004, 0.0, -0.183582, 0.691042, -0.183582, 0.0, -0.983004, 15.266434, 0.0, 1.0, 0.0, 0.51044, 0.0, 0.0, 0.0, 1.0],
                [0.983004, 0.0, -0.183582, 0.691042, -0.183582, 0.0, -0.983004, 15.327528, 0.0, 1.0, 0.0, 0.51044, 0.0, 0.0, 0.0, 1.0],
                [0.983004, 0.0, -0.183582, 0.691042, -0.183582, 0.0, -0.983004, 15.376621, 0.0, 1.0, 0.0, 0.51044, 0.0, 0.0, 0.0, 1.0],
                [0.983004, 0.0, -0.183582, 0.691042, -0.183582, 0.0, -0.983004, 15.414283, 0.0, 1.0, 0.0, 0.51044, 0.0, 0.0, 0.0, 1.0],
                [0.983004, 0.0, -0.183582, 0.691042, -0.183582, 0.0, -0.983004, 15.44165, 0.0, 1.0, 0.0, 0.51044, 0.0, 0.0, 0.0, 1.0],
                [0.983004, 0.0, -0.183582, 0.691042, -0.183582, 0.0, -0.983004, 15.460285, 0.0, 1.0, 0.0, 0.51044, 0.0, 0.0, 0.0, 1.0],
                [0.983004, 0.0, -0.183582, 0.691042, -0.183582, 0.0, -0.983004, 15.471978, 0.0, 1.0, 0.0, 0.51044, 0.0, 0.0, 0.0, 1.0],
                [0.983004, 0.0, -0.183582, 0.691042, -0.183582, 0.0, -0.983004, 15.478539, 0.0, 1.0, 0.0, 0.51044, 0.0, 0.0, 0.0, 1.0],
                [0.983004, 0.0, -0.183582, 0.691042, -0.183582, 0.0, -0.983004, 15.48163, 0.0, 1.0, 0.0, 0.51044, 0.0, 0.0, 0.0, 1.0],
                [0.983004, 0.0, -0.183582, 0.691042, -0.183582, 0.0, -0.983004, 15.482669, 0.0, 1.0, 0.0, 0.51044, 0.0, 0.0, 0.0, 1.0],
                [0.983004, 0.0, -0.183582, 0.691042, -0.183582, 0.0, -0.983004, 15.482807, 0.0, 1.0, 0.0, 0.51044, 0.0, 0.0, 0.0, 1.0],
                [0.983004, 0.0, -0.183582, 0.691042, -0.183582, 0.0, -0.983004, 15.482807, 0.0, 1.0, 0.0, 0.51044, 0.0, 0.0, 0.0, 1.0],
                [0.983004, 0.0, -0.183582, 0.691042, -0.183582, 0.0, -0.983004, 15.482807, 0.0, 1.0, 0.0, 0.51044, 0.0, 0.0, 0.0, 1.0],
                [0.983004, 0.0, -0.183582, 0.691042, -0.183582, 0.0, -0.983004, 6.468872, 0.0, 1.0, 0.0, 0.51044, 0.0, 0.0, 0.0, 1.0],
                [0.983004, 0.0, -0.183582, 0.691042, -0.183582, 0.0, -0.983004, 6.7666, 0.0, 1.0, 0.0, 0.51044, 0.0, 0.0, 0.0, 1.0],
                [0.983004, 0.0, -0.183582, 0.691042, -0.183582, 0.0, -0.983004, 7.660408, 0.0, 1.0, 0.0, 0.51044, 0.0, 0.0, 0.0, 1.0],
                [0.983004, 0.0, -0.183582, 0.691042, -0.183582, 0.0, -0.983004, 9.096843, 0.0, 1.0, 0.0, 0.51044, 0.0, 0.0, 0.0, 1.0],
                [0.983004, 0.0, -0.183582, 0.691042, -0.183582, 0.0, -0.983004, 11.540798, 0.0, 1.0, 0.0, 0.51044, 0.0, 0.0, 0.0, 1.0],
                [0.983004, 0.0, -0.183582, 0.691042, -0.183582, 0.0, -0.983004, 14.394894, 0.0, 1.0, 0.0, 0.51044, 0.0, 0.0, 0.0, 1.0],
                [0.983004, 0.0, -0.183582, 0.691042, -0.183582, 0.0, -0.983004, 16.197887, 0.0, 1.0, 0.0, 0.51044, 0.0, 0.0, 0.0, 1.0],
                [0.983004, 0.0, -0.183582, 0.691042, -0.183582, 0.0, -0.983004, 17.0322, 0.0, 1.0, 0.0, 0.51044, 0.0, 0.0, 0.0, 1.0],
                [0.983004, 0.0, -0.183582, 0.691042, -0.183582, 0.0, -0.983004, 17.361395, 0.0, 1.0, 0.0, 0.51044, 0.0, 0.0, 0.0, 1.0],
                [0.983004, 0.0, -0.183582, 0.691042, -0.183582, 0.0, -0.983004, 17.443251, 0.0, 1.0, 0.0, 0.51044, 0.0, 0.0, 0.0, 1.0],
                [0.983004, 0.0, -0.183582, 0.691042, -0.183582, 0.0, -0.983004, 17.474098, 0.0, 1.0, 0.0, 0.51044, 0.0, 0.0, 0.0, 1.0],
                [0.983004, 0.0, -0.183582, 0.691042, -0.183582, 0.0, -0.983004, 17.504131, 0.0, 1.0, 0.0, 0.51044, 0.0, 0.0, 0.0, 1.0],
                [0.983004, 0.0, -0.183582, 0.691042, -0.183582, 0.0, -0.983004, 17.533331, 0.0, 1.0, 0.0, 0.51044, 0.0, 0.0, 0.0, 1.0],
                [0.983004, 0.0, -0.183582, 0.691042, -0.183582, 0.0, -0.983004, 17.56167, 0.0, 1.0, 0.0, 0.51044, 0.0, 0.0, 0.0, 1.0],
                [0.983004, 0.0, -0.183582, 0.691042, -0.183582, 0.0, -0.983004, 17.589127, 0.0, 1.0, 0.0, 0.51044, 0.0, 0.0, 0.0, 1.0],
                [0.983004, 0.0, -0.183582, 0.691042, -0.183582, 0.0, -0.983004, 17.615681, 0.0, 1.0, 0.0, 0.51044, 0.0, 0.0, 0.0, 1.0],
                [0.983004, 0.0, -0.183582, 0.691042, -0.183582, 0.0, -0.983004, 17.64131, 0.0, 1.0, 0.0, 0.51044, 0.0, 0.0, 0.0, 1.0],
                [0.983004, 0.0, -0.183582, 0.691042, -0.183582, 0.0, -0.983004, 17.666, 0.0, 1.0, 0.0, 0.51044, 0.0, 0.0, 0.0, 1.0],
                [0.983004, 0.0, -0.183582, 0.691042, -0.183582, 0.0, -0.983004, 17.689732, 0.0, 1.0, 0.0, 0.51044, 0.0, 0.0, 0.0, 1.0],
                [0.983004, 0.0, -0.183582, 0.691042, -0.183582, 0.0, -0.983004, 17.71249, 0.0, 1.0, 0.0, 0.51044, 0.0, 0.0, 0.0, 1.0],
                [0.983004, 0.0, -0.183582, 0.691042, -0.183582, 0.0, -0.983004, 17.734264, 0.0, 1.0, 0.0, 0.51044, 0.0, 0.0, 0.0, 1.0],
                [0.983004, 0.0, -0.183582, 0.691042, -0.183582, 0.0, -0.983004, 17.755045, 0.0, 1.0, 0.0, 0.51044, 0.0, 0.0, 0.0, 1.0],
                [0.983004, 0.0, -0.183582, 0.691042, -0.183582, 0.0, -0.983004, 17.77482, 0.0, 1.0, 0.0, 0.51044, 0.0, 0.0, 0.0, 1.0],
                [0.983004, 0.0, -0.183582, 0.691042, -0.183582, 0.0, -0.983004, 17.793591, 0.0, 1.0, 0.0, 0.51044, 0.0, 0.0, 0.0, 1.0],
                [0.983004, 0.0, -0.183582, 0.691042, -0.183582, 0.0, -0.983004, 17.811356, 0.0, 1.0, 0.0, 0.51044, 0.0, 0.0, 0.0, 1.0],
                [0.983004, 0.0, -0.183582, 0.691042, -0.183582, 0.0, -0.983004, 17.828117, 0.0, 1.0, 0.0, 0.51044, 0.0, 0.0, 0.0, 1.0],
                [0.983004, 0.0, -0.183582, 0.691042, -0.183582, 0.0, -0.983004, 17.843876, 0.0, 1.0, 0.0, 0.51044, 0.0, 0.0, 0.0, 1.0],
                [0.983004, 0.0, -0.183582, 0.691042, -0.183582, 0.0, -0.983004, 17.858652, 0.0, 1.0, 0.0, 0.51044, 0.0, 0.0, 0.0, 1.0],
                [0.983004, 0.0, -0.183582, 0.691042, -0.183582, 0.0, -0.983004, 17.87245, 0.0, 1.0, 0.0, 0.51044, 0.0, 0.0, 0.0, 1.0],
                [0.983004, 0.0, -0.183582, 0.691042, -0.183582, 0.0, -0.983004, 17.885292, 0.0, 1.0, 0.0, 0.51044, 0.0, 0.0, 0.0, 1.0],
                [0.983004, 0.0, -0.183582, 0.691042, -0.183582, 0.0, -0.983004, 17.897196, 0.0, 1.0, 0.0, 0.51044, 0.0, 0.0, 0.0, 1.0],
                [0.983004, 0.0, -0.183582, 0.691042, -0.183582, 0.0, -0.983004, 17.908186, 0.0, 1.0, 0.0, 0.51044, 0.0, 0.0, 0.0, 1.0],
                [0.983004, 0.0, -0.183582, 0.691042, -0.183582, 0.0, -0.983004, 17.918289, 0.0, 1.0, 0.0, 0.51044, 0.0, 0.0, 0.0, 1.0],
                [0.983004, 0.0, -0.183582, 0.691042, -0.183582, 0.0, -0.983004, 17.927538, 0.0, 1.0, 0.0, 0.51044, 0.0, 0.0, 0.0, 1.0],
                [0.983004, 0.0, -0.183582, 0.691042, -0.183582, 0.0, -0.983004, 17.935965, 0.0, 1.0, 0.0, 0.51044, 0.0, 0.0, 0.0, 1.0],
                [0.983004, 0.0, -0.183582, 0.691042, -0.183582, 0.0, -0.983004, 17.943605, 0.0, 1.0, 0.0, 0.51044, 0.0, 0.0, 0.0, 1.0],
                [0.983004, 0.0, -0.183582, 0.691042, -0.183582, 0.0, -0.983004, 17.950493, 0.0, 1.0, 0.0, 0.51044, 0.0, 0.0, 0.0, 1.0],
                [0.983004, 0.0, -0.183582, 0.691042, -0.183582, 0.0, -0.983004, 17.956671, 0.0, 1.0, 0.0, 0.51044, 0.0, 0.0, 0.0, 1.0],
                [0.983004, 0.0, -0.183582, 0.691042, -0.183582, 0.0, -0.983004, 17.962179, 0.0, 1.0, 0.0, 0.51044, 0.0, 0.0, 0.0, 1.0],
                [0.983004, 0.0, -0.183582, 0.691042, -0.183582, 0.0, -0.983004, 17.967058, 0.0, 1.0, 0.0, 0.51044, 0.0, 0.0, 0.0, 1.0],
                [0.983004, 0.0, -0.183582, 0.691042, -0.183582, 0.0, -0.983004, 17.971346, 0.0, 1.0, 0.0, 0.51044, 0.0, 0.0, 0.0, 1.0],
                [0.983004, 0.0, -0.183582, 0.691042, -0.183582, 0.0, -0.983004, 17.975094, 0.0, 1.0, 0.0, 0.51044, 0.0, 0.0, 0.0, 1.0],
                [0.983004, 0.0, -0.183582, 0.691042, -0.183582, 0.0, -0.983004, 17.978338, 0.0, 1.0, 0.0, 0.51044, 0.0, 0.0, 0.0, 1.0],
                [0.983004, 0.0, -0.183582, 0.691042, -0.183582, 0.0, -0.983004, 17.981119, 0.0, 1.0, 0.0, 0.51044, 0.0, 0.0, 0.0, 1.0],
                [0.983004, 0.0, -0.183582, 0.691042, -0.183582, 0.0, -0.983004, 17.983482, 0.0, 1.0, 0.0, 0.51044, 0.0, 0.0, 0.0, 1.0],
                [0.983004, 0.0, -0.183582, 0.691042, -0.183582, 0.0, -0.983004, 17.985464, 0.0, 1.0, 0.0, 0.51044, 0.0, 0.0, 0.0, 1.0],
                [0.983004, 0.0, -0.183582, 0.691042, -0.183582, 0.0, -0.983004, 17.987104, 0.0, 1.0, 0.0, 0.51044, 0.0, 0.0, 0.0, 1.0],
                [0.983004, 0.0, -0.183582, 0.691042, -0.183582, 0.0, -0.983004, 17.988443, 0.0, 1.0, 0.0, 0.51044, 0.0, 0.0, 0.0, 1.0],
                [0.983004, 0.0, -0.183582, 0.691042, -0.183582, 0.0, -0.983004, 17.989511, 0.0, 1.0, 0.0, 0.51044, 0.0, 0.0, 0.0, 1.0],
                [0.983004, 0.0, -0.183582, 0.691042, -0.183582, 0.0, -0.983004, 17.990347, 0.0, 1.0, 0.0, 0.51044, 0.0, 0.0, 0.0, 1.0],
                [0.983004, 0.0, -0.183582, 0.691042, -0.183582, 0.0, -0.983004, 17.990982, 0.0, 1.0, 0.0, 0.51044, 0.0, 0.0, 0.0, 1.0],
                [0.983004, 0.0, -0.183582, 0.691042, -0.183582, 0.0, -0.983004, 17.991447, 0.0, 1.0, 0.0, 0.51044, 0.0, 0.0, 0.0, 1.0],
                [0.983004, 0.0, -0.183582, 0.691042, -0.183582, 0.0, -0.983004, 17.991772, 0.0, 1.0, 0.0, 0.51044, 0.0, 0.0, 0.0, 1.0],
                [0.983004, 0.0, -0.183582, 0.691042, -0.183582, 0.0, -0.983004, 17.991985, 0.0, 1.0, 0.0, 0.51044, 0.0, 0.0, 0.0, 1.0],
                [0.983004, 0.0, -0.183582, 0.691042, -0.183582, 0.0, -0.983004, 17.992109, 0.0, 1.0, 0.0, 0.51044, 0.0, 0.0, 0.0, 1.0],
                [0.983004, 0.0, -0.183582, 0.691042, -0.183582, 0.0, -0.983004, 17.992174, 0.0, 1.0, 0.0, 0.51044, 0.0, 0.0, 0.0, 1.0],
                [0.983004, 0.0, -0.183582, 0.691042, -0.183582, 0.0, -0.983004, 17.992195, 0.0, 1.0, 0.0, 0.51044, 0.0, 0.0, 0.0, 1.0],
                [0.983004, 0.0, -0.183582, 0.691042, -0.183582, 0.0, -0.983004, 17.992199, 0.0, 1.0, 0.0, 0.51044, 0.0, 0.0, 0.0, 1.0],
                [0.982886, 0.0, -0.184213, 0.691042, -0.184213, 0.0, -0.982886, 17.992199, 0.0, 1.0, 0.0, 0.511025, 0.0, 0.0, 0.0, 1.0],
                [0.982528, 0.0, -0.186116, 0.691042, -0.186116, 0.0, -0.982528, 17.992199, 0.0, 1.0, 0.0, 0.512789, 0.0, 0.0, 0.0, 1.0],
                [0.981919, 0.0, -0.189303, 0.691042, -0.189303, 0.0, -0.981919, 17.992199, 0.0, 1.0, 0.0, 0.515743, 0.0, 0.0, 0.0, 1.0],
                [0.981046, 0.0, -0.193773, 0.691042, -0.193773, 0.0, -0.981046, 17.992199, 0.0, 1.0, 0.0, 0.519888, 0.0, 0.0, 0.0, 1.0],
                [0.979895, 0.0, -0.199513, 0.691042, -0.199513, 0.0, -0.979895, 17.992199, 0.0, 1.0, 0.0, 0.525216, 0.0, 0.0, 0.0, 1.0],
                [0.978447, 0.0, -0.206498, 0.691042, -0.206498, 0.0, -0.978447, 17.992199, 0.0, 1.0, 0.0, 0.531702, 0.0, 0.0, 0.0, 1.0],
                [0.976684, 0.0, -0.214682, 0.691042, -0.214682, 0.0, -0.976684, 17.992199, 0.0, 1.0, 0.0, 0.539309, 0.0, 0.0, 0.0, 1.0],
                [0.974589, 0.0, -0.224002, 0.691042, -0.224002, 0.0, -0.974589, 17.992199, 0.0, 1.0, 0.0, 0.547983, 0.0, 0.0, 0.0, 1.0],
                [0.972147, 0.0, -0.234374, 0.691042, -0.234374, 0.0, -0.972147, 17.992199, 0.0, 1.0, 0.0, 0.55765, 0.0, 0.0, 0.0, 1.0],
                [0.969348, 0.0, -0.24569, 0.691042, -0.24569, 0.0, -0.969348, 17.992199, 0.0, 1.0, 0.0, 0.568218, 0.0, 0.0, 0.0, 1.0],
                [0.966192, 0.0, -0.257823, 0.691042, -0.257823, 0.0, -0.966192, 17.992199, 0.0, 1.0, 0.0, 0.579575, 0.0, 0.0, 0.0, 1.0],
                [0.962685, 0.0, -0.270626, 0.691042, -0.270626, 0.0, -0.962685, 17.992199, 0.0, 1.0, 0.0, 0.59159, 0.0, 0.0, 0.0, 1.0],
                [0.958845, 0.0, -0.28393, 0.691042, -0.28393, 0.0, -0.958845, 17.992199, 0.0, 1.0, 0.0, 0.604114, 0.0, 0.0, 0.0, 1.0],
                [0.954704, 0.0, -0.297557, 0.691042, -0.297557, 0.0, -0.954704, 17.992199, 0.0, 1.0, 0.0, 0.616987, 0.0, 0.0, 0.0, 1.0],
                [0.950306, 0.0, -0.311317, 0.691042, -0.311317, 0.0, -0.950306, 17.992199, 0.0, 1.0, 0.0, 0.630037, 0.0, 0.0, 0.0, 1.0],
                [0.945708, 0.0, -0.325018, 0.691042, -0.325018, 0.0, -0.945708, 17.992199, 0.0, 1.0, 0.0, 0.643087, 0.0, 0.0, 0.0, 1.0],
                [0.940976, 0.0, -0.338472, 0.691042, -0.338472, 0.0, -0.940976, 17.992199, 0.0, 1.0, 0.0, 0.65596, 0.0, 0.0, 0.0, 1.0],
                [0.936188, 0.0, -0.351499, 0.691042, -0.351499, 0.0, -0.936188, 17.992199, 0.0, 1.0, 0.0, 0.668485, 0.0, 0.0, 0.0, 1.0],
                [0.931425, 0.0, -0.363934, 0.691042, -0.363934, 0.0, -0.931425, 17.992199, 0.0, 1.0, 0.0, 0.6805, 0.0, 0.0, 0.0, 1.0],
                [0.92677, 0.0, -0.37563, 0.691042, -0.37563, 0.0, -0.92677, 17.992199, 0.0, 1.0, 0.0, 0.691856, 0.0, 0.0, 0.0, 1.0],
                [0.922306, 0.0, -0.386459, 0.691042, -0.386459, 0.0, -0.922306, 17.992199, 0.0, 1.0, 0.0, 0.702424, 0.0, 0.0, 0.0, 1.0],
                [0.918113, 0.0, -0.396319, 0.691042, -0.396319, 0.0, -0.918113, 17.992199, 0.0, 1.0, 0.0, 0.712092, 0.0, 0.0, 0.0, 1.0],
                [0.914261, 0.0, -0.405125, 0.691042, -0.405125, 0.0, -0.914261, 17.992199, 0.0, 1.0, 0.0, 0.720765, 0.0, 0.0, 0.0, 1.0],
                [0.910814, 0.0, -0.412817, 0.691042, -0.412817, 0.0, -0.910814, 17.992199, 0.0, 1.0, 0.0, 0.728373, 0.0, 0.0, 0.0, 1.0],
                [0.907825, 0.0, -0.41935, 0.691042, -0.41935, 0.0, -0.907825, 17.992199, 0.0, 1.0, 0.0, 0.734859, 0.0, 0.0, 0.0, 1.0],
                [0.905334, 0.0, -0.424699, 0.691042, -0.424699, 0.0, -0.905334, 17.992199, 0.0, 1.0, 0.0, 0.740186, 0.0, 0.0, 0.0, 1.0],
                [0.903375, 0.0, -0.428851, 0.691042, -0.428851, 0.0, -0.903375, 17.992199, 0.0, 1.0, 0.0, 0.744332, 0.0, 0.0, 0.0, 1.0],
                [0.901967, 0.0, -0.431804, 0.691042, -0.431804, 0.0, -0.901967, 17.992199, 0.0, 1.0, 0.0, 0.747286, 0.0, 0.0, 0.0, 1.0],
                [0.901122, 0.0, -0.433565, 0.691042, -0.433565, 0.0, -0.901122, 17.992199, 0.0, 1.0, 0.0, 0.74905, 0.0, 0.0, 0.0, 1.0],
                [0.900842, 0.0, -0.434148, 0.691042, -0.434148, 0.0, -0.900842, 17.992199, 0.0, 1.0, 0.0, 0.749635, 0.0, 0.0, 0.0, 1.0]
            ]
        },
        {
            "name": "Thigh_R",
            "time": [0.0, 0.0167, 0.0333, 0.05, 0.0667, 0.0833, 0.1, 0.1167, 0.1333, 0.15, 0.1667, 0.1833, 0.2, 0.2167, 0.2333, 0.25, 0.2667, 0.2833, 0.3, 0.3167, 0.3333, 0.35, 0.3667, 0.3833, 0.4, 0.4167, 0.4333, 0.45, 0.4667, 0.4833, 0.5, 0.5167, 0.5333, 0.55, 0.5667, 0.5833, 0.6, 0.6167, 0.6333, 0.65, 0.6667, 0.6833, 0.7, 0.7167, 0.7333, 0.75, 0.7667, 0.7833, 0.8, 0.8167, 0.8333, 0.85, 0.8667, 0.8833, 0.9, 0.9167, 0.9333, 0.95, 0.9667, 0.9833, 1.0, 1.0167, 1.0333, 1.05, 1.0667, 1.0833, 1.1, 1.1167, 1.1333, 1.15, 1.1667, 1.1833, 1.2, 1.2167, 1.2333, 1.25, 1.2667, 1.2833, 1.3, 1.3167, 1.3333, 1.35, 1.3667, 1.3833, 1.4, 1.4167, 1.4333, 1.45, 1.4667, 1.4833, 1.5, 1.5167, 1.5333, 1.55, 1.5667, 1.5833, 1.6, 1.6167, 1.6333, 1.65, 1.6667, 1.6833, 1.7, 1.7167, 1.7333, 1.75, 1.7667, 1.7833, 1.8, 1.8167, 1.8333, 1.85, 1.8667, 1.8833, 1.9, 1.9167, 1.9333, 1.95, 1.9667, 1.9833, 2.0, 2.0167, 2.0333, 2.05, 2.0667, 2.0833, 2.1, 2.1167, 2.1333, 2.15, 2.1667, 2.1833, 2.2, 2.2167, 2.2333, 2.25, 2.2667, 2.2833, 2.3, 2.3167, 2.3333, 2.35, 2.3667, 2.3833, 2.4, 2.4167, 2.4333, 2.45, 2.4667, 2.4833, 2.5, 2.5167, 2.5333, 2.55, 2.5667, 2.5833, 2.6, 2.6167, 2.6333, 2.65, 2.6667, 2.6833, 2.7, 2.7167, 2.7333, 2.75, 2.7667, 2.7833, 2.8, 2.8167, 2.8333, 2.85, 2.8667, 2.8833, 2.9, 2.9167, 2.9333, 2.95, 2.9667, 2.9833, 3.0, 3.0167, 3.0333, 3.05, 3.0667, 3.0833, 3.1, 3.1167, 3.1333, 3.15, 3.1667, 3.1833, 3.2, 3.2167, 3.2333, 3.25, 3.2667, 3.2833, 3.3, 3.3167, 3.3333, 3.35, 3.3667, 3.3833, 3.4, 3.4167, 3.4333, 3.45, 3.4667, 3.4833, 3.5, 3.5167, 3.5333, 3.55, 3.5667, 3.5833, 3.6, 3.6167, 3.6333, 3.65, 3.6667, 3.6833, 3.7, 3.7167, 3.7333, 3.75, 3.7667, 3.7833, 3.8, 3.8167, 3.8333, 3.85, 3.8667, 3.8833, 3.9, 3.9167, 3.9333, 3.95, 3.9667, 3.9833, 4.0],
            "transform": [
                [0.941275, 0.337433, 0.011744, 0.124994, 0.3309, -0.928835, 0.166615, -0.002831, 0.067132, -0.152922, -0.985923, -1.2e-05, 0.0, 0.0, 0.0, 1.0],
                [0.941275, 0.337433, 0.011744, 0.124994, 0.3309, -0.928835, 0.166615, -0.002831, 0.067132, -0.152922, -0.985923, -1.2e-05, 0.0, 0.0, 0.0, 1.0],
                [0.941275, 0.337433, 0.011744, 0.124994, 0.3309, -0.928835, 0.166615, -0.002831, 0.067132, -0.152922, -0.985923, -1.2e-05, 0.0, 0.0, 0.0, 1.0],
                [0.941275, 0.337433, 0.011744, 0.124994, 0.3309, -0.928835, 0.166615, -0.002831, 0.067132, -0.152922, -0.985923, -1.2e-05, 0.0, 0.0, 0.0, 1.0],
                [0.941275, 0.337433, 0.011744, 0.124994, 0.3309, -0.928835, 0.166615, -0.002831, 0.067132, -0.152922, -0.985923, -1.2e-05, 0.0, 0.0, 0.0, 1.0],
                [0.941275, 0.337433, 0.011744, 0.124994, 0.3309, -0.928835, 0.166615, -0.002831, 0.067132, -0.152922, -0.985923, -1.2e-05, 0.0, 0.0, 0.0, 1.0],
                [0.941275, 0.337433, 0.011744, 0.124994, 0.3309, -0.928835, 0.166615, -0.002831, 0.067132, -0.152922, -0.985923, -1.2e-05, 0.0, 0.0, 0.0, 1.0],
                [0.941275, 0.337433, 0.011744, 0.124994, 0.3309, -0.928835, 0.166615, -0.002831, 0.067132, -0.152922, -0.985923, -1.2e-05, 0.0, 0.0, 0.0, 1.0],
                [0.941275, 0.337433, 0.011744, 0.124994, 0.3309, -0.928835, 0.166615, -0.002831, 0.067132, -0.152922, -0.985923, -1.2e-05, 0.0, 0.0, 0.0, 1.0],
                [0.941275, 0.337433, 0.011744, 0.124994, 0.3309, -0.928835, 0.166615, -0.002831, 0.067132, -0.152922, -0.985923, -1.2e-05, 0.0, 0.0, 0.0, 1.0],
                [0.941275, 0.337433, 0.011744, 0.124994, 0.3309, -0.928835, 0.166615, -0.002831, 0.067132, -0.152922, -0.985923, -1.2e-05, 0.0, 0.0, 0.0, 1.0],
                [0.941275, 0.337433, 0.011744, 0.124994, 0.3309, -0.928835, 0.166615, -0.002831, 0.067132, -0.152922, -0.985923, -1.2e-05, 0.0, 0.0, 0.0, 1.0],
                [0.941275, 0.337433, 0.011744, 0.124994, 0.3309, -0.928835, 0.166615, -0.002831, 0.067132, -0.152922, -0.985923, -1.2e-05, 0.0, 0.0, 0.0, 1.0],
                [0.941275, 0.337433, 0.011744, 0.124994, 0.3309, -0.928835, 0.166615, -0.002831, 0.067132, -0.152922, -0.985923, -1.2e-05, 0.0, 0.0, 0.0, 1.0],
                [0.941275, 0.337433, 0.011744, 0.124994, 0.3309, -0.928835, 0.166615, -0.002831, 0.067132, -0.152922, -0.985923, -1.2e-05, 0.0, 0.0, 0.0, 1.0],
                [0.941275, 0.337433, 0.011744, 0.124994, 0.3309, -0.928835, 0.166615, -0.002831, 0.067132, -0.152922, -0.985923, -1.2e-05, 0.0, 0.0, 0.0, 1.0],
                [0.941275, 0.337433, 0.011744, 0.124994, 0.3309, -0.928835, 0.166615, -0.002831, 0.067132, -0.152922, -0.985923, -1.2e-05, 0.0, 0.0, 0.0, 1.0],
                [0.941275, 0.337433, 0.011744, 0.124994, 0.3309, -0.928835, 0.166615, -0.002831, 0.067132, -0.152922, -0.985923, -1.2e-05, 0.0, 0.0, 0.0, 1.0],
                [0.941275, 0.337433, 0.011744, 0.124994, 0.3309, -0.928835, 0.166615, -0.002831, 0.067132, -0.152922, -0.985923, -1.2e-05, 0.0, 0.0, 0.0, 1.0],
