{
    "animation": [
        {
            "name": "Root",
            "time": [0.0, 0.0167, 0.0333, 0.05, 0.0667, 0.0833, 0.1, 0.1167, 0.1333, 0.15, 0.1667, 0.1833, 0.2],
            "transform": [
                [0.900842, 0.0, -0.434148, -5e-06, -0.434148, 0.0, -0.900842, -0.015222, 0.0, 1.0, 0.0, 0.442474, 0.0, 0.0, 0.0, 1.0],
                [0.900842, 0.0, -0.434148, -5e-06, -0.434148, 0.0, -0.900842, -0.015436, 0.0, 1.0, 0.0, 0.446811, 0.0, 0.0, 0.0, 1.0],
                [0.900842, 0.0, -0.434148, -5e-06, -0.434148, 0.0, -0.900842, -0.016082, 0.0, 1.0, 0.0, 0.459904, 0.0, 0.0, 0.0, 1.0],
                [0.900842, 0.0, -0.434148, -5e-06, -0.434148, 0.0, -0.900842, -0.017148, 0.0, 1.0, 0.0, 0.481492, 0.0, 0.0, 0.0, 1.0],
                [0.900842, 0.0, -0.434148, -5e-06, -0.434148, 0.0, -0.900842, -0.018587, 0.0, 1.0, 0.0, 0.51063, 0.0, 0.0, 0.0, 1.0],
                [0.900842, 0.0, -0.434148, -5e-06, -0.434148, 0.0, -0.900842, -0.02031, 0.0, 1.0, 0.0, 0.545523, 0.0, 0.0, 0.0, 1.0],
                [0.900842, 0.0, -0.434148, -5e-06, -0.434148, 0.0, -0.900842, -0.022187, 0.0, 1.0, 0.0, 0.583553, 0.0, 0.0, 0.0, 1.0],
                [0.900842, 0.0, -0.434148, -5e-06, -0.434148, 0.0, -0.900842, -0.024065, 0.0, 1.0, 0.0, 0.621583, 0.0, 0.0, 0.0, 1.0],
                [0.900842, 0.0, -0.434148, -5e-06, -0.434148, 0.0, -0.900842, -0.025788, 0.0, 1.0, 0.0, 0.656476, 0.0, 0.0, 0.0, 1.0],
                [0.900842, 0.0, -0.434148, -5e-06, -0.434148, 0.0, -0.900842, -0.027227, 0.0, 1.0, 0.0, 0.685614, 0.0, 0.0, 0.0, 1.0],
                [0.900842, 0.0, -0.434148, -5e-06, -0.434148, 0.0, -0.900842, -0.028293, 0.0, 1.0, 0.0, 0.707203, 0.0, 0.0, 0.0, 1.0],
                [0.900842, 0.0, -0.434148, -5e-06, -0.434148, 0.0, -0.900842, -0.028939, 0.0, 1.0, 0.0, 0.720295, 0.0, 0.0, 0.0, 1.0],
                [0.900842, 0.0, -0.434148, -5e-06, -0.434148, 0.0, -0.900842, -0.029153, 0.0, 1.0, 0.0, 0.724632, 0.0, 0.0, 0.0, 1.0],
                [0.900842, 0.0, -0.434148, -5e-06, -0.434148, 0.0, -0.900842, -0.029153, 0.0, 1.0, 0.0, 0.724632, 0.0, 0.0, 0.0, 1.0]
            ]
        },
        {
            "name": "Thigh_R",
            "time": [0.0, 0.0167, 0.0333, 0.05, 0.0667, 0.0833, 0.1, 0.1167, 0.1333, 0.15, 0.1667, 0.1833, 0.2],
            "transform": [
                [0.928415, 0.370523, 0.027457, 0.086814, 0.32636, -0.848598, 0.416365, -0.002831, 0.17758, -0.377578, -0.908756, -0.089074, 0.0, 0.0, 0.0, 1.0],
                [0.930736, 0.364617, 0.027946, 0.086814, 0.320797, -0.850769, 0.416259, -0.002831, 0.175557, -0.378441, -0.90879, -0.089074, 0.0, 0.0, 0.0, 1.0],
                [0.937175, 0.347589, 0.0297, 0.086814, 0.30473, -0.857096, 0.41535, -0.002831, 0.169833, -0.380185, -0.909149, -0.089074, 0.0, 0.0, 0.0, 1.0],
                [0.946182, 0.321894, 0.033463, 0.086814, 0.280432, -0.867093, 0.411701, -0.002831, 0.161545, -0.38014, -0.910676, -0.089074, 0.0, 0.0, 0.0, 1.0],
                [0.95582, 0.291241, 0.039817, 0.086814, 0.2514, -0.880115, 0.402724, -0.002831, 0.152339, -0.374902, -0.914426, -0.089074, 0.0, 0.0, 0.0, 1.0],
                [0.964531, 0.259366, 0.049074, 0.086814, 0.221357, -0.896006, 0.384924, -0.002831, 0.143812, -0.36039, -0.921613, -0.089074, 0.0, 0.0, 0.0, 1.0],
                [0.971516, 0.229058, 0.060731, 0.086814, 0.193331, -0.914323, 0.355851, -0.002831, 0.137043, -0.333956, -0.932536, -0.089074, 0.0, 0.0, 0.0, 1.0],
                [0.976643, 0.201784, 0.073819, 0.086814, 0.169221, -0.934067, 0.31445, -0.002831, 0.132408, -0.294598, -0.946366, -0.089074, 0.0, 0.0, 0.0, 1.0],
                [0.980163, 0.178046, 0.087063, 0.086814, 0.149867, -0.953282, 0.26228, -0.002831, 0.129698, -0.244015, -0.961022, -0.089074, 0.0, 0.0, 0.0, 1.0],
                [0.982441, 0.157982, 0.099251, 0.086814, 0.135371, -0.969671, 0.203495, -0.002831, 0.128394, -0.186473, -0.973996, -0.089074, 0.0, 0.0, 0.0, 1.0],
                [0.983816, 0.141973, 0.109305, 0.086814, 0.125462, -0.981378, 0.145444, -0.002831, 0.127924, -0.129365, -0.983273, -0.089074, 0.0, 0.0, 0.0, 1.0],
                [0.98454, 0.131125, 0.116129, 0.086814, 0.119756, -0.987752, 0.100019, -0.002831, 0.127826, -0.084555, -0.988148, -0.089074, 0.0, 0.0, 0.0, 1.0],
                [0.984763, 0.12719, 0.11859, 0.086814, 0.117912, -0.989611, 0.082252, -0.002831, 0.127824, -0.067006, -0.989493, -0.089074, 0.0, 0.0, 0.0, 1.0],
                [0.984763, 0.12719, 0.11859, 0.086814, 0.117912, -0.989611, 0.082252, -0.002831, 0.127824, -0.067006, -0.989493, -0.089074, 0.0, 0.0, 0.0, 1.0]
            ]
        },
        {
            "name": "Leg_R",
            "time": [0.0, 0.0167, 0.0333, 0.05, 0.0667, 0.0833, 0.1, 0.1167, 0.1333, 0.15, 0.1667, 0.1833, 0.2],
            "transform": [
                [0.999999, -0.001108, -0.001383, 0.0, 0.001222, -0.134299, 0.990926, 0.375166, -0.001284, -0.990956, -0.134289, -0.0, 0.0, 0.0, 0.0, 1.0],
                [0.999998, -0.00111, -0.001371, 0.0, 0.001224, -0.123493, 0.99233, 0.375166, -0.001271, -0.99236, -0.123483, -0.0, 0.0, 0.0, 0.0, 1.0],
                [0.999999, -0.001114, -0.001334, -0.0, 0.001228, -0.089972, 0.995929, 0.375166, -0.001229, -0.99596, -0.089963, -0.0, 0.0, 0.0, 0.0, 1.0],
                [0.999998, -0.001118, -0.001269, 0.0, 0.001233, -0.031491, 0.999489, 0.375166, -0.001157, -0.999521, -0.031482, -0.0, 0.0, 0.0, 0.0, 1.0],
                [0.999999, -0.001117, -0.001174, 0.0, 0.001232, 0.052973, 0.99858, 0.375166, -0.001053, -0.998614, 0.052983, 0.0, 0.0, 0.0, 0.0, 1.0],
                [0.999999, -0.001103, -0.001051, 0.0, 0.001217, 0.163096, 0.986594, 0.375166, -0.000917, -0.98663, 0.163107, 0.0, 0.0, 0.0, 0.0, 1.0],
                [0.999999, -0.001069, -0.000905, -0.0, 0.001179, 0.293918, 0.955814, 0.375166, -0.000756, -0.955851, 0.293931, 0.0, 0.0, 0.0, 0.0, 1.0],
                [0.999999, -0.001006, -0.000745, 0.0, 0.00111, 0.436294, 0.899787, 0.375166, -0.00058, -0.899825, 0.436307, 0.0, 0.0, 0.0, 0.0, 1.0],
                [1.0, -0.000913, -0.000588, 0.0, 0.001007, 0.576954, 0.816758, 0.375166, -0.000407, -0.816796, 0.576967, -0.0, 0.0, 0.0, 0.0, 1.0],
                [1.0, -0.000797, -0.000449, -0.0, 0.000879, 0.701776, 0.712378, 0.375166, -0.000253, -0.712414, 0.701788, -0.0, 0.0, 0.0, 0.0, 1.0],
                [1.0, -0.000673, -0.00034, -0.0, 0.000742, 0.798638, 0.601794, 0.375166, -0.000133, -0.601824, 0.798648, 0.0, 0.0, 0.0, 0.0, 1.0],
                [1.0, -0.000572, -0.000273, 0.0, 0.000631, 0.859145, 0.511717, 0.375166, -5.9e-05, -0.511742, 0.859152, 0.0, 0.0, 0.0, 0.0, 1.0],
                [1.0, -0.000532, -0.00025, 0.0, 0.000587, 0.879501, 0.475883, 0.375166, -3.4e-05, -0.475906, 0.879507, 0.0, 0.0, 0.0, 0.0, 1.0],
                [1.0, -0.000532, -0.00025, 0.0, 0.000587, 0.879501, 0.475883, 0.375166, -3.4e-05, -0.475906, 0.879507, 0.0, 0.0, 0.0, 0.0, 1.0]
            ]
        },
        {
            "name": "Knee_R",
            "time": [0.0, 0.0167, 0.0333, 0.05, 0.0667, 0.0833, 0.1, 0.1167, 0.1333, 0.15, 0.1667, 0.1833, 0.2],
            "transform": [
                [1.0, -5.7e-05, 5.4e-05, 0.0, 5.7e-05, 0.048757, -0.998811, 0.375166, 5.4e-05, 0.998811, 0.048757, -0.0, 0.0, 0.0, 0.0, 1.0],
                [1.0, -5.7e-05, 5.4e-05, 0.0, 5.7e-05, 0.048757, -0.998811, 0.375166, 5.4e-05, 0.998811, 0.048757, -0.0, 0.0, 0.0, 0.0, 1.0],
                [1.0, -5.7e-05, 5.4e-05, -0.0, 5.7e-05, 0.048757, -0.998811, 0.375166, 5.4e-05, 0.998811, 0.048757, -0.0, 0.0, 0.0, 0.0, 1.0],
                [1.0, -5.7e-05, 5.4e-05, 0.0, 5.7e-05, 0.048757, -0.998811, 0.375166, 5.4e-05, 0.998811, 0.048757, -0.0, 0.0, 0.0, 0.0, 1.0],
                [1.0, -5.7e-05, 5.4e-05, 0.0, 5.7e-05, 0.048757, -0.998811, 0.375166, 5.4e-05, 0.998811, 0.048757, 0.0, 0.0, 0.0, 0.0, 1.0],
                [1.0, -5.7e-05, 5.4e-05, 0.0, 5.7e-05, 0.048757, -0.998811, 0.375166, 5.4e-05, 0.998811, 0.048757, 0.0, 0.0, 0.0, 0.0, 1.0],
                [1.0, -5.7e-05, 5.4e-05, -0.0, 5.7e-05, 0.048757, -0.998811, 0.375166, 5.4e-05, 0.998811, 0.048757, 0.0, 0.0, 0.0, 0.0, 1.0],
                [1.0, -5.7e-05, 5.4e-05, 0.0, 5.7e-05, 0.048757, -0.998811, 0.375166, 5.4e-05, 0.998811, 0.048757, 0.0, 0.0, 0.0, 0.0, 1.0],
                [1.0, -5.7e-05, 5.4e-05, 0.0, 5.7e-05, 0.048757, -0.998811, 0.375166, 5.4e-05, 0.998811, 0.048757, -0.0, 0.0, 0.0, 0.0, 1.0],
                [1.0, -5.7e-05, 5.4e-05, -0.0, 5.7e-05, 0.048757, -0.998811, 0.375166, 5.4e-05, 0.998811, 0.048757, -0.0, 0.0, 0.0, 0.0, 1.0],
                [1.0, -5.7e-05, 5.4e-05, -0.0, 5.7e-05, 0.048757, -0.998811, 0.375166, 5.4e-05, 0.998811, 0.048757, 0.0, 0.0, 0.0, 0.0, 1.0],
                [1.0, -5.7e-05, 5.4e-05, 0.0, 5.7e-05, 0.048757, -0.998811, 0.375166, 5.4e-05, 0.998811, 0.048757, 0.0, 0.0, 0.0, 0.0, 1.0],
                [1.0, -5.7e-05, 5.4e-05, 0.0, 5.7e-05, 0.048757, -0.998811, 0.375166, 5.4e-05, 0.998811, 0.048757, 0.0, 0.0, 0.0, 0.0, 1.0],
                [1.0, -5.7e-05, 5.4e-05, 0.0, 5.7e-05, 0.048757, -0.998811, 0.375166, 5.4e-05, 0.998811, 0.048757, 0.0, 0.0, 0.0, 0.0, 1.0]
            ]
        },
        {
            "name": "Thigh_L",
            "time": [0.0, 0.0167, 0.0333, 0.05, 0.0667, 0.0833, 0.1, 0.1167, 0.1333, 0.15, 0.1667, 0.1833, 0.2],
            "transform": [
                [0.954746, -0.290556, -0.063505, -0.079866, 0.001278, -0.209541, 0.977776, -0.002831, -0.297419, -0.933613, -0.199657, 0.048354, 0.0, 0.0, 0.0, 1.0],
                [0.954758, -0.290647, -0.062917, -0.079866, 0.000604, -0.209704, 0.977742, -0.002831, -0.297385, -0.933549, -0.200011, 0.048354, 0.0, 0.0, 0.0, 1.0],
                [0.9548, -0.290879, -0.061181, -0.079866, -0.001438, -0.210375, 0.977597, -0.002831, -0.297247, -0.933325, -0.201254, 0.048354, 0.0, 0.0, 0.0, 1.0],
                [0.954896, -0.291125, -0.058445, -0.079866, -0.004833, -0.212066, 0.97722, -0.002831, -0.296901, -0.932866, -0.203878, 0.048354, 0.0, 0.0, 0.0, 1.0],
                [0.95508, -0.291196, -0.054983, -0.079866, -0.009484, -0.215507, 0.976432, -0.002831, -0.296196, -0.932056, -0.208557, 0.048354, 0.0, 0.0, 0.0, 1.0],
                [0.955383, -0.290896, -0.051178, -0.079866, -0.015194, -0.221472, 0.975024, -0.002831, -0.294978, -0.930751, -0.21598, 0.048354, 0.0, 0.0, 0.0, 1.0],
                [0.95582, -0.290121, -0.047285, -0.079866, -0.021651, -0.229936, 0.97294, -0.002831, -0.293156, -0.92894, -0.226027, 0.048354, 0.0, 0.0, 0.0, 1.0],
                [0.95637, -0.288879, -0.043616, -0.079866, -0.028422, -0.240609, 0.97018, -0.002831, -0.290773, -0.926622, -0.23829, 0.048354, 0.0, 0.0, 0.0, 1.0],
                [0.956979, -0.287332, -0.040356, -0.079866, -0.034987, -0.252371, 0.966972, -0.002831, -0.28804, -0.923971, -0.251534, 0.048354, 0.0, 0.0, 0.0, 1.0],
                [0.957567, -0.285734, -0.037679, -0.079866, -0.040785, -0.26379, 0.963691, -0.002831, -0.285311, -0.921274, -0.264218, 0.048354, 0.0, 0.0, 0.0, 1.0],
                [0.95805, -0.284375, -0.035639, -0.079866, -0.045299, -0.273063, 0.960902, -0.002831, -0.283001, -0.91899, -0.274457, 0.048354, 0.0, 0.0, 0.0, 1.0],
                [0.958362, -0.283476, -0.034374, -0.079866, -0.048138, -0.279066, 0.959038, -0.002831, -0.281469, -0.917464, -0.281059, 0.048354, 0.0, 0.0, 0.0, 1.0],
                [0.958469, -0.283165, -0.033949, -0.079866, -0.049097, -0.281119, 0.958389, -0.002831, -0.280939, -0.916933, -0.283313, 0.048354, 0.0, 0.0, 0.0, 1.0],
                [0.958469, -0.283165, -0.033949, -0.079866, -0.049097, -0.281119, 0.958389, -0.002831, -0.280939, -0.916933, -0.283313, 0.048354, 0.0, 0.0, 0.0, 1.0]
            ]
        },
        {
            "name": "Leg_L",
            "time": [0.0, 0.0167, 0.0333, 0.05, 0.0667, 0.0833, 0.1, 0.1167, 0.1333, 0.15, 0.1667, 0.1833, 0.2],
            "transform": [
                [1.0, 2e-06, 3e-06, 0.0, -3e-06, -0.161015, 0.986935, 0.375166, 3e-06, -0.986969, -0.161006, 0.0, 0.0, 0.0, 0.0, 1.0],
                [1.0, 2e-06, 3e-06, 0.0, -3e-06, -0.155486, 0.987821, 0.375166, 3e-06, -0.987856, -0.155476, 0.0, 0.0, 0.0, 0.0, 1.0],
                [1.0, 2e-06, 3e-06, 0.0, -3e-06, -0.138608, 0.99033, 0.375166, 3e-06, -0.990365, -0.138598, -0.0, 0.0, 0.0, 0.0, 1.0],
                [1.0, 2e-06, 3e-06, 0.0, -3e-06, -0.110175, 0.993895, 0.375166, 3e-06, -0.993931, -0.110166, 0.0, 0.0, 0.0, 0.0, 1.0],
                [1.0, 2e-06, 3e-06, -0.0, -3e-06, -0.070583, 0.997488, 0.375166, 3e-06, -0.997526, -0.070573, 0.0, 0.0, 0.0, 0.0, 1.0],
                [1.0, 2e-06, 3e-06, -0.0, -3e-06, -0.021156, 0.999758, 0.375166, 2e-06, -0.999797, -0.021146, -0.0, 0.0, 0.0, 0.0, 1.0],
                [1.0, 2e-06, 3e-06, -0.0, -3e-06, 0.034721, 0.999379, 0.375166, 2e-06, -0.999419, 0.034732, 0.0, 0.0, 0.0, 0.0, 1.0],
                [1.0, 2e-06, 3e-06, 0.0, -3e-06, 0.092926, 0.995654, 0.375166, 2e-06, -0.995696, 0.092937, -0.0, 0.0, 0.0, 0.0, 1.0],
                [1.0, 2e-06, 3e-06, 0.0, -3e-06, 0.148376, 0.988912, 0.375166, 2e-06, -0.988955, 0.148388, 0.0, 0.0, 0.0, 0.0, 1.0],
                [1.0, 2e-06, 3e-06, -0.0, -3e-06, 0.196394, 0.980506, 0.375166, 2e-06, -0.980549, 0.196407, -0.0, 0.0, 0.0, 0.0, 1.0],
                [1.0, 2e-06, 3e-06, 0.0, -3e-06, 0.232721, 0.972524, 0.375166, 2e-06, -0.972568, 0.232733, 0.0, 0.0, 0.0, 0.0, 1.0],
                [1.0, 2e-06, 2e-06, -0.0, -3e-06, 0.255116, 0.966891, 0.375166, 2e-06, -0.966935, 0.255129, 0.0, 0.0, 0.0, 0.0, 1.0],
                [1.0, 2e-06, 2e-06, 0.0, -3e-06, 0.262594, 0.964887, 0.375166, 2e-06, -0.964931, 0.262608, -0.0, 0.0, 0.0, 0.0, 1.0],
                [1.0, 2e-06, 2e-06, 0.0, -3e-06, 0.262594, 0.964887, 0.375166, 2e-06, -0.964931, 0.262608, -0.0, 0.0, 0.0, 0.0, 1.0]
            ]
        },
        {
            "name": "Knee_L",
            "time": [0.0, 0.0167, 0.0333, 0.05, 0.0667, 0.0833, 0.1, 0.1167, 0.1333, 0.15, 0.1667, 0.1833, 0.2],
            "transform": [
                [1.0, 0.0, -0.0, 0.0, -0.0, 0.048757, -0.998811, 0.375166, -0.0, 0.998811, 0.048757, 0.0, 0.0, 0.0, 0.0, 1.0],
                [1.0, 0.0, -0.0, 0.0, -0.0, 0.048757, -0.998811, 0.375166, -0.0, 0.998811, 0.048757, 0.0, 0.0, 0.0, 0.0, 1.0],
                [1.0, 0.0, -0.0, 0.0, -0.0, 0.048757, -0.998811, 0.375166, -0.0, 0.998811, 0.048757, -0.0, 0.0, 0.0, 0.0, 1.0],
                [1.0, 0.0, -0.0, 0.0, -0.0, 0.048757, -0.998811, 0.375166, -0.0, 0.998811, 0.048757, 0.0, 0.0, 0.0, 0.0, 1.0],
                [1.0, 0.0, -0.0, -0.0, -0.0, 0.048757, -0.998811, 0.375166, -0.0, 0.998811, 0.048757, 0.0, 0.0, 0.0, 0.0, 1.0],
                [1.0, 0.0, -0.0, -0.0, -0.0, 0.048757, -0.998811, 0.375166, -0.0, 0.998811, 0.048757, -0.0, 0.0, 0.0, 0.0, 1.0],
                [1.0, 0.0, -0.0, -0.0, -0.0, 0.048757, -0.998811, 0.375166, -0.0, 0.998811, 0.048757, 0.0, 0.0, 0.0, 0.0, 1.0],
                [1.0, 0.0, -0.0, 0.0, -0.0, 0.048757, -0.998811, 0.375166, -0.0, 0.998811, 0.048757, -0.0, 0.0, 0.0, 0.0, 1.0],
                [1.0, 0.0, -0.0, 0.0, -0.0, 0.048757, -0.998811, 0.375166, -0.0, 0.998811, 0.048757, 0.0, 0.0, 0.0, 0.0, 1.0],
                [1.0, 0.0, -0.0, -0.0, -0.0, 0.048757, -0.998811, 0.375166, -0.0, 0.998811, 0.048757, -0.0, 0.0, 0.0, 0.0, 1.0],
                [1.0, 0.0, -0.0, 0.0, -0.0, 0.048757, -0.998811, 0.375166, -0.0, 0.998811, 0.048757, 0.0, 0.0, 0.0, 0.0, 1.0],
                [1.0, 0.0, -0.0, -0.0, -0.0, 0.048757, -0.998811, 0.375166, -0.0, 0.998811, 0.048757, 0.0, 0.0, 0.0, 0.0, 1.0],
                [1.0, 0.0, -0.0, 0.0, -0.0, 0.048757, -0.998811, 0.375166, -0.0, 0.998811, 0.048757, -0.0, 0.0, 0.0, 0.0, 1.0],
                [1.0, 0.0, -0.0, 0.0, -0.0, 0.048757, -0.998811, 0.375166, -0.0, 0.998811, 0.048757, -0.0, 0.0, 0.0, 0.0, 1.0]
            ]
        },
        {
            "name": "Torso",
            "time": [0.0, 0.0167, 0.0333, 0.05, 0.0667, 0.0833, 0.1, 0.1167, 0.1333, 0.15, 0.1667, 0.1833, 0.2],
            "transform": [
                [0.961004, -0.276377, -0.009328, 0.0, 0.271686, 0.937331, 0.21817, 0.05, -0.051554, -0.212196, 0.975866, -0.0, 0.0, 0.0, 0.0, 1.0],
                [0.961593, -0.274337, -0.008858, 0.0, 0.269826, 0.938877, 0.213784, 0.05, -0.050332, -0.207964, 0.976841, -0.0, 0.0, 0.0, 0.0, 1.0],
                [0.963347, -0.268155, -0.007498, 0.0, 0.264165, 0.943406, 0.200504, 0.05, -0.046693, -0.195135, 0.979664, -0.0, 0.0, 0.0, 0.0, 1.0],
                [0.966161, -0.257883, -0.005442, 0.0, 0.254684, 0.950412, 0.178475, 0.05, -0.040853, -0.173821, 0.983929, -0.0, 0.0, 0.0, 0.0, 1.0],
                [0.9698, -0.243881, -0.003044, -0.0, 0.241616, 0.958939, 0.148517, 0.05, -0.033301, -0.144768, 0.988905, 0.0, 0.0, 0.0, 0.0, 1.0],
                [0.97391, -0.226935, -0.00075, 0.0, 0.225579, 0.967723, 0.112367, 0.05, -0.024775, -0.109605, 0.993666, 0.0, 0.0, 0.0, 0.0, 1.0],
                [0.978067, -0.208289, 0.001026, 0.0, 0.207664, 0.975493, 0.072723, 0.05, -0.016149, -0.070915, 0.997352, 0.0, 0.0, 0.0, 0.0, 1.0],
                [0.981876, -0.189512, 0.00204, 0.0, 0.189343, 0.981358, 0.032937, 0.05, -0.008244, -0.031954, 0.999455, 0.0, 0.0, 0.0, 0.0, 1.0],
                [0.985057, -0.172216, 0.002298, -0.0, 0.172224, 0.985051, -0.003592, 0.05, -0.001646, 0.003934, 0.999991, 0.0, 0.0, 0.0, 0.0, 1.0],
                [0.987476, -0.157755, 0.002023, 0.0, 0.157732, 0.986895, -0.034048, 0.05, 0.003375, 0.03394, 0.999418, -0.0, 0.0, 0.0, 0.0, 1.0],
                [0.989129, -0.147046, 0.001531, 0.0, 0.146896, 0.987534, -0.056552, 0.05, 0.006804, 0.056162, 0.998399, -0.0, 0.0, 0.0, 0.0, 1.0],
                [0.990072, -0.140558, 0.001115, 0.0, 0.140289, 0.987621, -0.070163, 0.05, 0.008761, 0.069623, 0.997535, -0.0, 0.0, 0.0, 0.0, 1.0],
                [0.990375, -0.138411, 0.000957, 0.0, 0.138095, 0.987601, -0.074666, 0.05, 0.009389, 0.074079, 0.997208, -0.0, 0.0, 0.0, 0.0, 1.0],
                [0.990375, -0.138411, 0.000957, 0.0, 0.138095, 0.987601, -0.074666, 0.05, 0.009389, 0.074079, 0.997208, -0.0, 0.0, 0.0, 0.0, 1.0]
            ]
        },
        {
            "name": "Chest",
            "time": [0.0, 0.0167, 0.0333, 0.05, 0.0667, 0.0833, 0.1, 0.1167, 0.1333, 0.15, 0.1667, 0.1833, 0.2],
            "transform": [
                [0.999476, 0.031909, 0.005435, -0.0, -0.030756, 0.88388, 0.466701, 0.304568, 0.010088, -0.466624, 0.884398, 0.0, 0.0, 0.0, 0.0, 1.0],
                [0.999476, 0.031909, 0.005435, 0.0, -0.030756, 0.88388, 0.466701, 0.304568, 0.010088, -0.466624, 0.884398, -0.0, 0.0, 0.0, 0.0, 1.0],
                [0.999476, 0.031909, 0.005435, -0.0, -0.030756, 0.88388, 0.466701, 0.304568, 0.010088, -0.466624, 0.884398, 0.0, 0.0, 0.0, 0.0, 1.0],
                [0.999476, 0.031909, 0.005435, 0.0, -0.030756, 0.88388, 0.466701, 0.304568, 0.010088, -0.466624, 0.884398, 0.0, 0.0, 0.0, 0.0, 1.0],
                [0.999476, 0.031909, 0.005435, -0.0, -0.030756, 0.88388, 0.466701, 0.304568, 0.010088, -0.466624, 0.884398, 0.0, 0.0, 0.0, 0.0, 1.0],
                [0.999476, 0.031909, 0.005435, 0.0, -0.030756, 0.88388, 0.466701, 0.304568, 0.010088, -0.466624, 0.884398, 0.0, 0.0, 0.0, 0.0, 1.0],
                [0.999476, 0.031909, 0.005435, -0.0, -0.030756, 0.88388, 0.466701, 0.304568, 0.010088, -0.466624, 0.884398, -0.0, 0.0, 0.0, 0.0, 1.0],
                [0.999476, 0.031909, 0.005435, -0.0, -0.030756, 0.88388, 0.466701, 0.304568, 0.010088, -0.466624, 0.884398, 0.0, 0.0, 0.0, 0.0, 1.0],
                [0.999476, 0.031909, 0.005435, -0.0, -0.030756, 0.88388, 0.466701, 0.304568, 0.010088, -0.466624, 0.884398, 0.0, 0.0, 0.0, 0.0, 1.0],
                [0.999476, 0.031909, 0.005435, -0.0, -0.030756, 0.88388, 0.466701, 0.304568, 0.010088, -0.466624, 0.884398, 0.0, 0.0, 0.0, 0.0, 1.0],
                [0.999476, 0.031909, 0.005435, 0.0, -0.030756, 0.88388, 0.466701, 0.304568, 0.010088, -0.466624, 0.884398, -0.0, 0.0, 0.0, 0.0, 1.0],
                [0.999476, 0.031909, 0.005435, -0.0, -0.030756, 0.88388, 0.466701, 0.304568, 0.010088, -0.466624, 0.884398, 0.0, 0.0, 0.0, 0.0, 1.0],
                [0.999476, 0.031909, 0.005435, -0.0, -0.030756, 0.88388, 0.466701, 0.304568, 0.010088, -0.466624, 0.884398, 0.0, 0.0, 0.0, 0.0, 1.0],
                [0.999476, 0.031909, 0.005435, -0.0, -0.030756, 0.88388, 0.466701, 0.304568, 0.010088, -0.466624, 0.884398, 0.0, 0.0, 0.0, 0.0, 1.0]
            ]
        },
        {
            "name": "Head",
            "time": [0.0, 0.0167, 0.0333, 0.05, 0.0667, 0.0833, 0.1, 0.1167, 0.1333, 0.15, 0.1667, 0.1833, 0.2],
            "transform": [
                [0.936148, 0.149059, 0.318446, 0.0, 0.189271, 0.549636, -0.813681, 0.403437, -0.296316, 0.821999, 0.486328, 0.0, 0.0, 0.0, 0.0, 1.0],
                [0.935432, 0.148741, 0.32069, -0.0, 0.189248, 0.555517, -0.809682, 0.403437, -0.298582, 0.818094, 0.4915, -0.0, 0.0, 0.0, 0.0, 1.0],
                [0.933302, 0.147651, 0.327332, -0.0, 0.189033, 0.573012, -0.797448, 0.403437, -0.305309, 0.806137, 0.506882, -0.0, 0.0, 0.0, 0.0, 1.0],
                [0.929895, 0.145444, 0.337849, -0.0, 0.188214, 0.601001, -0.776771, 0.403437, -0.316024, 0.785904, 0.531492, 0.0, 0.0, 0.0, 0.0, 1.0],
                [0.925515, 0.141727, 0.351191, -0.0, 0.186267, 0.637057, -0.747972, 0.403437, -0.329736, 0.757675, 0.563207, -0.0, 0.0, 0.0, 0.0, 1.0],
                [0.920623, 0.136294, 0.365893, -0.0, 0.182796, 0.677611, -0.71234, 0.403437, -0.345021, 0.72268, 0.59891, 0.0, 0.0, 0.0, 0.0, 1.0],
                [0.915744, 0.129342, 0.380372, 0.0, 0.177789, 0.718553, -0.672363, 0.403437, -0.360283, 0.683339, 0.635016, 0.0, 0.0, 0.0, 0.0, 1.0],
                [0.911349, 0.121508, 0.393292, -0.0, 0.171705, 0.756134, -0.631489, 0.403437, -0.374113, 0.643037, 0.668239, 0.0, 0.0, 0.0, 0.0, 1.0],
                [0.907742, 0.113699, 0.403828, 0.0, 0.165335, 0.787719, -0.593433, 0.403437, -0.385576, 0.605451, 0.696247, 0.0, 0.0, 0.0, 0.0, 1.0],
                [0.905037, 0.106816, 0.411701, -0.0, 0.159536, 0.812029, -0.561389, 0.403437, -0.394278, 0.573759, 0.717875, -0.0, 0.0, 0.0, 0.0, 1.0],
                [0.903211, 0.101546, 0.417011, -0.0, 0.155002, 0.828859, -0.537556, 0.403437, -0.400231, 0.550165, 0.732894, -0.0, 0.0, 0.0, 0.0, 1.0],
                [0.902175, 0.098291, 0.420022, -0.0, 0.152167, 0.838587, -0.523084, 0.403437, -0.40364, 0.535827, 0.741596, 0.0, 0.0, 0.0, 0.0, 1.0],
                [0.901844, 0.097204, 0.420985, -0.0, 0.151215, 0.841731, -0.518288, 0.403437, -0.404736, 0.531074, 0.744412, 0.0, 0.0, 0.0, 0.0, 1.0],
                [0.901844, 0.097204, 0.420985, -0.0, 0.151215, 0.841731, -0.518288, 0.403437, -0.404736, 0.531074, 0.744412, 0.0, 0.0, 0.0, 0.0, 1.0]
            ]
        },
        {
            "name": "Shoulder_R",
            "time": [0.0, 0.0167, 0.0333, 0.05, 0.0667, 0.0833, 0.1, 0.1167, 0.1333, 0.15, 0.1667, 0.1833, 0.2],
            "transform": [
                [-0.0, 0.952114, 0.305743, 0.0, -0.130264, -0.303138, 0.944001, 0.403437, 0.991479, -0.039827, 0.124026, 0.0, 0.0, 0.0, 0.0, 1.0],
                [-0.0, 0.952114, 0.305743, -0.0, -0.130264, -0.303138, 0.944001, 0.403437, 0.991479, -0.039827, 0.124026, -0.0, 0.0, 0.0, 0.0, 1.0],
                [-0.0, 0.952114, 0.305743, -0.0, -0.130264, -0.303138, 0.944001, 0.403437, 0.991479, -0.039827, 0.124026, -0.0, 0.0, 0.0, 0.0, 1.0],
                [-0.0, 0.952114, 0.305743, -0.0, -0.130264, -0.303138, 0.944001, 0.403437, 0.991479, -0.039827, 0.124026, 0.0, 0.0, 0.0, 0.0, 1.0],
                [-0.0, 0.952114, 0.305743, -0.0, -0.130264, -0.303138, 0.944001, 0.403437, 0.991479, -0.039827, 0.124026, -0.0, 0.0, 0.0, 0.0, 1.0],
                [-0.0, 0.952114, 0.305743, -0.0, -0.130264, -0.303138, 0.944001, 0.403437, 0.991479, -0.039827, 0.124026, 0.0, 0.0, 0.0, 0.0, 1.0],
                [-0.0, 0.952114, 0.305743, 0.0, -0.130264, -0.303138, 0.944001, 0.403437, 0.991479, -0.039827, 0.124026, 0.0, 0.0, 0.0, 0.0, 1.0],
                [-0.0, 0.952114, 0.305743, -0.0, -0.130264, -0.303138, 0.944001, 0.403437, 0.991479, -0.039827, 0.124026, 0.0, 0.0, 0.0, 0.0, 1.0],
                [-0.0, 0.952114, 0.305743, 0.0, -0.130264, -0.303138, 0.944001, 0.403437, 0.991479, -0.039827, 0.124026, 0.0, 0.0, 0.0, 0.0, 1.0],
                [-0.0, 0.952114, 0.305743, -0.0, -0.130264, -0.303138, 0.944001, 0.403437, 0.991479, -0.039827, 0.124026, -0.0, 0.0, 0.0, 0.0, 1.0],
                [0.0, 0.952114, 0.305743, -0.0, -0.130264, -0.303138, 0.944001, 0.403437, 0.991479, -0.039827, 0.124026, -0.0, 0.0, 0.0, 0.0, 1.0],
                [-0.0, 0.952114, 0.305743, -0.0, -0.130264, -0.303138, 0.944001, 0.403437, 0.991479, -0.039827, 0.124026, 0.0, 0.0, 0.0, 0.0, 1.0],
                [-0.0, 0.952114, 0.305743, -0.0, -0.130264, -0.303138, 0.944001, 0.403437, 0.991479, -0.039827, 0.124026, 0.0, 0.0, 0.0, 0.0, 1.0],
                [-0.0, 0.952114, 0.305743, -0.0, -0.130264, -0.303138, 0.944001, 0.403437, 0.991479, -0.039827, 0.124026, 0.0, 0.0, 0.0, 0.0, 1.0]
            ]
        },
        {
            "name": "Arm_R",
            "time": [0.0, 0.0167, 0.0333, 0.05, 0.0667, 0.0833, 0.1, 0.1167, 0.1333, 0.15, 0.1667, 0.1833, 0.2],
            "transform": [
                [0.22598, -0.20737, -0.951804, -0.0, 0.92721, 0.345382, 0.144893, 0.39386, 0.29869, -0.915264, 0.270325, -0.0, 0.0, 0.0, 0.0, 1.0],
                [0.223922, -0.197572, -0.954371, 0.0, 0.926494, 0.347026, 0.145541, 0.39386, 0.302436, -0.916809, 0.260756, 0.0, 0.0, 0.0, 0.0, 1.0],
                [0.217561, -0.16783, -0.961509, 0.0, 0.924309, 0.351896, 0.147722, 0.39386, 0.313559, -0.92087, 0.231686, 0.0, 0.0, 0.0, 0.0, 1.0],
                [0.206615, -0.118315, -0.971243, 0.0, 0.920637, 0.359597, 0.152044, 0.39386, 0.331266, -0.925576, 0.183224, -0.0, 0.0, 0.0, 0.0, 1.0],
                [0.19101, -0.050784, -0.980274, -0.0, 0.915583, 0.369242, 0.159276, 0.39386, 0.353869, -0.927945, 0.117026, -0.0, 0.0, 0.0, 0.0, 1.0],
                [0.171234, 0.030669, -0.984753, 0.0, 0.909458, 0.379473, 0.16996, 0.393861, 0.3789, -0.924694, 0.037087, 0.0, 0.0, 0.0, 0.0, 1.0],
                [0.14858, 0.119447, -0.98166, 0.0, 0.902805, 0.388727, 0.183944, 0.39386, 0.403569, -0.913577, -0.05008, -0.0, 0.0, 0.0, 0.0, 1.0],
                [0.125076, 0.207399, -0.970228, 0.0, 0.896293, 0.395731, 0.200138, 0.39386, 0.425458, -0.894641, -0.136394, 0.0, 0.0, 0.0, 0.0, 1.0],
                [0.10303, 0.286645, -0.952481, -0.0, 0.890542, 0.39997, 0.216699, 0.39386, 0.443079, -0.870551, -0.214061, 0.0, 0.0, 0.0, 0.0, 1.0],
                [0.084445, 0.351283, -0.932453, 0.0, 0.885963, 0.401785, 0.2316, 0.39386, 0.456003, -0.845676, -0.277295, -0.0, 0.0, 0.0, 0.0, 1.0],
                [0.07066, 0.398045, -0.914641, 0.0, 0.882728, 0.402069, 0.243173, 0.393861, 0.464543, -0.824561, -0.322955, -0.0, 0.0, 0.0, 0.0, 1.0],
                [0.06232, 0.425868, -0.902637, 0.0, 0.880838, 0.401789, 0.250381, 0.393861, 0.469299, -0.81068, -0.350081, -0.0, 0.0, 0.0, 0.0, 1.0],
                [0.059563, 0.434989, -0.898464, 0.0, 0.880224, 0.40162, 0.252798, 0.393861, 0.470805, -0.805907, -0.358966, -0.0, 0.0, 0.0, 0.0, 1.0],
                [0.059563, 0.434989, -0.898464, 0.0, 0.880224, 0.40162, 0.252798, 0.393861, 0.470805, -0.805907, -0.358966, -0.0, 0.0, 0.0, 0.0, 1.0]
            ]
        },
        {
            "name": "Hand_R",
            "time": [0.0, 0.0167, 0.0333, 0.05, 0.0667, 0.0833, 0.1, 0.1167, 0.1333, 0.15, 0.1667, 0.1833, 0.2],
            "transform": [
                [1.0, -0.0, -0.0, 0.0, 0.0, 0.907833, -0.419332, 0.300556, 0.0, 0.419332, 0.907833, 0.0, 0.0, 0.0, 0.0, 1.0],
                [1.0, 0.0, -0.0, -0.0, 0.0, 0.909502, -0.415699, 0.300557, -0.0, 0.415699, 0.909502, 0.0, 0.0, 0.0, 0.0, 1.0],
                [1.0, -0.0, 0.0, -0.0, 0.0, 0.914453, -0.404692, 0.300556, 0.0, 0.404692, 0.914453, -0.0, 0.0, 0.0, 0.0, 1.0],
                [1.0, 0.0, 0.0, -0.0, 0.0, 0.922325, -0.386415, 0.300556, -0.0, 0.386415, 0.922325, 0.0, 0.0, 0.0, 0.0, 1.0],
                [1.0, -0.0, 0.0, 0.0, -0.0, 0.932371, -0.361504, 0.300556, -0.0, 0.361504, 0.932371, -0.0, 0.0, 0.0, 0.0, 1.0],
                [1.0, -0.0, 0.0, 0.0, -0.0, 0.943514, -0.331332, 0.300556, 0.0, 0.331332, 0.943514, 0.0, 0.0, 0.0, 0.0, 1.0],
                [1.0, -0.0, -0.0, -0.0, 0.0, 0.954548, -0.298057, 0.300556, 0.0, 0.298057, 0.954548, 0.0, 0.0, 0.0, 0.0, 1.0],
                [1.0, -0.0, 0.0, -0.0, 0.0, 0.964409, -0.264417, 0.300556, 0.0, 0.264417, 0.964409, -0.0, 0.0, 0.0, 0.0, 1.0],
                [1.0, -0.0, -0.0, 0.0, 0.0, 0.972413, -0.233264, 0.300556, -0.0, 0.233264, 0.972413, 0.0, 0.0, 0.0, 0.0, 1.0],
                [1.0, -0.0, 0.0, 0.0, 0.0, 0.978328, -0.207063, 0.300556, -0.0, 0.207063, 0.978328, -0.0, 0.0, 0.0, 0.0, 1.0],
                [1.0, -0.0, 0.0, 0.0, -0.0, 0.982254, -0.187554, 0.300556, 0.0, 0.187554, 0.982254, -0.0, 0.0, 0.0, 0.0, 1.0],
                [1.0, -0.0, 0.0, -0.0, -0.0, 0.984446, -0.175685, 0.300556, -0.0, 0.175685, 0.984446, 0.0, 0.0, 0.0, 0.0, 1.0],
                [1.0, -0.0, 0.0, 0.0, 0.0, 0.985141, -0.171748, 0.300556, 0.0, 0.171748, 0.985141, 0.0, 0.0, 0.0, 0.0, 1.0],
                [1.0, -0.0, 0.0, 0.0, 0.0, 0.985141, -0.171748, 0.300556, 0.0, 0.171748, 0.985141, 0.0, 0.0, 0.0, 0.0, 1.0]
            ]
        },
        {
            "name": "Tool_R",
            "time": [0.0, 0.0167, 0.0333, 0.05, 0.0667, 0.0833, 0.1, 0.1167, 0.1333, 0.15, 0.1667, 0.1833, 0.2],
            "transform": [
                [0.981476, -0.152467, 0.116011, 0.0, -0.0933, -0.909255, -0.405647, 0.266907, 0.167331, 0.387309, -0.906638, 0.005004, 0.0, 0.0, 0.0, 1.0],
                [0.981476, -0.152467, 0.116011, 0.0, -0.0933, -0.909255, -0.405647, 0.266907, 0.167331, 0.387309, -0.906638, 0.005004, 0.0, 0.0, 0.0, 1.0],
                [0.981476, -0.152467, 0.116011, 0.0, -0.0933, -0.909255, -0.405647, 0.266907, 0.167331, 0.387309, -0.906638, 0.005004, 0.0, 0.0, 0.0, 1.0],
                [0.981476, -0.152467, 0.116011, 0.0, -0.0933, -0.909255, -0.405647, 0.266907, 0.167331, 0.387309, -0.906638, 0.005004, 0.0, 0.0, 0.0, 1.0],
                [0.981476, -0.152467, 0.116011, 0.0, -0.0933, -0.909255, -0.405647, 0.266907, 0.167331, 0.387309, -0.906638, 0.005004, 0.0, 0.0, 0.0, 1.0],
                [0.981476, -0.152467, 0.116011, -0.0, -0.0933, -0.909255, -0.405647, 0.266907, 0.167331, 0.387309, -0.906638, 0.005004, 0.0, 0.0, 0.0, 1.0],
                [0.981476, -0.152467, 0.116011, 0.0, -0.0933, -0.909255, -0.405647, 0.266907, 0.167331, 0.387309, -0.906638, 0.005004, 0.0, 0.0, 0.0, 1.0],
                [0.981476, -0.152467, 0.116011, 0.0, -0.0933, -0.909256, -0.405647, 0.266907, 0.167331, 0.387309, -0.906638, 0.005004, 0.0, 0.0, 0.0, 1.0],
                [0.981476, -0.152467, 0.116011, 0.0, -0.0933, -0.909255, -0.405647, 0.266907, 0.167331, 0.387309, -0.906638, 0.005004, 0.0, 0.0, 0.0, 1.0],
                [0.981476, -0.152467, 0.116011, 0.0, -0.0933, -0.909255, -0.405647, 0.266907, 0.167331, 0.387309, -0.906638, 0.005004, 0.0, 0.0, 0.0, 1.0],
                [0.981476, -0.152467, 0.116011, 0.0, -0.0933, -0.909255, -0.405647, 0.266907, 0.167331, 0.387309, -0.906638, 0.005004, 0.0, 0.0, 0.0, 1.0],
                [0.981476, -0.152467, 0.116011, 0.0, -0.0933, -0.909255, -0.405647, 0.266907, 0.167331, 0.387309, -0.906638, 0.005004, 0.0, 0.0, 0.0, 1.0],
                [0.981476, -0.152467, 0.116011, 0.0, -0.0933, -0.909255, -0.405647, 0.266907, 0.167331, 0.387309, -0.906638, 0.005004, 0.0, 0.0, 0.0, 1.0],
                [0.981476, -0.152467, 0.116011, 0.0, -0.0933, -0.909255, -0.405647, 0.266907, 0.167331, 0.387309, -0.906638, 0.005004, 0.0, 0.0, 0.0, 1.0]
            ]
        },
        {
            "name": "Elbow_R",
            "time": [0.0, 0.0167, 0.0333, 0.05, 0.0667, 0.0833, 0.1, 0.1167, 0.1333, 0.15, 0.1667, 0.1833, 0.2],
            "transform": [
                [-1.0, 0.0, 0.0, 0.0, -0.0, 0.060811, -0.998149, 0.300556, -0.0, -0.99815, -0.060811, 0.0, 0.0, 0.0, 0.0, 1.0],
                [-1.0, 0.0, 0.0, -0.0, -0.0, 0.060811, -0.998149, 0.300557, -0.0, -0.99815, -0.060811, 0.0, 0.0, 0.0, 0.0, 1.0],
                [-1.0, 0.0, 0.0, -0.0, -0.0, 0.060811, -0.998149, 0.300556, -0.0, -0.99815, -0.060811, -0.0, 0.0, 0.0, 0.0, 1.0],
                [-1.0, 0.0, 0.0, -0.0, -0.0, 0.060811, -0.998149, 0.300556, -0.0, -0.99815, -0.060811, 0.0, 0.0, 0.0, 0.0, 1.0],
                [-1.0, 0.0, 0.0, 0.0, -0.0, 0.060811, -0.998149, 0.300556, -0.0, -0.99815, -0.060811, -0.0, 0.0, 0.0, 0.0, 1.0],
                [-1.0, 0.0, 0.0, 0.0, -0.0, 0.060811, -0.998149, 0.300556, -0.0, -0.99815, -0.060811, 0.0, 0.0, 0.0, 0.0, 1.0],
                [-1.0, 0.0, 0.0, -0.0, -0.0, 0.060811, -0.998149, 0.300556, -0.0, -0.99815, -0.060811, 0.0, 0.0, 0.0, 0.0, 1.0],
                [-1.0, 0.0, 0.0, -0.0, -0.0, 0.060811, -0.998149, 0.300556, -0.0, -0.99815, -0.060811, -0.0, 0.0, 0.0, 0.0, 1.0],
                [-1.0, 0.0, 0.0, 0.0, -0.0, 0.060811, -0.998149, 0.300556, -0.0, -0.99815, -0.060811, 0.0, 0.0, 0.0, 0.0, 1.0],
                [-1.0, 0.0, 0.0, 0.0, -0.0, 0.060811, -0.998149, 0.300556, -0.0, -0.99815, -0.060811, -0.0, 0.0, 0.0, 0.0, 1.0],
                [-1.0, 0.0, 0.0, 0.0, -0.0, 0.060811, -0.998149, 0.300556, -0.0, -0.99815, -0.060811, -0.0, 0.0, 0.0, 0.0, 1.0],
                [-1.0, 0.0, 0.0, -0.0, -0.0, 0.060811, -0.998149, 0.300556, -0.0, -0.99815, -0.060811, 0.0, 0.0, 0.0, 0.0, 1.0],
                [-1.0, 0.0, 0.0, 0.0, -0.0, 0.060811, -0.998149, 0.300556, -0.0, -0.99815, -0.060811, 0.0, 0.0, 0.0, 0.0, 1.0],
                [-1.0, 0.0, 0.0, 0.0, -0.0, 0.060811, -0.998149, 0.300556, -0.0, -0.99815, -0.060811, 0.0, 0.0, 0.0, 0.0, 1.0]
            ]
        },
        {
            "name": "Shoulder_L",
            "time": [0.0, 0.0167, 0.0333, 0.05, 0.0667, 0.0833, 0.1, 0.1167, 0.1333, 0.15, 0.1667, 0.1833, 0.2],
            "transform": [
                [0.0, -0.952114, -0.305743, 0.0, 0.130264, -0.303138, 0.944001, 0.403437, -0.991479, -0.039827, 0.124026, 0.0, 0.0, 0.0, 0.0, 1.0],
                [0.0, -0.952114, -0.305744, -0.0, 0.130264, -0.303138, 0.944001, 0.403437, -0.991479, -0.039827, 0.124026, -0.0, 0.0, 0.0, 0.0, 1.0],
                [0.0, -0.952114, -0.305743, -0.0, 0.130264, -0.303138, 0.944001, 0.403437, -0.991479, -0.039827, 0.124026, -0.0, 0.0, 0.0, 0.0, 1.0],
                [0.0, -0.952114, -0.305743, -0.0, 0.130264, -0.303138, 0.944001, 0.403437, -0.991479, -0.039827, 0.124026, 0.0, 0.0, 0.0, 0.0, 1.0],
                [0.0, -0.952114, -0.305743, -0.0, 0.130264, -0.303138, 0.944001, 0.403437, -0.991479, -0.039827, 0.124026, -0.0, 0.0, 0.0, 0.0, 1.0],
                [0.0, -0.952114, -0.305743, -0.0, 0.130264, -0.303138, 0.944001, 0.403437, -0.991479, -0.039827, 0.124026, 0.0, 0.0, 0.0, 0.0, 1.0],
                [0.0, -0.952114, -0.305744, 0.0, 0.130264, -0.303138, 0.944001, 0.403437, -0.991479, -0.039827, 0.124026, 0.0, 0.0, 0.0, 0.0, 1.0],
                [0.0, -0.952114, -0.305743, -0.0, 0.130264, -0.303138, 0.944001, 0.403437, -0.991479, -0.039827, 0.124026, 0.0, 0.0, 0.0, 0.0, 1.0],
                [0.0, -0.952114, -0.305743, 0.0, 0.130264, -0.303138, 0.944001, 0.403437, -0.991479, -0.039827, 0.124026, 0.0, 0.0, 0.0, 0.0, 1.0],
                [0.0, -0.952114, -0.305743, -0.0, 0.130264, -0.303138, 0.944001, 0.403437, -0.991479, -0.039827, 0.124026, -0.0, 0.0, 0.0, 0.0, 1.0],
                [0.0, -0.952114, -0.305744, -0.0, 0.130264, -0.303138, 0.944001, 0.403437, -0.991479, -0.039827, 0.124026, -0.0, 0.0, 0.0, 0.0, 1.0],
                [0.0, -0.952114, -0.305743, -0.0, 0.130264, -0.303138, 0.944001, 0.403437, -0.991479, -0.039827, 0.124026, 0.0, 0.0, 0.0, 0.0, 1.0],
                [0.0, -0.952114, -0.305743, -0.0, 0.130264, -0.303138, 0.944001, 0.403437, -0.991479, -0.039827, 0.124026, 0.0, 0.0, 0.0, 0.0, 1.0],
                [0.0, -0.952114, -0.305743, -0.0, 0.130264, -0.303138, 0.944001, 0.403437, -0.991479, -0.039827, 0.124026, 0.0, 0.0, 0.0, 0.0, 1.0]
            ]
        },
        {
            "name": "Arm_L",
            "time": [0.0, 0.0167, 0.0333, 0.05, 0.0667, 0.0833, 0.1, 0.1167, 0.1333, 0.15, 0.1667, 0.1833, 0.2],
            "transform": [
                [0.602866, 0.350307, 0.716825, 0.0, -0.796428, 0.317702, 0.514555, 0.39386, -0.047485, -0.881108, 0.470526, 0.0, 0.0, 0.0, 0.0, 1.0],
                [0.603622, 0.346145, 0.718209, 0.0, -0.79581, 0.316097, 0.516498, 0.39386, -0.048241, -0.883327, 0.466268, -0.0, 0.0, 0.0, 0.0, 1.0],
                [0.605884, 0.333525, 0.722264, -0.0, -0.793945, 0.311185, 0.522317, 0.39386, -0.050552, -0.889901, 0.453343, 0.0, 0.0, 0.0, 0.0, 1.0],
                [0.609538, 0.312545, 0.728546, 0.0, -0.790884, 0.302876, 0.531759, 0.39386, -0.05446, -0.900323, 0.431802, 0.0, 0.0, 0.0, 0.0, 1.0],
                [0.614313, 0.283919, 0.736213, 0.0, -0.786784, 0.291257, 0.544188, 0.39386, -0.059922, -0.913542, 0.402306, -0.0, 0.0, 0.0, 0.0, 1.0],
                [0.619784, 0.249232, 0.744145, 0.0, -0.78193, 0.276753, 0.558563, 0.39386, -0.066733, -0.928058, 0.366409, 0.0, 0.0, 0.0, 0.0, 1.0],
                [0.625423, 0.211015, 0.751212, 0.0, -0.776723, 0.260252, 0.573559, 0.39386, -0.074475, -0.9422, 0.326667, -0.0, 0.0, 0.0, 0.0, 1.0],
                [0.630709, 0.172476, 0.75661, -0.0, -0.771618, 0.243073, 0.58781, 0.39386, -0.082528, -0.954551, 0.286394, -0.0, 0.0, 0.0, 0.0, 1.0],
                [0.635235, 0.13693, 0.760083, 0.0, -0.767037, 0.226759, 0.600196, 0.39386, -0.09017, -0.964277, 0.249076, 0.0, 0.0, 0.0, 0.0, 1.0],
                [0.63877, 0.107177, 0.761896, 0.0, -0.763294, 0.212761, 0.610012, 0.39386, -0.096723, -0.971208, 0.217713, -0.0, 0.0, 0.0, 0.0, 1.0],
                [0.641242, 0.085123, 0.762602, -0.0, -0.760573, 0.202188, 0.616967, 0.39386, -0.101671, -0.97564, 0.194394, 0.0, 0.0, 0.0, 0.0, 1.0],
                [0.64268, 0.071755, 0.762768, 0.0, -0.758946, 0.195696, 0.62105, 0.39386, -0.104707, -0.978036, 0.180228, -0.0, 0.0, 0.0, 0.0, 1.0],
                [0.643145, 0.067329, 0.762778, 0.0, -0.758411, 0.193533, 0.62238, 0.39386, -0.105719, -0.978781, 0.175533, -0.0, 0.0, 0.0, 0.0, 1.0],
                [0.643145, 0.067329, 0.762778, 0.0, -0.758411, 0.193533, 0.62238, 0.39386, -0.105719, -0.978781, 0.175533, -0.0, 0.0, 0.0, 0.0, 1.0]
            ]
        },
        {
            "name": "Hand_L",
            "time": [0.0, 0.0167, 0.0333, 0.05, 0.0667, 0.0833, 0.1, 0.1167, 0.1333, 0.15, 0.1667, 0.1833, 0.2],
            "transform": [
                [1.0, -3.9e-05, -2e-05, -0.0, 3e-05, 0.943819, -0.330463, 0.300556, 3.2e-05, 0.330463, 0.943819, 0.0, 0.0, 0.0, 0.0, 1.0],
                [1.0, -3.9e-05, -2e-05, 0.0, 3e-05, 0.938345, -0.3457, 0.300556, 3.2e-05, 0.3457, 0.938345, -0.0, 0.0, 0.0, 0.0, 1.0],
                [1.0, -4e-05, -1.8e-05, 0.0, 3e-05, 0.920335, -0.391132, 0.300556, 3.2e-05, 0.391132, 0.920335, 0.0, 0.0, 0.0, 0.0, 1.0],
                [1.0, -4.2e-05, -1.4e-05, -0.0, 3e-05, 0.885859, -0.463955, 0.300556, 3.2e-05, 0.463955, 0.885859, 0.0, 0.0, 0.0, 0.0, 1.0],
                [1.0, -4.3e-05, -1e-05, 0.0, 3e-05, 0.830255, -0.557383, 0.300556, 3.2e-05, 0.557383, 0.830255, 0.0, 0.0, 0.0, 0.0, 1.0],
                [1.0, -4.4e-05, -4e-06, 0.0, 3e-05, 0.750822, -0.660504, 0.300556, 3.2e-05, 0.660504, 0.750822, 0.0, 0.0, 0.0, 0.0, 1.0],
                [1.0, -4.4e-05, 2e-06, 0.0, 3e-05, 0.64981, -0.760096, 0.300556, 3.2e-05, 0.760096, 0.64981, 0.0, 0.0, 0.0, 0.0, 1.0],
                [1.0, -4.3e-05, 8e-06, -0.0, 3e-05, 0.535723, -0.844394, 0.300556, 3.2e-05, 0.844394, 0.535723, -0.0, 0.0, 0.0, 0.0, 1.0],
                [1.0, -4.2e-05, 1.4e-05, -0.0, 3e-05, 0.421505, -0.906826, 0.300556, 3.2e-05, 0.906826, 0.421505, 0.0, 0.0, 0.0, 0.0, 1.0],
                [1.0, -4e-05, 1.8e-05, -0.0, 3e-05, 0.320566, -0.947226, 0.300556, 3.2e-05, 0.947226, 0.320566, 0.0, 0.0, 0.0, 0.0, 1.0],
                [1.0, -3.8e-05, 2.1e-05, -0.0, 3e-05, 0.243269, -0.969959, 0.300556, 3.2e-05, 0.969959, 0.243269, -0.0, 0.0, 0.0, 0.0, 1.0],
                [1.0, -3.7e-05, 2.3e-05, -0.0, 3e-05, 0.195589, -0.980686, 0.300556, 3.2e-05, 0.980686, 0.195589, -0.0, 0.0, 0.0, 0.0, 1.0],
