{
    "animation": [
        {
            "name": "Root",
            "time": [0.0, 0.0167, 0.0333, 0.05, 0.0667, 0.0833, 0.1, 0.1167, 0.1333, 0.15, 0.1667, 0.1833, 0.2, 0.2167, 0.2333, 0.25, 0.2667, 0.2833, 0.3, 0.3167, 0.3333, 0.35, 0.3667, 0.3833, 0.4, 0.4167, 0.4333, 0.45, 0.4667, 0.4833, 0.5, 0.5167, 0.5333, 0.55, 0.5667, 0.5833, 0.6, 0.6167, 0.6333, 0.65, 0.6667, 0.6833, 0.7, 0.7167, 0.7333, 0.75, 0.7667, 0.7833, 0.8, 0.8167, 0.8333, 0.85, 0.8667, 0.8833, 0.9, 0.9167, 0.9333, 0.95, 0.9667, 0.9833, 1.0, 1.0167, 1.0333, 1.05, 1.0667, 1.0833, 1.1, 1.1167, 1.1333, 1.15, 1.1667, 1.1833, 1.2, 1.2167, 1.2333, 1.25, 1.2667, 1.2833, 1.3, 1.3167, 1.3333, 1.35, 1.3667, 1.3833, 1.4, 1.4167, 1.4333, 1.45, 1.4667, 1.4833, 1.5, 1.5167, 1.5333, 1.55, 1.5667, 1.5833, 1.6, 1.6167, 1.6333, 1.65, 1.6667, 1.6833, 1.7, 1.7167, 1.7333, 1.75, 1.7667, 1.7833, 1.8, 1.8167, 1.8333, 1.85, 1.8667, 1.8833, 1.9, 1.9167, 1.9333, 1.95, 1.9667, 1.9833, 2.0, 2.0167, 2.0333, 2.05, 2.0667, 2.0833, 2.1, 2.1167, 2.1333, 2.15, 2.1667, 2.1833, 2.2, 2.2167, 2.2333, 2.25, 2.2667, 2.2833, 2.3, 2.3167, 2.3333, 2.35, 2.3667, 2.3833, 2.4, 2.4167, 2.4333, 2.45, 2.4667, 2.4833, 2.5, 2.5167, 2.5333, 2.55, 2.5667, 2.5833, 2.6, 2.6167, 2.6333, 2.65, 2.6667, 2.6833, 2.7, 2.7167, 2.7333, 2.75, 2.7667, 2.7833, 2.8, 2.8167, 2.8333, 2.85, 2.8667, 2.8833, 2.9, 2.9167, 2.9333, 2.95, 2.9667, 2.9833, 3.0, 3.0167, 3.0333, 3.05, 3.0667, 3.0833, 3.1, 3.1167, 3.1333, 3.15, 3.1667],
            "transform": [
                [0.87226, 0.049082, 0.486572, -0.002459, 0.485812, 0.027197, -0.87364, -0.000413, -0.056113, 0.998424, -0.000121, 0.46187, 0.0, 0.0, 0.0, 1.0],
                [0.87226, 0.049082, 0.486572, -0.002459, 0.485812, 0.027197, -0.87364, 0.315462, -0.056113, 0.998424, -0.000121, 0.46187, 0.0, 0.0, 0.0, 1.0],
                [0.87226, 0.049082, 0.486572, -0.002459, 0.485812, 0.027197, -0.87364, 1.237098, -0.056113, 0.998424, -0.000121, 0.46187, 0.0, 0.0, 0.0, 1.0],
                [0.87226, 0.049082, 0.486572, -0.002459, 0.485812, 0.027197, -0.87364, 2.568049, -0.056113, 0.998424, -0.000121, 0.46187, 0.0, 0.0, 0.0, 1.0],
                [0.87226, 0.049082, 0.486572, -0.002459, 0.485812, 0.027197, -0.87364, 3.910717, -0.056113, 0.998424, -0.000121, 0.46187, 0.0, 0.0, 0.0, 1.0],
                [0.87226, 0.049082, 0.486572, -0.002459, 0.485812, 0.027197, -0.87364, 4.864554, -0.056113, 0.998424, -0.000121, 0.46187, 0.0, 0.0, 0.0, 1.0],
                [0.87226, 0.049082, 0.486572, -0.002459, 0.485812, 0.027197, -0.87364, 5.226826, -0.056113, 0.998424, -0.000121, 0.46187, 0.0, 0.0, 0.0, 1.0],
                [0.87226, 0.049082, 0.486572, -0.002459, 0.485812, 0.027197, -0.87364, 5.276345, -0.056113, 0.998424, -0.000121, 0.46187, 0.0, 0.0, 0.0, 1.0],
                [0.87226, 0.049082, 0.486572, -0.002459, 0.485812, 0.027197, -0.87364, 5.322302, -0.056113, 0.998424, -0.000121, 0.46187, 0.0, 0.0, 0.0, 1.0],
                [0.87226, 0.049082, 0.486572, -0.002459, 0.485812, 0.027197, -0.87364, 5.364986, -0.056113, 0.998424, -0.000121, 0.46187, 0.0, 0.0, 0.0, 1.0],
                [0.87226, 0.049082, 0.486572, -0.002459, 0.485812, 0.027197, -0.87364, 5.404654, -0.056113, 0.998424, -0.000121, 0.46187, 0.0, 0.0, 0.0, 1.0],
                [0.87226, 0.049082, 0.486572, -0.002459, 0.485812, 0.027197, -0.87364, 5.441527, -0.056113, 0.998424, -0.000121, 0.46187, 0.0, 0.0, 0.0, 1.0],
                [0.87226, 0.049082, 0.486572, -0.002459, 0.485812, 0.027197, -0.87364, 5.475809, -0.056113, 0.998424, -0.000121, 0.46187, 0.0, 0.0, 0.0, 1.0],
                [0.87226, 0.049082, 0.486572, -0.002459, 0.485812, 0.027197, -0.87364, 5.507673, -0.056113, 0.998424, -0.000121, 0.46187, 0.0, 0.0, 0.0, 1.0],
                [0.87226, 0.049082, 0.486572, -0.002459, 0.485812, 0.027197, -0.87364, 5.537284, -0.056113, 0.998424, -0.000121, 0.46187, 0.0, 0.0, 0.0, 1.0],
                [0.87226, 0.049082, 0.486572, -0.002459, 0.485812, 0.027197, -0.87364, 5.564785, -0.056113, 0.998424, -0.000121, 0.46187, 0.0, 0.0, 0.0, 1.0],
                [0.87226, 0.049082, 0.486572, -0.002459, 0.485812, 0.027197, -0.87364, 5.590308, -0.056113, 0.998424, -0.000121, 0.46187, 0.0, 0.0, 0.0, 1.0],
                [0.87226, 0.049082, 0.486572, -0.002459, 0.485812, 0.027197, -0.87364, 5.613974, -0.056113, 0.998424, -0.000121, 0.46187, 0.0, 0.0, 0.0, 1.0],
                [0.87226, 0.049082, 0.486572, -0.002459, 0.485812, 0.027197, -0.87364, 5.63589, -0.056113, 0.998424, -0.000121, 0.46187, 0.0, 0.0, 0.0, 1.0],
                [0.87226, 0.049082, 0.486572, -0.002459, 0.485812, 0.027197, -0.87364, 5.656161, -0.056113, 0.998424, -0.000121, 0.46187, 0.0, 0.0, 0.0, 1.0],
                [0.87226, 0.049082, 0.486572, -0.002459, 0.485812, 0.027197, -0.87364, 5.674877, -0.056113, 0.998424, -0.000121, 0.46187, 0.0, 0.0, 0.0, 1.0],
                [0.87226, 0.049082, 0.486572, -0.002459, 0.485812, 0.027197, -0.87364, 5.692128, -0.056113, 0.998424, -0.000121, 0.46187, 0.0, 0.0, 0.0, 1.0],
                [0.87226, 0.049082, 0.486572, -0.002459, 0.485812, 0.027197, -0.87364, 5.707993, -0.056113, 0.998424, -0.000121, 0.46187, 0.0, 0.0, 0.0, 1.0],
                [0.87226, 0.049082, 0.486572, -0.002459, 0.485812, 0.027197, -0.87364, 5.722548, -0.056113, 0.998424, -0.000121, 0.46187, 0.0, 0.0, 0.0, 1.0],
                [0.87226, 0.049082, 0.486572, -0.002459, 0.485812, 0.027197, -0.87364, 5.735864, -0.056113, 0.998424, -0.000121, 0.46187, 0.0, 0.0, 0.0, 1.0],
                [0.87226, 0.049082, 0.486572, -0.002459, 0.485812, 0.027197, -0.87364, 5.748007, -0.056113, 0.998424, -0.000121, 0.46187, 0.0, 0.0, 0.0, 1.0],
                [0.87226, 0.049082, 0.486572, -0.002459, 0.485812, 0.027197, -0.87364, 5.759042, -0.056113, 0.998424, -0.000121, 0.46187, 0.0, 0.0, 0.0, 1.0],
                [0.87226, 0.049082, 0.486572, -0.002459, 0.485812, 0.027197, -0.87364, 5.769028, -0.056113, 0.998424, -0.000121, 0.46187, 0.0, 0.0, 0.0, 1.0],
                [0.87226, 0.049082, 0.486572, -0.002459, 0.485812, 0.027197, -0.87364, 5.778023, -0.056113, 0.998424, -0.000121, 0.46187, 0.0, 0.0, 0.0, 1.0],
                [0.87226, 0.049082, 0.486572, -0.002459, 0.485812, 0.027197, -0.87364, 5.786082, -0.056113, 0.998424, -0.000121, 0.46187, 0.0, 0.0, 0.0, 1.0],
                [0.87226, 0.049082, 0.486572, -0.002459, 0.485812, 0.027197, -0.87364, 5.793259, -0.056113, 0.998424, -0.000121, 0.46187, 0.0, 0.0, 0.0, 1.0],
                [0.87226, 0.049082, 0.486572, -0.002459, 0.485812, 0.027197, -0.87364, 5.799603, -0.056113, 0.998424, -0.000121, 0.46187, 0.0, 0.0, 0.0, 1.0],
                [0.87226, 0.049082, 0.486572, -0.002459, 0.485812, 0.027197, -0.87364, 5.805166, -0.056113, 0.998424, -0.000121, 0.46187, 0.0, 0.0, 0.0, 1.0],
                [0.87226, 0.049082, 0.486572, -0.002459, 0.485812, 0.027197, -0.87364, 5.809998, -0.056113, 0.998424, -0.000121, 0.46187, 0.0, 0.0, 0.0, 1.0],
                [0.87226, 0.049082, 0.486572, -0.002459, 0.485812, 0.027197, -0.87364, 5.814145, -0.056113, 0.998424, -0.000121, 0.46187, 0.0, 0.0, 0.0, 1.0],
                [0.87226, 0.049082, 0.486572, -0.002459, 0.485812, 0.027197, -0.87364, 5.817657, -0.056113, 0.998424, -0.000121, 0.46187, 0.0, 0.0, 0.0, 1.0],
                [0.87226, 0.049082, 0.486572, -0.002459, 0.485812, 0.027197, -0.87364, 5.820581, -0.056113, 0.998424, -0.000121, 0.46187, 0.0, 0.0, 0.0, 1.0],
                [0.87226, 0.049082, 0.486572, -0.002459, 0.485812, 0.027197, -0.87364, 5.822966, -0.056113, 0.998424, -0.000121, 0.46187, 0.0, 0.0, 0.0, 1.0],
                [0.87226, 0.049082, 0.486572, -0.002459, 0.485812, 0.027197, -0.87364, 5.824861, -0.056113, 0.998424, -0.000121, 0.46187, 0.0, 0.0, 0.0, 1.0],
                [0.87226, 0.049082, 0.486572, -0.002459, 0.485812, 0.027197, -0.87364, 5.826316, -0.056113, 0.998424, -0.000121, 0.46187, 0.0, 0.0, 0.0, 1.0],
                [0.87226, 0.049082, 0.486572, -0.002459, 0.485812, 0.027197, -0.87364, 5.827384, -0.056113, 0.998424, -0.000121, 0.46187, 0.0, 0.0, 0.0, 1.0],
                [0.87226, 0.049082, 0.486572, -0.002459, 0.485812, 0.027197, -0.87364, 5.828117, -0.056113, 0.998424, -0.000121, 0.46187, 0.0, 0.0, 0.0, 1.0],
                [0.87226, 0.049082, 0.486572, -0.002459, 0.485812, 0.027197, -0.87364, 5.828574, -0.056113, 0.998424, -0.000121, 0.46187, 0.0, 0.0, 0.0, 1.0],
                [0.87226, 0.049082, 0.486572, -0.002459, 0.485812, 0.027197, -0.87364, 5.828816, -0.056113, 0.998424, -0.000121, 0.46187, 0.0, 0.0, 0.0, 1.0],
                [0.87226, 0.049082, 0.486572, -0.002459, 0.485812, 0.027197, -0.87364, 5.828908, -0.056113, 0.998424, -0.000121, 0.46187, 0.0, 0.0, 0.0, 1.0],
                [0.87226, 0.049082, 0.486572, -0.002459, 0.485812, 0.027197, -0.87364, 5.828921, -0.056113, 0.998424, -0.000121, 0.46187, 0.0, 0.0, 0.0, 1.0],
                [0.87226, 0.049082, 0.486572, -0.002459, 0.485812, 0.027197, -0.87364, 5.828921, -0.056113, 0.998424, -0.000121, 0.46187, 0.0, 0.0, 0.0, 1.0],
                [0.87226, 0.049082, 0.486572, -0.002459, 0.485812, 0.027197, -0.87364, 5.828921, -0.056113, 0.998424, -0.000121, 0.46187, 0.0, 0.0, 0.0, 1.0],
                [0.87226, 0.049082, 0.486572, -0.002459, 0.485812, 0.027197, -0.87364, 5.828921, -0.056113, 0.998424, -0.000121, 0.46187, 0.0, 0.0, 0.0, 1.0],
                [0.87226, 0.049082, 0.486572, -0.002459, 0.485812, 0.027197, -0.87364, 5.828921, -0.056113, 0.998424, -0.000121, 0.46187, 0.0, 0.0, 0.0, 1.0],
                [0.87226, 0.049082, 0.486572, -0.002459, 0.485812, 0.027197, -0.87364, 5.828921, -0.056113, 0.998424, -0.000121, 0.46187, 0.0, 0.0, 0.0, 1.0],
                [-0.702826, -0.039414, 0.710269, 2.629744, 0.709145, 0.039941, 0.70393, 4.749109, -0.056113, 0.998424, -0.000121, 0.46187, 0.0, 0.0, 0.0, 1.0],
                [-0.702826, -0.039414, 0.710269, 2.3303, 0.709145, 0.039941, 0.70393, 4.102019, -0.056113, 0.998424, -0.000121, 0.46187, 0.0, 0.0, 0.0, 1.0],
                [-0.702826, -0.039414, 0.710269, 1.458796, 0.709145, 0.039941, 0.70393, 3.119558, -0.056113, 0.998424, -0.000121, 0.46187, 0.0, 0.0, 0.0, 1.0],
                [-0.702826, -0.039414, 0.710269, 0.205955, 0.709145, 0.039941, 0.70393, 1.962938, -0.056113, 0.998424, -0.000121, 0.46187, 0.0, 0.0, 0.0, 1.0],
                [-0.702826, -0.039414, 0.710269, -1.046886, 0.709145, 0.039941, 0.70393, 0.911314, -0.056113, 0.998424, -0.000121, 0.46187, 0.0, 0.0, 0.0, 1.0],
                [-0.702826, -0.039414, 0.710269, -1.918389, 0.709145, 0.039941, 0.70393, 0.217444, -0.056113, 0.998424, -0.000121, 0.46187, 0.0, 0.0, 0.0, 1.0],
                [-0.702826, -0.039414, 0.710269, -2.217833, 0.709145, 0.039941, 0.70393, -0.01385, -0.056113, 0.998424, -0.000121, 0.46187, 0.0, 0.0, 0.0, 1.0],
                [-0.702826, -0.039414, 0.710269, -2.217833, 0.709145, 0.039941, 0.70393, -0.01385, -0.056113, 0.998424, -0.000121, 0.46187, 0.0, 0.0, 0.0, 1.0],
                [-0.702826, -0.039414, 0.710269, -2.217833, 0.709145, 0.039941, 0.70393, -0.01385, -0.056113, 0.998424, -0.000121, 0.46187, 0.0, 0.0, 0.0, 1.0],
                [-0.894985, -0.050354, -0.443247, -1.522959, -0.442554, -0.024763, 0.8964, 4.197367, -0.056113, 0.998424, -0.000121, 0.46187, 0.0, 0.0, 0.0, 1.0],
                [-0.894985, -0.050354, -0.443247, -0.844576, -0.442554, -0.024763, 0.8964, 3.668892, -0.056113, 0.998424, -0.000121, 0.46187, 0.0, 0.0, 0.0, 1.0],
                [-0.894985, -0.050354, -0.443247, 0.125981, -0.442554, -0.024763, 0.8964, 2.278267, -0.056113, 0.998424, -0.000121, 0.46187, 0.0, 0.0, 0.0, 1.0],
                [-0.894985, -0.050354, -0.443247, 0.952559, -0.442554, -0.024763, 0.8964, 0.865311, -0.056113, 0.998424, -0.000121, 0.46187, 0.0, 0.0, 0.0, 1.0],
                [-0.894985, -0.050354, -0.443247, 1.267474, -0.442554, -0.024763, 0.8964, 0.280466, -0.056113, 0.998424, -0.000121, 0.46187, 0.0, 0.0, 0.0, 1.0],
                [-0.894985, -0.050354, -0.443247, 1.297822, -0.442554, -0.024763, 0.8964, 0.215243, -0.056113, 0.998424, -0.000121, 0.46187, 0.0, 0.0, 0.0, 1.0],
                [-0.894985, -0.050354, -0.443247, 1.326187, -0.442554, -0.024763, 0.8964, 0.154283, -0.056113, 0.998424, -0.000121, 0.46187, 0.0, 0.0, 0.0, 1.0],
                [-0.894985, -0.050354, -0.443247, 1.352342, -0.442554, -0.024763, 0.8964, 0.098072, -0.056113, 0.998424, -0.000121, 0.46187, 0.0, 0.0, 0.0, 1.0],
                [-0.894985, -0.050354, -0.443247, 1.376069, -0.442554, -0.024763, 0.8964, 0.04708, -0.056113, 0.998424, -0.000121, 0.46187, 0.0, 0.0, 0.0, 1.0],
                [-0.894985, -0.050354, -0.443247, 1.397174, -0.442554, -0.024763, 0.8964, 0.001722, -0.056113, 0.998424, -0.000121, 0.46187, 0.0, 0.0, 0.0, 1.0],
                [-0.894985, -0.050354, -0.443247, 1.415514, -0.442554, -0.024763, 0.8964, -0.037692, -0.056113, 0.998424, -0.000121, 0.46187, 0.0, 0.0, 0.0, 1.0],
                [-0.894985, -0.050354, -0.443247, 1.431018, -0.442554, -0.024763, 0.8964, -0.071014, -0.056113, 0.998424, -0.000121, 0.46187, 0.0, 0.0, 0.0, 1.0],
                [-0.894985, -0.050354, -0.443247, 1.443715, -0.442554, -0.024763, 0.8964, -0.098301, -0.056113, 0.998424, -0.000121, 0.46187, 0.0, 0.0, 0.0, 1.0],
                [-0.894985, -0.050354, -0.443247, 1.453737, -0.442554, -0.024763, 0.8964, -0.11984, -0.056113, 0.998424, -0.000121, 0.46187, 0.0, 0.0, 0.0, 1.0],
                [-0.894985, -0.050354, -0.443247, 1.46132, -0.442554, -0.024763, 0.8964, -0.136138, -0.056113, 0.998424, -0.000121, 0.46187, 0.0, 0.0, 0.0, 1.0],
                [-0.894985, -0.050354, -0.443247, 1.466781, -0.442554, -0.024763, 0.8964, -0.147874, -0.056113, 0.998424, -0.000121, 0.46187, 0.0, 0.0, 0.0, 1.0],
                [-0.894985, -0.050354, -0.443247, 1.470486, -0.442554, -0.024763, 0.8964, -0.155835, -0.056113, 0.998424, -0.000121, 0.46187, 0.0, 0.0, 0.0, 1.0],
                [-0.894985, -0.050354, -0.443247, 1.472812, -0.442554, -0.024763, 0.8964, -0.160835, -0.056113, 0.998424, -0.000121, 0.46187, 0.0, 0.0, 0.0, 1.0],
                [-0.894985, -0.050354, -0.443247, 1.474124, -0.442554, -0.024763, 0.8964, -0.163655, -0.056113, 0.998424, -0.000121, 0.46187, 0.0, 0.0, 0.0, 1.0],
                [-0.894985, -0.050354, -0.443247, 1.474747, -0.442554, -0.024763, 0.8964, -0.164993, -0.056113, 0.998424, -0.000121, 0.46187, 0.0, 0.0, 0.0, 1.0],
                [-0.894985, -0.050354, -0.443247, 1.474959, -0.442554, -0.024763, 0.8964, -0.165449, -0.056113, 0.998424, -0.000121, 0.46187, 0.0, 0.0, 0.0, 1.0],
                [-0.894985, -0.050354, -0.443247, 1.474987, -0.442554, -0.024763, 0.8964, -0.165509, -0.056113, 0.998424, -0.000121, 0.46187, 0.0, 0.0, 0.0, 1.0],
                [-0.894985, -0.050354, -0.443247, 1.474987, -0.442554, -0.024763, 0.8964, -0.165509, -0.056113, 0.998424, -0.000121, 0.46187, 0.0, 0.0, 0.0, 1.0],
                [-0.894985, -0.050354, -0.443247, 1.474987, -0.442554, -0.024763, 0.8964, -0.165509, -0.056113, 0.998424, -0.000121, 0.46187, 0.0, 0.0, 0.0, 1.0],
                [-0.894985, -0.050354, -0.443247, 1.474987, -0.442554, -0.024763, 0.8964, -0.165509, -0.056113, 0.998424, -0.000121, 0.46187, 0.0, 0.0, 0.0, 1.0],
                [-0.894985, -0.050354, -0.443247, 1.474987, -0.442554, -0.024763, 0.8964, -0.165509, -0.056113, 0.998424, -0.000121, 0.46187, 0.0, 0.0, 0.0, 1.0],
                [0.87226, 0.049082, 0.486572, -0.002459, 0.485812, 0.027197, -0.87364, -0.000413, -0.056113, 0.998424, -0.000121, 0.46187, 0.0, 0.0, 0.0, 1.0],
                [0.952179, 0.053551, 0.300812, -0.002682, 0.300344, 0.016764, -0.953683, 0.141275, -0.056113, 0.998424, -0.000121, 0.46187, 0.0, 0.0, 0.0, 1.0],
                [0.993659, 0.055857, 0.097575, -0.002797, 0.097428, 0.005355, -0.995228, 0.397192, -0.056113, 0.998424, -0.000121, 0.46187, 0.0, 0.0, 0.0, 1.0],
                [0.991886, 0.055732, -0.114263, -0.002791, -0.114076, -0.006532, -0.993451, 0.766507, -0.056113, 0.998424, -0.000121, 0.46187, 0.0, 0.0, 0.0, 1.0],
                [0.944495, 0.053043, -0.324215, -0.002657, -0.323697, -0.018307, -0.945984, 1.236213, -0.056113, 0.998424, -0.000121, 0.46187, 0.0, 0.0, 0.0, 1.0],
                [0.852251, 0.047835, -0.520941, -0.002396, -0.520115, -0.029335, -0.853592, 1.778415, -0.056113, 0.998424, -0.000121, 0.46187, 0.0, 0.0, 0.0, 1.0],
                [0.719475, 0.040352, -0.693345, -0.002022, -0.692247, -0.038993, -0.720606, 2.353125, -0.056113, 0.998424, -0.000121, 0.46187, 0.0, 0.0, 0.0, 1.0],
                [0.554027, 0.031036, -0.83192, -0.001556, -0.830605, -0.046749, -0.554896, 2.917084, -0.056113, 0.998424, -0.000121, 0.46187, 0.0, 0.0, 0.0, 1.0],
                [0.366655, 0.020494, -0.930131, -0.001029, -0.928663, -0.052237, -0.367227, 3.433877, -0.056113, 0.998424, -0.000121, 0.46187, 0.0, 0.0, 0.0, 1.0],
                [0.169692, 0.009417, -0.985452, -0.000475, -0.983898, -0.055317, -0.169953, 3.879598, -0.056113, 0.998424, -0.000121, 0.46187, 0.0, 0.0, 0.0, 1.0],
                [-0.024675, -0.001508, -0.999694, 7.1e-05, -0.99812, -0.056093, 0.024721, 4.242752, -0.056113, 0.998424, -0.000121, 0.46187, 0.0, 0.0, 0.0, 1.0],
                [-0.206108, -0.011703, -0.978459, 0.000581, -0.976919, -0.05488, 0.20644, 4.56375, -0.056113, 0.998424, -0.000121, 0.46187, 0.0, 0.0, 0.0, 1.0],
                [-0.367313, -0.020757, -0.929866, 0.001033, -0.928403, -0.052133, 0.367899, 4.882009, -0.056113, 0.998424, -0.000121, 0.46187, 0.0, 0.0, 0.0, 1.0],
                [-0.504434, -0.028455, -0.862981, 0.001418, -0.861625, -0.048363, 0.505236, 5.19016, -0.056113, 0.998424, -0.000121, 0.46187, 0.0, 0.0, 0.0, 1.0],
                [-0.616698, -0.034755, -0.786432, 0.001733, -0.785197, -0.044054, 0.617676, 5.478673, -0.056113, 0.998424, -0.000121, 0.46187, 0.0, 0.0, 0.0, 1.0],
                [-0.705604, -0.039742, -0.707491, 0.001983, -0.706381, -0.039614, 0.706723, 5.737176, -0.056113, 0.998424, -0.000121, 0.46187, 0.0, 0.0, 0.0, 1.0],
                [-0.773987, -0.043576, -0.631701, 0.002174, -0.630711, -0.035353, 0.775212, 5.956855, -0.056113, 0.998424, -0.000121, 0.46187, 0.0, 0.0, 0.0, 1.0],
                [-0.825205, -0.046446, -0.562921, 0.002318, -0.56204, -0.031487, 0.826511, 6.132801, -0.056113, 0.998424, -0.000121, 0.46187, 0.0, 0.0, 0.0, 1.0],
                [-0.862574, -0.048539, -0.503598, 0.002422, -0.50281, -0.028154, 0.863939, 6.264797, -0.056113, 0.998424, -0.000121, 0.46187, 0.0, 0.0, 0.0, 1.0],
                [-0.889022, -0.05002, -0.455124, 0.002496, -0.454413, -0.025431, 0.890428, 6.35631, -0.056113, 0.998424, -0.000121, 0.46187, 0.0, 0.0, 0.0, 1.0],
                [-0.906936, -0.051022, -0.418168, 0.002547, -0.417515, -0.023355, 0.90837, 6.412701, -0.056113, 0.998424, -0.000121, 0.46187, 0.0, 0.0, 0.0, 1.0],
                [-0.920381, -0.051774, -0.387581, 0.002584, -0.386977, -0.021637, 0.921836, 6.452456, -0.056113, 0.998424, -0.000121, 0.46187, 0.0, 0.0, 0.0, 1.0],
                [-0.932167, -0.052433, -0.35821, 0.002617, -0.357652, -0.019987, 0.933641, 6.49005, -0.056113, 0.998424, -0.000121, 0.46187, 0.0, 0.0, 0.0, 1.0],
                [-0.942374, -0.053003, -0.330337, 0.002646, -0.329823, -0.018422, 0.943863, 6.525269, -0.056113, 0.998424, -0.000121, 0.46187, 0.0, 0.0, 0.0, 1.0],
                [-0.951094, -0.05349, -0.304234, 0.00267, -0.303761, -0.016956, 0.952597, 6.557902, -0.056113, 0.998424, -0.000121, 0.46187, 0.0, 0.0, 0.0, 1.0],
                [-0.958442, -0.0539, -0.28015, 0.00269, -0.279715, -0.015604, 0.959956, 6.587753, -0.056113, 0.998424, -0.000121, 0.46187, 0.0, 0.0, 0.0, 1.0],
                [-0.964541, -0.05424, -0.258299, 0.002707, -0.257899, -0.014377, 0.966065, 6.61465, -0.056113, 0.998424, -0.000121, 0.46187, 0.0, 0.0, 0.0, 1.0],
                [-0.969526, -0.054518, -0.238845, 0.002721, -0.238475, -0.013285, 0.971058, 6.638469, -0.056113, 0.998424, -0.000121, 0.46187, 0.0, 0.0, 0.0, 1.0],
                [-0.973534, -0.054741, -0.221888, 0.002732, -0.221545, -0.012333, 0.975072, 6.659144, -0.056113, 0.998424, -0.000121, 0.46187, 0.0, 0.0, 0.0, 1.0],
                [-0.976702, -0.054918, -0.207454, 0.002741, -0.207133, -0.011522, 0.978245, 6.676691, -0.056113, 0.998424, -0.000121, 0.46187, 0.0, 0.0, 0.0, 1.0],
                [-0.97916, -0.055054, -0.195486, 0.002748, -0.195184, -0.010851, 0.980706, 6.691205, -0.056113, 0.998424, -0.000121, 0.46187, 0.0, 0.0, 0.0, 1.0],
                [-0.981029, -0.055158, -0.185851, 0.002753, -0.185565, -0.01031, 0.982578, 6.70287, -0.056113, 0.998424, -0.000121, 0.46187, 0.0, 0.0, 0.0, 1.0],
                [-0.982416, -0.055235, -0.178346, 0.002757, -0.178072, -0.009888, 0.983968, 6.711946, -0.056113, 0.998424, -0.000121, 0.46187, 0.0, 0.0, 0.0, 1.0],
                [-0.983418, -0.055291, -0.172718, 0.00276, -0.172453, -0.009572, 0.984971, 6.718746, -0.056113, 0.998424, -0.000121, 0.46187, 0.0, 0.0, 0.0, 1.0],
                [-0.984116, -0.05533, -0.168682, 0.002762, -0.168423, -0.009346, 0.98567, 6.723621, -0.056113, 0.998424, -0.000121, 0.46187, 0.0, 0.0, 0.0, 1.0],
                [-0.984581, -0.055355, -0.165943, 0.002763, -0.165688, -0.009192, 0.986136, 6.726927, -0.056113, 0.998424, -0.000121, 0.46187, 0.0, 0.0, 0.0, 1.0],
                [-0.984869, -0.055371, -0.164215, 0.002764, -0.163963, -0.009095, 0.986425, 6.729013, -0.056113, 0.998424, -0.000121, 0.46187, 0.0, 0.0, 0.0, 1.0],
                [-0.985032, -0.05538, -0.163233, 0.002764, -0.162982, -0.00904, 0.986588, 6.730198, -0.056113, 0.998424, -0.000121, 0.46187, 0.0, 0.0, 0.0, 1.0],
                [-0.98511, -0.055385, -0.162762, 0.002765, -0.162512, -0.009014, 0.986666, 6.730767, -0.056113, 0.998424, -0.000121, 0.46187, 0.0, 0.0, 0.0, 1.0],
                [-0.985137, -0.055386, -0.1626, 0.002765, -0.162351, -0.009004, 0.986692, 6.730962, -0.056113, 0.998424, -0.000121, 0.46187, 0.0, 0.0, 0.0, 1.0],
                [-0.98514, -0.055386, -0.162578, 0.002765, -0.162329, -0.009003, 0.986696, 6.730988, -0.056113, 0.998424, -0.000121, 0.46187, 0.0, 0.0, 0.0, 1.0],
                [-0.98514, -0.055386, -0.162578, 0.002765, -0.162329, -0.009003, 0.986696, 6.742181, -0.056113, 0.998424, -0.000121, 0.45307, 0.0, 0.0, 0.0, 1.0],
                [-0.98514, -0.055386, -0.162578, 0.002765, -0.162329, -0.009003, 0.986696, 6.775296, -0.056113, 0.998424, -0.000121, 0.427037, 0.0, 0.0, 0.0, 1.0],
                [-0.98514, -0.055386, -0.162578, 0.002765, -0.162329, -0.009003, 0.986696, 6.825749, -0.056113, 0.998424, -0.000121, 0.387373, 0.0, 0.0, 0.0, 1.0],
                [-0.98514, -0.055386, -0.162578, 0.002765, -0.162329, -0.009003, 0.986696, 6.882977, -0.056113, 0.998424, -0.000121, 0.342383, 0.0, 0.0, 0.0, 1.0],
                [-0.98514, -0.055386, -0.162578, 0.002765, -0.162329, -0.009003, 0.986696, 6.933431, -0.056113, 0.998424, -0.000121, 0.302719, 0.0, 0.0, 0.0, 1.0],
                [-0.98514, -0.055386, -0.162578, 0.002765, -0.162329, -0.009003, 0.986696, 6.966546, -0.056113, 0.998424, -0.000121, 0.276686, 0.0, 0.0, 0.0, 1.0],
                [-0.98514, -0.055386, -0.162578, 0.002765, -0.162329, -0.009003, 0.986696, 6.977739, -0.056113, 0.998424, -0.000121, 0.267886, 0.0, 0.0, 0.0, 1.0],
                [-0.98514, -0.055386, -0.162578, 0.002765, -0.162246, -0.010477, 0.986695, 6.958748, -0.056353, 0.99841, 0.001335, 0.425884, 0.0, 0.0, 0.0, 1.0],
                [-0.98514, -0.055386, -0.162578, 0.002765, -0.161986, -0.015057, 0.986678, 6.916051, -0.057097, 0.998351, 0.005862, 0.821522, 0.0, 0.0, 0.0, 1.0],
                [-0.98514, -0.055386, -0.162578, 0.002765, -0.161527, -0.022986, 0.986601, 6.89047, -0.058381, 0.9982, 0.013698, 1.240737, 0.0, 0.0, 0.0, 1.0],
                [-0.98514, -0.055386, -0.162578, 0.002765, -0.160843, -0.034495, 0.986377, 6.879903, -0.06024, 0.997869, 0.025074, 1.685247, 0.0, 0.0, 0.0, 1.0],
                [-0.98514, -0.055386, -0.162578, 0.002765, -0.1599, -0.049799, 0.985877, 6.864554, -0.0627, 0.997222, 0.040203, 2.225835, 0.0, 0.0, 0.0, 1.0],
                [-0.98514, -0.055386, -0.162578, 0.002765, -0.158658, -0.069076, 0.984914, 6.84355, -0.065781, 0.996073, 0.059262, 2.829925, 0.0, 0.0, 0.0, 1.0],
                [-0.98514, -0.055386, -0.162578, 0.002765, -0.157069, -0.092448, 0.983251, 6.816134, -0.069489, 0.994176, 0.082375, 3.456276, 0.0, 0.0, 0.0, 1.0],
                [-0.98514, -0.055386, -0.162578, 0.002765, -0.155083, -0.11996, 0.980591, 6.781783, -0.073814, 0.991233, 0.109588, 4.060308, 0.0, 0.0, 0.0, 1.0],
                [-0.98514, -0.055386, -0.162578, 0.002765, -0.152647, -0.151558, 0.976591, 6.740283, -0.07873, 0.986895, 0.140851, 4.600683, 0.0, 0.0, 0.0, 1.0],
                [-0.98514, -0.055386, -0.162578, 0.002765, -0.149706, -0.187071, 0.970872, 6.691755, -0.084187, 0.980784, 0.175999, 5.044632, 0.0, 0.0, 0.0, 1.0],
                [-0.985139, -0.055386, -0.162578, 0.002765, -0.146214, -0.226201, 0.963044, 6.636597, -0.090115, 0.972505, 0.214742, 5.370366, 0.0, 0.0, 0.0, 1.0],
                [-0.98514, -0.055386, -0.162578, 0.002765, -0.142132, -0.268526, 0.952729, 6.575414, -0.096425, 0.961679, 0.256664, 5.566599, 0.0, 0.0, 0.0, 1.0],
                [-0.98514, -0.055386, -0.162578, 0.002765, -0.137435, -0.31351, 0.939587, 6.508939, -0.10301, 0.947968, 0.301239, 5.630399, 0.0, 0.0, 0.0, 1.0],
                [-0.98514, -0.055386, -0.162578, 0.002765, -0.13211, -0.36053, 0.923344, 6.439394, -0.109755, 0.931102, 0.347856, 5.627577, 0.0, 0.0, 0.0, 1.0],
                [-0.98514, -0.055386, -0.162578, 0.002765, -0.126167, -0.40891, 0.903811, 6.368587, -0.116539, 0.910892, 0.395846, 5.622541, 0.0, 0.0, 0.0, 1.0],
                [-0.98514, -0.055386, -0.162578, 0.002765, -0.119627, -0.457954, 0.88089, 6.296637, -0.123243, 0.887249, 0.444523, 5.614968, 0.0, 0.0, 0.0, 1.0],
                [-0.98514, -0.055386, -0.162578, 0.002765, -0.112529, -0.506981, 0.854581, 6.22359, -0.129756, 0.860176, 0.493215, 5.604568, 0.0, 0.0, 0.0, 1.0],
                [-0.98514, -0.055386, -0.162578, 0.002765, -0.104922, -0.555355, 0.824968, 6.149394, -0.135981, 0.829767, 0.541291, 5.59109, 0.0, 0.0, 0.0, 1.0],
                [-0.98514, -0.055386, -0.162578, 0.002765, -0.096866, -0.602504, 0.792216, 6.073885, -0.141832, 0.796192, 0.588185, 5.574316, 0.0, 0.0, 0.0, 1.0],
                [-0.98514, -0.055386, -0.162578, 0.002765, -0.088426, -0.647932, 0.756548, 5.996798, -0.147242, 0.759681, 0.633406, 5.554064, 0.0, 0.0, 0.0, 1.0],
                [-0.98514, -0.055386, -0.162578, 0.002765, -0.079668, -0.691229, 0.718231, 5.917784, -0.152159, 0.720511, 0.676544, 5.530195, 0.0, 0.0, 0.0, 1.0],
                [-0.98514, -0.055386, -0.162578, 0.002765, -0.070661, -0.732062, 0.677564, 5.836462, -0.156545, 0.678983, 0.71727, 5.502611, 0.0, 0.0, 0.0, 1.0],
                [-0.98514, -0.055386, -0.162578, 0.002765, -0.059509, -0.777873, 0.625597, 5.746678, -0.161115, 0.625976, 0.763018, 5.465351, 0.0, 0.0, 0.0, 1.0],
                [-0.98514, -0.055386, -0.162578, 0.002765, -0.044097, -0.833284, 0.551084, 5.644237, -0.165996, 0.550063, 0.818459, 5.410852, 0.0, 0.0, 0.0, 1.0],
                [-0.98514, -0.055386, -0.162578, 0.002765, -0.024561, -0.891419, 0.452513, 5.533729, -0.169988, 0.449782, 0.876812, 5.337762, 0.0, 0.0, 0.0, 1.0],
                [-0.98514, -0.055386, -0.162578, 0.002765, -0.001932, -0.942945, 0.332944, 5.422191, -0.171743, 0.328311, 0.928825, 5.24787, 0.0, 0.0, 0.0, 1.0],
                [-0.98514, -0.055386, -0.162578, 0.002765, 0.021693, -0.979122, 0.202115, 5.317145, -0.170378, 0.195585, 0.965773, 5.147727, 0.0, 0.0, 0.0, 1.0],
                [-0.98514, -0.055386, -0.162578, 0.002765, 0.043629, -0.996227, 0.075021, 5.223307, -0.16612, 0.066813, 0.983839, 5.04782, 0.0, 0.0, 0.0, 1.0],
                [-0.98514, -0.055386, -0.162578, 0.002765, 0.061591, -0.997543, -0.033369, 5.140616, -0.160331, -0.042887, 0.986131, 4.958867, 0.0, 0.0, 0.0, 1.0],
                [-0.98514, -0.055386, -0.162578, 0.002765, 0.074377, -0.99079, -0.113151, 5.065459, -0.154814, -0.123562, 0.980186, 4.887963, 0.0, 0.0, 0.0, 1.0],
                [-0.98514, -0.055386, -0.162578, 0.002765, 0.0818, -0.983629, -0.160571, 4.993588, -0.151023, -0.171484, 0.973543, 4.837431, 0.0, 0.0, 0.0, 1.0],
                [-0.98514, -0.055386, -0.162578, 0.002765, 0.084182, -0.98079, -0.175966, 4.922203, -0.149709, -0.187037, 0.970878, 4.806071, 0.0, 0.0, 0.0, 1.0],
                [-0.98514, -0.055386, -0.162578, 0.002765, 0.081142, -0.984366, -0.156332, 4.839818, -0.151378, -0.167201, 0.974232, 4.735037, 0.0, 0.0, 0.0, 1.0],
                [-0.98514, -0.055386, -0.162578, 0.002765, 0.071589, -0.992847, -0.095555, 4.737666, -0.156123, -0.105774, 0.982058, 4.564806, 0.0, 0.0, 0.0, 1.0],
                [-0.98514, -0.055386, -0.162578, 0.002765, 0.054596, -0.998465, 0.009329, 4.621526, -0.162845, 0.000314, 0.986652, 4.295128, 0.0, 0.0, 0.0, 1.0],
                [-0.98514, -0.055386, -0.162578, 0.002765, 0.029364, -0.986954, 0.158301, 4.500811, -0.169225, 0.151175, 0.973914, 3.931012, 0.0, 0.0, 0.0, 1.0],
                [-0.98514, -0.055386, -0.162578, 0.002765, -0.003693, -0.939528, 0.342453, 4.386425, -0.171714, 0.337964, 0.925362, 3.483079, 0.0, 0.0, 0.0, 1.0],
                [-0.98514, -0.055386, -0.162578, 0.002765, -0.04171, -0.841093, 0.539281, 4.286356, -0.166612, 0.538048, 0.826284, 2.968539, 0.0, 0.0, 0.0, 1.0],
                [-0.98514, -0.055386, -0.162578, 0.002765, -0.079379, -0.692594, 0.716947, 4.201718, -0.15231, 0.719198, 0.677906, 2.413864, 0.0, 0.0, 0.0, 1.0],
                [-0.98514, -0.055386, -0.162578, 0.002765, -0.111202, -0.515709, 0.849517, 4.128072, -0.130895, 0.854972, 0.501886, 1.856557, 0.0, 0.0, 0.0, 1.0],
                [-0.98514, -0.055386, -0.162578, 0.002765, -0.134277, -0.341853, 0.930111, 4.061588, -0.107093, 0.93812, 0.329336, 1.340654, 0.0, 0.0, 0.0, 1.0],
                [-0.985139, -0.055386, -0.162578, 0.002765, -0.148917, -0.196181, 0.969193, 4.003161, -0.085575, 0.979002, 0.185018, 0.906693, 0.0, 0.0, 0.0, 1.0],
                [-0.98514, -0.055386, -0.162578, 0.002765, -0.157166, -0.091053, 0.983365, 3.957164, -0.069268, 0.994305, 0.080995, 0.58367, 0.0, 0.0, 0.0, 1.0],
                [-0.98514, -0.055386, -0.162578, 0.002765, -0.161163, -0.029155, 0.986497, 3.928082, -0.059378, 0.998039, 0.019796, 0.387201, 0.0, 0.0, 0.0, 1.0],
                [-0.98514, -0.055386, -0.162578, 0.002765, -0.162329, -0.009003, 0.986696, 3.918307, -0.056113, 0.998424, -0.000121, 0.322002, 0.0, 0.0, 0.0, 1.0],
                [-0.98514, -0.055386, -0.162578, 0.002765, -0.162329, -0.009003, 0.986696, 3.918307, -0.056113, 0.998424, -0.000121, 0.323037, 0.0, 0.0, 0.0, 1.0],
                [-0.98514, -0.055386, -0.162578, 0.002765, -0.162329, -0.009003, 0.986696, 3.918307, -0.056113, 0.998424, -0.000121, 0.326162, 0.0, 0.0, 0.0, 1.0],
                [-0.98514, -0.055386, -0.162578, 0.002765, -0.162329, -0.009003, 0.986696, 3.918307, -0.056113, 0.998424, -0.000121, 0.331314, 0.0, 0.0, 0.0, 1.0],
                [-0.98514, -0.055386, -0.162578, 0.002765, -0.162329, -0.009003, 0.986696, 3.918307, -0.056113, 0.998424, -0.000121, 0.338269, 0.0, 0.0, 0.0, 1.0],
                [-0.98514, -0.055386, -0.162578, 0.002765, -0.162329, -0.009003, 0.986696, 3.918307, -0.056113, 0.998424, -0.000121, 0.346598, 0.0, 0.0, 0.0, 1.0],
                [-0.98514, -0.055386, -0.162578, 0.002765, -0.162329, -0.009003, 0.986696, 3.918307, -0.056113, 0.998424, -0.000121, 0.355675, 0.0, 0.0, 0.0, 1.0],
                [-0.98514, -0.055386, -0.162578, 0.002765, -0.162329, -0.009003, 0.986696, 3.918307, -0.056113, 0.998424, -0.000121, 0.364752, 0.0, 0.0, 0.0, 1.0],
                [-0.98514, -0.055386, -0.162578, 0.002765, -0.162329, -0.009003, 0.986696, 3.918307, -0.056113, 0.998424, -0.000121, 0.37308, 0.0, 0.0, 0.0, 1.0],
                [-0.98514, -0.055386, -0.162578, 0.002765, -0.162329, -0.009003, 0.986696, 3.918307, -0.056113, 0.998424, -0.000121, 0.380035, 0.0, 0.0, 0.0, 1.0],
                [-0.98514, -0.055386, -0.162578, 0.002765, -0.162329, -0.009003, 0.986696, 3.918307, -0.056113, 0.998424, -0.000121, 0.385188, 0.0, 0.0, 0.0, 1.0],
                [-0.98514, -0.055386, -0.162578, 0.002765, -0.162329, -0.009003, 0.986696, 3.918307, -0.056113, 0.998424, -0.000121, 0.388313, 0.0, 0.0, 0.0, 1.0],
                [-0.98514, -0.055386, -0.162578, 0.002765, -0.162329, -0.009003, 0.986696, 3.918307, -0.056113, 0.998424, -0.000121, 0.389348, 0.0, 0.0, 0.0, 1.0]
            ]
        },
        {
            "name": "Thigh_R",
            "time": [0.0, 0.0167, 0.0333, 0.05, 0.0667, 0.0833, 0.1, 0.1167, 0.1333, 0.15, 0.1667, 0.1833, 0.2, 0.2167, 0.2333, 0.25, 0.2667, 0.2833, 0.3, 0.3167, 0.3333, 0.35, 0.3667, 0.3833, 0.4, 0.4167, 0.4333, 0.45, 0.4667, 0.4833, 0.5, 0.5167, 0.5333, 0.55, 0.5667, 0.5833, 0.6, 0.6167, 0.6333, 0.65, 0.6667, 0.6833, 0.7, 0.7167, 0.7333, 0.75, 0.7667, 0.7833, 0.8, 0.8167, 0.8333, 0.85, 0.8667, 0.8833, 0.9, 0.9167, 0.9333, 0.95, 0.9667, 0.9833, 1.0, 1.0167, 1.0333, 1.05, 1.0667, 1.0833, 1.1, 1.1167, 1.1333, 1.15, 1.1667, 1.1833, 1.2, 1.2167, 1.2333, 1.25, 1.2667, 1.2833, 1.3, 1.3167, 1.3333, 1.35, 1.3667, 1.3833, 1.4, 1.4167, 1.4333, 1.45, 1.4667, 1.4833, 1.5, 1.5167, 1.5333, 1.55, 1.5667, 1.5833, 1.6, 1.6167, 1.6333, 1.65, 1.6667, 1.6833, 1.7, 1.7167, 1.7333, 1.75, 1.7667, 1.7833, 1.8, 1.8167, 1.8333, 1.85, 1.8667, 1.8833, 1.9, 1.9167, 1.9333, 1.95, 1.9667, 1.9833, 2.0, 2.0167, 2.0333, 2.05, 2.0667, 2.0833, 2.1, 2.1167, 2.1333, 2.15, 2.1667, 2.1833, 2.2, 2.2167, 2.2333, 2.25, 2.2667, 2.2833, 2.3, 2.3167, 2.3333, 2.35, 2.3667, 2.3833, 2.4, 2.4167, 2.4333, 2.45, 2.4667, 2.4833, 2.5, 2.5167, 2.5333, 2.55, 2.5667, 2.5833, 2.6, 2.6167, 2.6333, 2.65, 2.6667, 2.6833, 2.7, 2.7167, 2.7333, 2.75, 2.7667, 2.7833, 2.8, 2.8167, 2.8333, 2.85, 2.8667, 2.8833, 2.9, 2.9167, 2.9333, 2.95, 2.9667, 2.9833, 3.0, 3.0167, 3.0333, 3.05, 3.0667, 3.0833, 3.1, 3.1167, 3.1333, 3.15, 3.1667],
            "transform": [
                [0.626939, -0.089093, 0.77396, 0.124994, 0.633802, -0.519368, -0.573197, -0.002831, 0.453036, 0.849893, -0.269145, -1.2e-05, 0.0, 0.0, 0.0, 1.0],
                [0.637991, -0.076026, 0.766284, 0.124994, 0.613941, -0.55044, -0.56577, -0.002831, 0.464805, 0.831406, -0.3045, -1.2e-05, 0.0, 0.0, 0.0, 1.0],
                [0.664911, -0.044668, 0.745588, 0.124994, 0.5601, -0.630576, -0.537276, -0.002831, 0.494147, 0.774841, -0.394259, -1.2e-05, 0.0, 0.0, 0.0, 1.0],
                [0.69304, -0.012412, 0.720795, 0.124994, 0.492774, -0.721635, -0.486231, -0.002831, 0.526184, 0.692162, -0.494006, -1.2e-05, 0.0, 0.0, 0.0, 1.0],
                [0.712538, 0.007243, 0.701599, 0.124994, 0.436104, -0.787901, -0.434773, -0.002831, 0.54964, 0.615759, -0.564569, -1.2e-05, 0.0, 0.0, 0.0, 1.0],
                [0.722585, 0.012866, 0.691164, 0.124994, 0.402057, -0.821148, -0.405054, -0.002831, 0.562335, 0.570571, -0.598523, -1.2e-05, 0.0, 0.0, 0.0, 1.0],
                [0.725527, 0.012998, 0.688074, 0.124994, 0.391253, -0.830312, -0.396869, -0.002831, 0.566155, 0.557147, -0.6075, -1.2e-05, 0.0, 0.0, 0.0, 1.0],
                [0.725526, 0.012998, 0.688075, 0.124994, 0.391255, -0.830311, -0.39687, -0.002831, 0.566155, 0.557148, -0.607499, -1.2e-05, 0.0, 0.0, 0.0, 1.0],
                [0.725527, 0.012999, 0.688074, 0.124994, 0.391254, -0.830312, -0.396869, -0.002831, 0.566155, 0.557147, -0.607501, -1.2e-05, 0.0, 0.0, 0.0, 1.0],
                [0.725526, 0.012998, 0.688074, 0.124994, 0.391254, -0.830312, -0.396869, -0.002831, 0.566155, 0.557147, -0.6075, -1.2e-05, 0.0, 0.0, 0.0, 1.0],
                [0.725526, 0.012998, 0.688075, 0.124994, 0.391255, -0.830311, -0.39687, -0.002831, 0.566155, 0.557148, -0.607499, -1.2e-05, 0.0, 0.0, 0.0, 1.0],
                [0.725526, 0.012999, 0.688074, 0.124994, 0.391254, -0.830312, -0.396868, -0.002831, 0.566155, 0.557147, -0.6075, -1.2e-05, 0.0, 0.0, 0.0, 1.0],
                [0.725526, 0.012998, 0.688074, 0.124994, 0.391254, -0.830311, -0.39687, -0.002831, 0.566155, 0.557149, -0.607499, -1.2e-05, 0.0, 0.0, 0.0, 1.0],
                [0.725527, 0.012997, 0.688074, 0.124993, 0.391254, -0.830311, -0.396871, -0.002831, 0.566155, 0.557149, -0.607499, -1.2e-05, 0.0, 0.0, 0.0, 1.0],
                [0.725526, 0.012999, 0.688074, 0.124993, 0.391254, -0.830312, -0.396869, -0.002831, 0.566155, 0.557147, -0.6075, -1.2e-05, 0.0, 0.0, 0.0, 1.0],
                [0.725527, 0.012999, 0.688074, 0.124994, 0.391254, -0.830312, -0.396869, -0.002831, 0.566155, 0.557147, -0.607501, -1.2e-05, 0.0, 0.0, 0.0, 1.0],
                [0.725527, 0.012998, 0.688074, 0.124994, 0.391253, -0.830312, -0.396869, -0.002831, 0.566155, 0.557147, -0.6075, -1.2e-05, 0.0, 0.0, 0.0, 1.0],
                [0.725526, 0.012997, 0.688074, 0.124994, 0.391254, -0.830311, -0.39687, -0.002831, 0.566155, 0.557148, -0.607499, -1.1e-05, 0.0, 0.0, 0.0, 1.0],
                [0.725526, 0.012999, 0.688074, 0.124993, 0.391254, -0.830312, -0.396868, -0.002831, 0.566155, 0.557147, -0.6075, -1.2e-05, 0.0, 0.0, 0.0, 1.0],
                [0.725527, 0.012998, 0.688074, 0.124993, 0.391253, -0.830312, -0.396869, -0.002831, 0.566155, 0.557147, -0.607501, -1.2e-05, 0.0, 0.0, 0.0, 1.0],
                [0.725526, 0.012997, 0.688074, 0.124994, 0.391254, -0.830311, -0.39687, -0.002831, 0.566155, 0.557148, -0.607499, -1.2e-05, 0.0, 0.0, 0.0, 1.0],
                [0.725526, 0.012999, 0.688075, 0.124994, 0.391254, -0.830312, -0.396868, -0.002831, 0.566156, 0.557147, -0.6075, -1.1e-05, 0.0, 0.0, 0.0, 1.0],
                [0.725526, 0.012998, 0.688074, 0.124993, 0.391254, -0.830312, -0.396869, -0.002831, 0.566155, 0.557147, -0.6075, -1.2e-05, 0.0, 0.0, 0.0, 1.0],
                [0.725527, 0.012998, 0.688074, 0.124994, 0.391253, -0.830312, -0.396869, -0.002831, 0.566155, 0.557147, -0.6075, -1.2e-05, 0.0, 0.0, 0.0, 1.0],
                [0.725527, 0.012999, 0.688074, 0.124994, 0.391254, -0.830312, -0.396869, -0.002831, 0.566155, 0.557147, -0.607501, -1.2e-05, 0.0, 0.0, 0.0, 1.0],
                [0.725527, 0.012998, 0.688074, 0.124994, 0.391253, -0.830312, -0.396869, -0.002831, 0.566155, 0.557147, -0.607501, -1.2e-05, 0.0, 0.0, 0.0, 1.0],
                [0.725526, 0.012998, 0.688074, 0.124993, 0.391254, -0.830312, -0.396869, -0.002831, 0.566155, 0.557147, -0.6075, -1.2e-05, 0.0, 0.0, 0.0, 1.0],
                [0.725526, 0.012999, 0.688074, 0.124994, 0.391254, -0.830312, -0.396868, -0.002831, 0.566155, 0.557147, -0.6075, -1.1e-05, 0.0, 0.0, 0.0, 1.0],
                [0.725527, 0.012999, 0.688074, 0.124993, 0.391253, -0.830312, -0.396869, -0.002831, 0.566155, 0.557147, -0.607501, -1.2e-05, 0.0, 0.0, 0.0, 1.0],
                [0.725526, 0.012997, 0.688074, 0.124993, 0.391254, -0.830311, -0.39687, -0.002831, 0.566155, 0.557148, -0.607499, -1.2e-05, 0.0, 0.0, 0.0, 1.0],
                [0.725526, 0.012998, 0.688074, 0.124993, 0.391254, -0.830312, -0.396869, -0.002831, 0.566155, 0.557147, -0.6075, -1.2e-05, 0.0, 0.0, 0.0, 1.0],
                [0.725526, 0.012998, 0.688075, 0.124994, 0.391255, -0.830311, -0.39687, -0.002831, 0.566155, 0.557148, -0.607499, -1.1e-05, 0.0, 0.0, 0.0, 1.0],
                [0.725527, 0.012999, 0.688074, 0.124994, 0.391253, -0.830312, -0.396869, -0.002831, 0.566155, 0.557147, -0.607501, -1.2e-05, 0.0, 0.0, 0.0, 1.0],
                [0.725526, 0.012999, 0.688074, 0.124994, 0.391254, -0.830312, -0.396868, -0.002831, 0.566155, 0.557147, -0.6075, -1.2e-05, 0.0, 0.0, 0.0, 1.0],
                [0.725526, 0.012999, 0.688075, 0.124994, 0.391254, -0.830312, -0.396868, -0.002831, 0.566156, 0.557147, -0.6075, -1.2e-05, 0.0, 0.0, 0.0, 1.0],
                [0.725527, 0.012997, 0.688074, 0.124994, 0.391254, -0.830311, -0.396871, -0.002831, 0.566155, 0.557149, -0.607499, -1.2e-05, 0.0, 0.0, 0.0, 1.0],
                [0.725526, 0.012998, 0.688074, 0.124993, 0.391254, -0.830311, -0.39687, -0.002831, 0.566155, 0.557149, -0.607499, -1.2e-05, 0.0, 0.0, 0.0, 1.0],
                [0.725526, 0.012998, 0.688074, 0.124994, 0.391254, -0.830311, -0.39687, -0.002831, 0.566155, 0.557149, -0.607499, -1.3e-05, 0.0, 0.0, 0.0, 1.0],
