{
    "animation": [
        {
            "name": "Root",
            "time": [0.0, 0.0167, 0.0333, 0.05, 0.0667, 0.0833, 0.1, 0.1167, 0.1333, 0.15, 0.1667, 0.1833, 0.2, 0.2167, 0.2333, 0.25, 0.2667, 0.2833, 0.3, 0.3167, 0.3333, 0.35, 0.3667, 0.3833, 0.4, 0.4167, 0.4333, 0.45, 0.4667, 0.4833, 0.5, 0.5167, 0.5333, 0.55, 0.5667, 0.5833, 0.6, 0.6167, 0.6333, 0.65, 0.6667, 0.6833, 0.7, 0.7167, 0.7333, 0.75, 0.7667, 0.7833, 0.8, 0.8167, 0.8333, 0.85, 0.8667, 0.8833, 0.9, 0.9167, 0.9333, 0.95, 0.9667, 0.9833, 1.0, 1.0167, 1.0333, 1.05, 1.0667, 1.0833, 1.1, 1.1167],
            "transform": [
                [0.87226, 0.049082, 0.486572, -0.002459, 0.485812, 0.027197, -0.87364, -0.000413, -0.056113, 0.998424, -0.000121, 0.46187, 0.0, 0.0, 0.0, 1.0],
                [0.87226, 0.049082, 0.486572, -0.002459, 0.485812, 0.027197, -0.87364, 0.340567, -0.056113, 0.998424, -0.000121, 0.46187, 0.0, 0.0, 0.0, 1.0],
                [0.87226, 0.049082, 0.486572, -0.002459, 0.485812, 0.027197, -0.87364, 1.332955, -0.056113, 0.998424, -0.000121, 0.46187, 0.0, 0.0, 0.0, 1.0],
                [0.87226, 0.049082, 0.486572, -0.002459, 0.485812, 0.027197, -0.87364, 2.759576, -0.056113, 0.998424, -0.000121, 0.46187, 0.0, 0.0, 0.0, 1.0],
                [0.87226, 0.049082, 0.486572, -0.002459, 0.485812, 0.027197, -0.87364, 4.186197, -0.056113, 0.998424, -0.000121, 0.46187, 0.0, 0.0, 0.0, 1.0],
                [0.87226, 0.049082, 0.486572, -0.002459, 0.485812, 0.027197, -0.87364, 5.178585, -0.056113, 0.998424, -0.000121, 0.46187, 0.0, 0.0, 0.0, 1.0],
                [0.87226, 0.049082, 0.486572, -0.002459, 0.485812, 0.027197, -0.87364, 5.519565, -0.056113, 0.998424, -0.000121, 0.46187, 0.0, 0.0, 0.0, 1.0],
                [0.87226, 0.049082, 0.486572, -0.002459, 0.485812, 0.027197, -0.87364, 5.519565, -0.056113, 0.998424, -0.000121, 0.46187, 0.0, 0.0, 0.0, 1.0],
                [0.87226, 0.049082, 0.486572, -0.002459, 0.485812, 0.027197, -0.87364, 5.519565, -0.056113, 0.998424, -0.000121, 0.46187, 0.0, 0.0, 0.0, 1.0],
                [-0.702826, -0.039414, 0.710269, 2.629744, 0.709145, 0.039941, 0.70393, 4.749109, -0.056113, 0.998424, -0.000121, 0.46187, 0.0, 0.0, 0.0, 1.0],
                [-0.702826, -0.039414, 0.710269, 2.3303, 0.709145, 0.039941, 0.70393, 4.052602, -0.056113, 0.998424, -0.000121, 0.46187, 0.0, 0.0, 0.0, 1.0],
                [-0.702826, -0.039414, 0.710269, 1.458797, 0.709145, 0.039941, 0.70393, 3.052473, -0.056113, 0.998424, -0.000121, 0.46187, 0.0, 0.0, 0.0, 1.0],
                [-0.702826, -0.039414, 0.710269, 0.205955, 0.709145, 0.039941, 0.70393, 1.906265, -0.056113, 0.998424, -0.000121, 0.46187, 0.0, 0.0, 0.0, 1.0],
                [-0.702826, -0.039414, 0.710269, -1.046886, 0.709145, 0.039941, 0.70393, 0.879756, -0.056113, 0.998424, -0.000121, 0.46187, 0.0, 0.0, 0.0, 1.0],
                [-0.702826, -0.039414, 0.710269, -1.918389, 0.709145, 0.039941, 0.70393, 0.208633, -0.056113, 0.998424, -0.000121, 0.46187, 0.0, 0.0, 0.0, 1.0],
                [-0.702826, -0.039414, 0.710269, -2.217833, 0.709145, 0.039941, 0.70393, -0.01385, -0.056113, 0.998424, -0.000121, 0.46187, 0.0, 0.0, 0.0, 1.0],
                [-0.702826, -0.039414, 0.710269, -2.217833, 0.709145, 0.039941, 0.70393, -0.01385, -0.056113, 0.998424, -0.000121, 0.46187, 0.0, 0.0, 0.0, 1.0],
                [-0.702826, -0.039414, 0.710269, -2.217833, 0.709145, 0.039941, 0.70393, -0.01385, -0.056113, 0.998424, -0.000121, 0.46187, 0.0, 0.0, 0.0, 1.0],
                [-0.894985, -0.050354, -0.443247, -1.522959, -0.442554, -0.024763, 0.8964, 4.197367, -0.056113, 0.998424, -0.000121, 0.46187, 0.0, 0.0, 0.0, 1.0],
                [-0.894985, -0.050354, -0.443247, -1.083841, -0.442554, -0.024763, 0.8964, 3.987863, -0.056113, 0.998424, -0.000121, 0.46187, 0.0, 0.0, 0.0, 1.0],
                [-0.894985, -0.050354, -0.443247, -0.486798, -0.442554, -0.024763, 0.8964, 3.367444, -0.056113, 0.998424, -0.000121, 0.46187, 0.0, 0.0, 0.0, 1.0],
                [-0.894985, -0.050354, -0.443247, 0.178176, -0.442554, -0.024763, 0.8964, 2.447627, -0.056113, 0.998424, -0.000121, 0.46187, 0.0, 0.0, 0.0, 1.0],
                [-0.894985, -0.050354, -0.443247, 0.76378, -0.442554, -0.024763, 0.8964, 1.473662, -0.056113, 0.998424, -0.000121, 0.46187, 0.0, 0.0, 0.0, 1.0],
                [-0.894985, -0.050354, -0.443247, 1.142668, -0.442554, -0.024763, 0.8964, 0.704407, -0.056113, 0.998424, -0.000121, 0.46187, 0.0, 0.0, 0.0, 1.0],
                [-0.894985, -0.050354, -0.443247, 1.267474, -0.442554, -0.024763, 0.8964, 0.280466, -0.056113, 0.998424, -0.000121, 0.46187, 0.0, 0.0, 0.0, 1.0],
                [-0.894985, -0.050354, -0.443247, 1.267474, -0.442554, -0.024763, 0.8964, 0.280466, -0.056113, 0.998424, -0.000121, 0.46187, 0.0, 0.0, 0.0, 1.0],
                [-0.894985, -0.050354, -0.443247, 1.267474, -0.442554, -0.024763, 0.8964, 0.280466, -0.056113, 0.998424, -0.000121, 0.46187, 0.0, 0.0, 0.0, 1.0],
                [0.87226, 0.049082, 0.486572, -0.002459, 0.485812, 0.027197, -0.87364, -0.000413, -0.056113, 0.998424, -0.000121, 0.46187, 0.0, 0.0, 0.0, 1.0],
                [0.974494, 0.054795, 0.217621, -0.002744, 0.217284, 0.012093, -0.976033, 0.067445, -0.056113, 0.998424, -0.000121, 0.46187, 0.0, 0.0, 0.0, 1.0],
                [0.996746, 0.056012, -0.05797, -0.002805, -0.057872, -0.003374, -0.998318, 0.274445, -0.056113, 0.998424, -0.000121, 0.46187, 0.0, 0.0, 0.0, 1.0],
                [0.947189, 0.053195, -0.316233, -0.002664, -0.315728, -0.01786, -0.948682, 0.620477, -0.056113, 0.998424, -0.000121, 0.46187, 0.0, 0.0, 0.0, 1.0],
                [0.840159, 0.047153, -0.540286, -0.002362, -0.539429, -0.030419, -0.841481, 1.090923, -0.056113, 0.998424, -0.000121, 0.46187, 0.0, 0.0, 0.0, 1.0],
                [0.692205, 0.038816, -0.720656, -0.001945, -0.719516, -0.040522, -0.693292, 1.653203, -0.056113, 0.998424, -0.000121, 0.46187, 0.0, 0.0, 0.0, 1.0],
                [0.519287, 0.029081, -0.854105, -0.001459, -0.852756, -0.04799, -0.5201, 2.259857, -0.056113, 0.998424, -0.000121, 0.46187, 0.0, 0.0, 0.0, 1.0],
                [0.335227, 0.018726, -0.941951, -0.000941, -0.940465, -0.052897, -0.335749, 2.858958, -0.056113, 0.998424, -0.000121, 0.46187, 0.0, 0.0, 0.0, 1.0],
                [0.151081, 0.008371, -0.988486, -0.000423, -0.986927, -0.055485, -0.151313, 3.406307, -0.056113, 0.998424, -0.000121, 0.46187, 0.0, 0.0, 0.0, 1.0],
                [-0.024921, -0.001522, -0.999688, 7.2e-05, -0.998113, -0.056093, 0.024968, 3.872435, -0.056113, 0.998424, -0.000121, 0.46187, 0.0, 0.0, 0.0, 1.0],
                [-0.18715, -0.010638, -0.982274, 0.000527, -0.980728, -0.055096, 0.187452, 4.242702, -0.056113, 0.998424, -0.000121, 0.46187, 0.0, 0.0, 0.0, 1.0],
                [-0.332199, -0.018785, -0.943022, 0.000935, -0.941539, -0.052876, 0.33273, 4.56365, -0.056113, 0.998424, -0.000121, 0.46187, 0.0, 0.0, 0.0, 1.0],
                [-0.458482, -0.025875, -0.888327, 0.001289, -0.88693, -0.049791, 0.459212, 4.881891, -0.056113, 0.998424, -0.000121, 0.46187, 0.0, 0.0, 0.0, 1.0],
                [-0.565807, -0.0319, -0.82392, 0.00159, -0.822626, -0.046164, 0.566705, 5.19005, -0.056113, 0.998424, -0.000121, 0.46187, 0.0, 0.0, 0.0, 1.0],
                [-0.654991, -0.036903, -0.754735, 0.001841, -0.75355, -0.042271, 0.65603, 5.478584, -0.056113, 0.998424, -0.000121, 0.46187, 0.0, 0.0, 0.0, 1.0],
                [-0.727517, -0.040971, -0.684865, 0.002044, -0.683791, -0.038342, 0.72867, 5.737112, -0.056113, 0.998424, -0.000121, 0.46187, 0.0, 0.0, 0.0, 1.0],
                [-0.785243, -0.044207, -0.617608, 0.002206, -0.61664, -0.034561, 0.786486, 5.956815, -0.056113, 0.998424, -0.000121, 0.46187, 0.0, 0.0, 0.0, 1.0],
                [-0.830169, -0.046725, -0.55555, 0.002332, -0.55468, -0.031073, 0.831483, 6.13278, -0.056113, 0.998424, -0.000121, 0.46187, 0.0, 0.0, 0.0, 1.0],
                [-0.864266, -0.048634, -0.500678, 0.002427, -0.499895, -0.02799, 0.865633, 6.264789, -0.056113, 0.998424, -0.000121, 0.46187, 0.0, 0.0, 0.0, 1.0],
                [-0.889339, -0.050038, -0.454501, 0.002497, -0.453791, -0.025396, 0.890746, 6.356308, -0.056113, 0.998424, -0.000121, 0.46187, 0.0, 0.0, 0.0, 1.0],
                [-0.906936, -0.051022, -0.418168, 0.002547, -0.417515, -0.023355, 0.90837, 6.412701, -0.056113, 0.998424, -0.000121, 0.46187, 0.0, 0.0, 0.0, 1.0],
                [-0.920381, -0.051774, -0.387581, 0.002584, -0.386977, -0.021637, 0.921836, 6.452456, -0.056113, 0.998424, -0.000121, 0.46187, 0.0, 0.0, 0.0, 1.0],
                [-0.932167, -0.052433, -0.35821, 0.002617, -0.357652, -0.019987, 0.933641, 6.49005, -0.056113, 0.998424, -0.000121, 0.46187, 0.0, 0.0, 0.0, 1.0],
                [-0.942374, -0.053003, -0.330337, 0.002646, -0.329823, -0.018422, 0.943863, 6.525269, -0.056113, 0.998424, -0.000121, 0.46187, 0.0, 0.0, 0.0, 1.0],
                [-0.951094, -0.05349, -0.304234, 0.00267, -0.303761, -0.016956, 0.952597, 6.557902, -0.056113, 0.998424, -0.000121, 0.46187, 0.0, 0.0, 0.0, 1.0],
                [-0.958442, -0.0539, -0.28015, 0.00269, -0.279715, -0.015604, 0.959956, 6.587752, -0.056113, 0.998424, -0.000121, 0.46187, 0.0, 0.0, 0.0, 1.0],
                [-0.964541, -0.05424, -0.258299, 0.002707, -0.257899, -0.014377, 0.966065, 6.61465, -0.056113, 0.998424, -0.000121, 0.46187, 0.0, 0.0, 0.0, 1.0],
                [-0.969526, -0.054518, -0.238845, 0.002721, -0.238475, -0.013285, 0.971058, 6.638468, -0.056113, 0.998424, -0.000121, 0.46187, 0.0, 0.0, 0.0, 1.0],
                [-0.973534, -0.054741, -0.221888, 0.002732, -0.221545, -0.012333, 0.975072, 6.659144, -0.056113, 0.998424, -0.000121, 0.46187, 0.0, 0.0, 0.0, 1.0],
                [-0.976702, -0.054918, -0.207454, 0.002741, -0.207133, -0.011522, 0.978245, 6.676691, -0.056113, 0.998424, -0.000121, 0.46187, 0.0, 0.0, 0.0, 1.0],
                [-0.97916, -0.055054, -0.195486, 0.002748, -0.195184, -0.010851, 0.980706, 6.691205, -0.056113, 0.998424, -0.000121, 0.46187, 0.0, 0.0, 0.0, 1.0],
                [-0.981029, -0.055158, -0.185851, 0.002753, -0.185565, -0.01031, 0.982578, 6.70287, -0.056113, 0.998424, -0.000121, 0.46187, 0.0, 0.0, 0.0, 1.0],
                [-0.982416, -0.055235, -0.178346, 0.002757, -0.178072, -0.009888, 0.983968, 6.711946, -0.056113, 0.998424, -0.000121, 0.46187, 0.0, 0.0, 0.0, 1.0],
                [-0.983418, -0.055291, -0.172718, 0.00276, -0.172453, -0.009572, 0.984971, 6.718747, -0.056113, 0.998424, -0.000121, 0.46187, 0.0, 0.0, 0.0, 1.0],
                [-0.984116, -0.05533, -0.168682, 0.002762, -0.168423, -0.009346, 0.98567, 6.723621, -0.056113, 0.998424, -0.000121, 0.46187, 0.0, 0.0, 0.0, 1.0],
                [-0.984581, -0.055355, -0.165943, 0.002763, -0.165688, -0.009192, 0.986136, 6.726928, -0.056113, 0.998424, -0.000121, 0.46187, 0.0, 0.0, 0.0, 1.0],
                [-0.984869, -0.055371, -0.164215, 0.002764, -0.163963, -0.009095, 0.986425, 6.729013, -0.056113, 0.998424, -0.000121, 0.46187, 0.0, 0.0, 0.0, 1.0],
                [-0.985032, -0.05538, -0.163233, 0.002764, -0.162982, -0.00904, 0.986588, 6.730198, -0.056113, 0.998424, -0.000121, 0.46187, 0.0, 0.0, 0.0, 1.0],
                [-0.98511, -0.055385, -0.162762, 0.002765, -0.162512, -0.009014, 0.986666, 6.730767, -0.056113, 0.998424, -0.000121, 0.46187, 0.0, 0.0, 0.0, 1.0],
                [-0.985137, -0.055386, -0.1626, 0.002765, -0.162351, -0.009004, 0.986692, 6.730962, -0.056113, 0.998424, -0.000121, 0.46187, 0.0, 0.0, 0.0, 1.0],
                [-0.98514, -0.055386, -0.162578, 0.002765, -0.162329, -0.009003, 0.986696, 6.730988, -0.056113, 0.998424, -0.000121, 0.46187, 0.0, 0.0, 0.0, 1.0],
                [-0.98514, -0.055386, -0.162578, 0.002765, -0.162329, -0.009003, 0.986696, 6.730988, -0.056113, 0.998424, -0.000121, 0.46187, 0.0, 0.0, 0.0, 1.0]
            ]
        },
        {
            "name": "Thigh_R",
            "time": [0.0, 0.0167, 0.0333, 0.05, 0.0667, 0.0833, 0.1, 0.1167, 0.1333, 0.15, 0.1667, 0.1833, 0.2, 0.2167, 0.2333, 0.25, 0.2667, 0.2833, 0.3, 0.3167, 0.3333, 0.35, 0.3667, 0.3833, 0.4, 0.4167, 0.4333, 0.45, 0.4667, 0.4833, 0.5, 0.5167, 0.5333, 0.55, 0.5667, 0.5833, 0.6, 0.6167, 0.6333, 0.65, 0.6667, 0.6833, 0.7, 0.7167, 0.7333, 0.75, 0.7667, 0.7833, 0.8, 0.8167, 0.8333, 0.85, 0.8667, 0.8833, 0.9, 0.9167, 0.9333, 0.95, 0.9667, 0.9833, 1.0, 1.0167, 1.0333, 1.05, 1.0667, 1.0833, 1.1, 1.1167],
            "transform": [
                [0.626939, -0.089093, 0.77396, 0.124994, 0.633802, -0.519368, -0.573197, -0.002831, 0.453036, 0.849893, -0.269145, -1.2e-05, 0.0, 0.0, 0.0, 1.0],
                [0.626939, -0.089093, 0.77396, 0.124994, 0.633802, -0.519368, -0.573197, -0.002831, 0.453036, 0.849893, -0.269145, -1.2e-05, 0.0, 0.0, 0.0, 1.0],
                [0.626939, -0.089093, 0.77396, 0.124994, 0.633802, -0.519368, -0.573197, -0.002831, 0.453036, 0.849893, -0.269145, -1.2e-05, 0.0, 0.0, 0.0, 1.0],
                [0.626939, -0.089092, 0.77396, 0.124994, 0.633802, -0.519369, -0.573196, -0.002831, 0.453036, 0.849893, -0.269146, -1.2e-05, 0.0, 0.0, 0.0, 1.0],
                [0.62694, -0.089093, 0.773959, 0.124994, 0.633801, -0.519369, -0.573197, -0.002831, 0.453036, 0.849893, -0.269146, -1.2e-05, 0.0, 0.0, 0.0, 1.0],
                [0.626939, -0.089091, 0.77396, 0.124993, 0.633802, -0.519369, -0.573196, -0.002831, 0.453036, 0.849893, -0.269146, -1.2e-05, 0.0, 0.0, 0.0, 1.0],
                [0.626939, -0.089094, 0.77396, 0.124994, 0.633803, -0.519367, -0.573197, -0.002831, 0.453036, 0.849894, -0.269144, -1.2e-05, 0.0, 0.0, 0.0, 1.0],
                [0.626939, -0.089094, 0.77396, 0.124994, 0.633803, -0.519367, -0.573197, -0.002831, 0.453036, 0.849894, -0.269144, -1.2e-05, 0.0, 0.0, 0.0, 1.0],
                [0.626939, -0.089094, 0.77396, 0.124994, 0.633803, -0.519367, -0.573197, -0.002831, 0.453036, 0.849894, -0.269144, -1.2e-05, 0.0, 0.0, 0.0, 1.0],
                [0.626941, -0.089091, 0.773959, 0.124995, 0.633801, -0.519371, -0.573197, -0.002831, 0.453037, 0.849893, -0.269148, -1.1e-05, 0.0, 0.0, 0.0, 1.0],
                [0.62694, -0.089091, 0.773959, 0.124994, 0.633801, -0.519371, -0.573197, -0.002831, 0.453037, 0.849893, -0.269148, -1.2e-05, 0.0, 0.0, 0.0, 1.0],
                [0.62694, -0.089092, 0.77396, 0.124994, 0.633802, -0.519369, -0.573197, -0.002831, 0.453036, 0.849894, -0.269146, -1.2e-05, 0.0, 0.0, 0.0, 1.0],
                [0.626939, -0.089091, 0.77396, 0.124994, 0.633802, -0.519369, -0.573196, -0.002831, 0.453036, 0.849894, -0.269146, -1.2e-05, 0.0, 0.0, 0.0, 1.0],
                [0.626939, -0.089092, 0.77396, 0.124994, 0.633802, -0.519369, -0.573197, -0.002831, 0.453036, 0.849894, -0.269145, -1.2e-05, 0.0, 0.0, 0.0, 1.0],
                [0.62694, -0.089093, 0.773959, 0.124994, 0.633801, -0.519369, -0.573198, -0.002831, 0.453036, 0.849894, -0.269145, -1.2e-05, 0.0, 0.0, 0.0, 1.0],
                [0.626939, -0.089092, 0.77396, 0.124994, 0.633802, -0.519369, -0.573197, -0.002831, 0.453036, 0.849894, -0.269146, -1.2e-05, 0.0, 0.0, 0.0, 1.0],
                [0.626939, -0.089092, 0.77396, 0.124994, 0.633802, -0.519369, -0.573197, -0.002831, 0.453036, 0.849894, -0.269146, -1.2e-05, 0.0, 0.0, 0.0, 1.0],
                [0.626939, -0.089092, 0.77396, 0.124994, 0.633802, -0.519369, -0.573197, -0.002831, 0.453036, 0.849894, -0.269146, -1.2e-05, 0.0, 0.0, 0.0, 1.0],
                [0.626939, -0.089091, 0.77396, 0.124994, 0.633803, -0.519369, -0.573196, -0.002831, 0.453036, 0.849893, -0.269146, -1.1e-05, 0.0, 0.0, 0.0, 1.0],
                [0.626938, -0.089093, 0.773961, 0.124994, 0.633803, -0.519368, -0.573197, -0.002831, 0.453036, 0.849894, -0.269144, -1.2e-05, 0.0, 0.0, 0.0, 1.0],
                [0.626939, -0.089093, 0.77396, 0.124994, 0.633802, -0.519368, -0.573197, -0.002831, 0.453036, 0.849893, -0.269145, -1.2e-05, 0.0, 0.0, 0.0, 1.0],
                [0.626939, -0.089092, 0.77396, 0.124994, 0.633802, -0.519368, -0.573197, -0.002831, 0.453036, 0.849894, -0.269145, -1.2e-05, 0.0, 0.0, 0.0, 1.0],
                [0.62694, -0.089092, 0.77396, 0.124994, 0.633802, -0.519369, -0.573197, -0.002831, 0.453036, 0.849893, -0.269145, -1.2e-05, 0.0, 0.0, 0.0, 1.0],
                [0.626939, -0.089093, 0.77396, 0.124994, 0.633803, -0.519368, -0.573197, -0.002831, 0.453036, 0.849894, -0.269145, -1.2e-05, 0.0, 0.0, 0.0, 1.0],
                [0.626939, -0.089092, 0.77396, 0.124994, 0.633802, -0.519368, -0.573197, -0.002831, 0.453036, 0.849893, -0.269145, -1.2e-05, 0.0, 0.0, 0.0, 1.0],
                [0.626939, -0.089092, 0.77396, 0.124994, 0.633802, -0.519368, -0.573197, -0.002831, 0.453036, 0.849893, -0.269145, -1.2e-05, 0.0, 0.0, 0.0, 1.0],
                [0.626939, -0.089092, 0.77396, 0.124994, 0.633802, -0.519368, -0.573197, -0.002831, 0.453036, 0.849893, -0.269145, -1.2e-05, 0.0, 0.0, 0.0, 1.0],
                [0.626939, -0.089093, 0.77396, 0.124994, 0.633802, -0.519368, -0.573197, -0.002831, 0.453036, 0.849893, -0.269145, -1.2e-05, 0.0, 0.0, 0.0, 1.0],
                [0.632482, -0.075098, 0.770929, 0.124994, 0.623994, -0.540276, -0.564569, -0.002831, 0.458911, 0.83813, -0.294854, -1.2e-05, 0.0, 0.0, 0.0, 1.0],
                [0.647834, -0.037481, 0.760862, 0.124994, 0.59525, -0.598378, -0.536307, -0.002831, 0.475382, 0.800337, -0.365339, -1.2e-05, 0.0, 0.0, 0.0, 1.0],
                [0.669014, 0.013778, 0.743125, 0.124994, 0.551136, -0.68001, -0.483569, -0.002831, 0.498667, 0.733074, -0.46253, -1.2e-05, 0.0, 0.0, 0.0, 1.0],
                [0.690907, 0.06876, 0.719669, 0.124994, 0.49846, -0.766324, -0.405326, -0.002831, 0.523627, 0.638765, -0.563733, -1.2e-05, 0.0, 0.0, 0.0, 1.0],
                [0.709595, 0.119918, 0.694333, 0.124994, 0.445438, -0.839867, -0.310181, -0.002831, 0.545949, 0.529382, -0.649382, -1.2e-05, 0.0, 0.0, 0.0, 1.0],
                [0.723487, 0.161505, 0.671183, 0.124993, 0.398869, -0.891333, -0.215478, -0.002831, 0.563445, 0.423606, -0.709288, -1.2e-05, 0.0, 0.0, 0.0, 1.0],
                [0.732807, 0.190531, 0.65322, 0.124994, 0.36251, -0.921733, -0.137831, -0.002831, 0.575831, 0.337799, -0.744522, -1.2e-05, 0.0, 0.0, 0.0, 1.0],
                [0.738509, 0.207505, 0.641522, 0.124994, 0.337366, -0.937518, -0.085126, -0.002831, 0.583772, 0.279291, -0.762371, -1.2e-05, 0.0, 0.0, 0.0, 1.0],
                [0.741514, 0.215492, 0.635392, 0.124994, 0.322936, -0.944735, -0.05647, -0.002831, 0.588106, 0.247062, -0.770127, -1.2e-05, 0.0, 0.0, 0.0, 1.0],
                [0.74244, 0.217648, 0.633573, 0.124993, 0.318302, -0.946786, -0.047754, -0.002831, 0.589462, 0.237119, -0.772212, -1.2e-05, 0.0, 0.0, 0.0, 1.0],
                [0.742439, 0.217651, 0.633574, 0.124995, 0.318304, -0.946786, -0.047752, -0.002831, 0.589463, 0.23712, -0.772212, -1.2e-05, 0.0, 0.0, 0.0, 1.0],
                [0.742441, 0.217648, 0.633573, 0.124994, 0.318301, -0.946787, -0.047754, -0.002831, 0.589462, 0.237119, -0.772213, -1.2e-05, 0.0, 0.0, 0.0, 1.0],
                [0.74244, 0.217649, 0.633574, 0.124993, 0.318303, -0.946786, -0.047753, -0.002831, 0.589463, 0.23712, -0.772211, -1.2e-05, 0.0, 0.0, 0.0, 1.0],
                [0.742441, 0.217648, 0.633573, 0.124994, 0.318302, -0.946787, -0.047754, -0.002831, 0.589463, 0.237119, -0.772212, -1.1e-05, 0.0, 0.0, 0.0, 1.0],
                [0.742439, 0.217649, 0.633574, 0.124995, 0.318303, -0.946786, -0.047754, -0.002831, 0.589463, 0.237121, -0.772212, -1.1e-05, 0.0, 0.0, 0.0, 1.0],
                [0.74244, 0.217649, 0.633573, 0.124995, 0.318303, -0.946786, -0.047754, -0.002831, 0.589462, 0.23712, -0.772212, -1.2e-05, 0.0, 0.0, 0.0, 1.0],
                [0.742441, 0.217648, 0.633573, 0.124995, 0.318302, -0.946786, -0.047754, -0.002831, 0.589463, 0.23712, -0.772212, -1.2e-05, 0.0, 0.0, 0.0, 1.0],
                [0.74244, 0.217649, 0.633574, 0.124994, 0.318303, -0.946786, -0.047754, -0.002831, 0.589463, 0.237121, -0.772212, -1.2e-05, 0.0, 0.0, 0.0, 1.0],
                [0.74244, 0.21765, 0.633572, 0.124994, 0.318303, -0.946786, -0.047752, -0.002831, 0.589462, 0.237118, -0.772213, -1.1e-05, 0.0, 0.0, 0.0, 1.0],
                [0.74244, 0.217649, 0.633573, 0.124994, 0.318303, -0.946786, -0.047753, -0.002831, 0.589463, 0.237119, -0.772212, -1.2e-05, 0.0, 0.0, 0.0, 1.0],
                [0.74244, 0.21765, 0.633573, 0.124994, 0.318302, -0.946786, -0.047752, -0.002831, 0.589463, 0.237118, -0.772213, -1.2e-05, 0.0, 0.0, 0.0, 1.0],
                [0.74244, 0.217649, 0.633574, 0.124994, 0.318303, -0.946786, -0.047754, -0.002831, 0.589463, 0.23712, -0.772212, -1.2e-05, 0.0, 0.0, 0.0, 1.0],
                [0.74244, 0.217649, 0.633573, 0.124994, 0.318302, -0.946786, -0.047753, -0.002831, 0.589462, 0.237119, -0.772212, -1.1e-05, 0.0, 0.0, 0.0, 1.0],
                [0.74244, 0.217649, 0.633574, 0.124994, 0.318303, -0.946786, -0.047754, -0.002831, 0.589463, 0.237121, -0.772212, -1.3e-05, 0.0, 0.0, 0.0, 1.0],
                [0.74244, 0.217649, 0.633573, 0.124994, 0.318302, -0.946786, -0.047753, -0.002831, 0.589462, 0.237119, -0.772213, -1.1e-05, 0.0, 0.0, 0.0, 1.0],
                [0.74244, 0.21765, 0.633573, 0.124994, 0.318303, -0.946787, -0.047752, -0.002831, 0.589463, 0.237118, -0.772213, -1.2e-05, 0.0, 0.0, 0.0, 1.0],
                [0.74244, 0.21765, 0.633573, 0.124994, 0.318303, -0.946786, -0.047753, -0.002831, 0.589462, 0.237119, -0.772213, -1.1e-05, 0.0, 0.0, 0.0, 1.0],
                [0.74244, 0.217649, 0.633574, 0.124994, 0.318303, -0.946786, -0.047754, -0.002831, 0.589463, 0.237121, -0.772212, -1.1e-05, 0.0, 0.0, 0.0, 1.0],
                [0.74244, 0.217649, 0.633573, 0.124994, 0.318303, -0.946786, -0.047753, -0.002831, 0.589463, 0.237119, -0.772212, -1.2e-05, 0.0, 0.0, 0.0, 1.0],
                [0.74244, 0.21765, 0.633573, 0.124994, 0.318303, -0.946786, -0.047753, -0.002831, 0.589462, 0.237119, -0.772212, -1.1e-05, 0.0, 0.0, 0.0, 1.0],
                [0.74244, 0.217649, 0.633574, 0.124994, 0.318303, -0.946786, -0.047754, -0.002831, 0.589463, 0.23712, -0.772212, -1.2e-05, 0.0, 0.0, 0.0, 1.0],
                [0.74244, 0.217649, 0.633573, 0.124994, 0.318303, -0.946786, -0.047753, -0.002831, 0.589462, 0.237119, -0.772212, -1.2e-05, 0.0, 0.0, 0.0, 1.0],
                [0.742441, 0.21765, 0.633573, 0.124994, 0.318303, -0.946786, -0.047752, -0.002831, 0.589462, 0.237118, -0.772212, -1.1e-05, 0.0, 0.0, 0.0, 1.0],
                [0.74244, 0.217649, 0.633574, 0.124994, 0.318303, -0.946786, -0.047754, -0.002831, 0.589463, 0.237121, -0.772212, -1.1e-05, 0.0, 0.0, 0.0, 1.0],
                [0.74244, 0.217649, 0.633573, 0.124994, 0.318303, -0.946786, -0.047753, -0.002831, 0.589463, 0.237119, -0.772212, -1.2e-05, 0.0, 0.0, 0.0, 1.0],
                [0.74244, 0.217649, 0.633574, 0.124994, 0.318303, -0.946786, -0.047754, -0.002831, 0.589463, 0.237121, -0.772212, -1.2e-05, 0.0, 0.0, 0.0, 1.0],
                [0.742439, 0.217649, 0.633574, 0.124994, 0.318304, -0.946786, -0.047754, -0.002831, 0.589463, 0.237121, -0.772211, -1.2e-05, 0.0, 0.0, 0.0, 1.0],
                [0.74244, 0.217649, 0.633574, 0.124994, 0.318304, -0.946786, -0.047755, -0.002831, 0.589463, 0.237122, -0.772211, -1.3e-05, 0.0, 0.0, 0.0, 1.0],
                [0.742439, 0.217649, 0.633574, 0.124994, 0.318304, -0.946786, -0.047755, -0.002831, 0.589463, 0.237122, -0.772211, -1.2e-05, 0.0, 0.0, 0.0, 1.0],
                [0.74244, 0.217649, 0.633573, 0.124994, 0.318303, -0.946786, -0.047755, -0.002831, 0.589462, 0.237121, -0.772212, -1.3e-05, 0.0, 0.0, 0.0, 1.0],
                [0.74244, 0.217649, 0.633573, 0.124994, 0.318303, -0.946786, -0.047755, -0.002831, 0.589462, 0.237121, -0.772212, -1.3e-05, 0.0, 0.0, 0.0, 1.0]
            ]
        },
        {
            "name": "Leg_R",
            "time": [0.0, 0.0167, 0.0333, 0.05, 0.0667, 0.0833, 0.1, 0.1167, 0.1333, 0.15, 0.1667, 0.1833, 0.2, 0.2167, 0.2333, 0.25, 0.2667, 0.2833, 0.3, 0.3167, 0.3333, 0.35, 0.3667, 0.3833, 0.4, 0.4167, 0.4333, 0.45, 0.4667, 0.4833, 0.5, 0.5167, 0.5333, 0.55, 0.5667, 0.5833, 0.6, 0.6167, 0.6333, 0.65, 0.6667, 0.6833, 0.7, 0.7167, 0.7333, 0.75, 0.7667, 0.7833, 0.8, 0.8167, 0.8333, 0.85, 0.8667, 0.8833, 0.9, 0.9167, 0.9333, 0.95, 0.9667, 0.9833, 1.0, 1.0167, 1.0333, 1.05, 1.0667, 1.0833, 1.1, 1.1167],
            "transform": [
                [1.0, -0.000687, -0.000351, 0.0, 0.000758, 0.789135, 0.614222, 0.375166, -0.000145, -0.614218, 0.789134, -0.0, 0.0, 0.0, 0.0, 1.0],
                [1.0, -0.000687, -0.000351, -0.0, 0.000758, 0.789135, 0.614221, 0.375166, -0.000145, -0.614218, 0.789135, -0.0, 0.0, 0.0, 0.0, 1.0],
                [1.0, -0.000687, -0.000351, 0.0, 0.000757, 0.789136, 0.614221, 0.375166, -0.000145, -0.614218, 0.789135, -0.0, 0.0, 0.0, 0.0, 1.0],
                [1.0, -0.000687, -0.000351, 0.0, 0.000758, 0.789134, 0.614223, 0.375167, -0.000145, -0.614219, 0.789133, -0.0, 0.0, 0.0, 0.0, 1.0],
                [1.0, -0.000687, -0.000351, 0.0, 0.000758, 0.789135, 0.614222, 0.375167, -0.000145, -0.614218, 0.789134, 0.0, 0.0, 0.0, 0.0, 1.0],
                [1.0, -0.000687, -0.000351, -0.0, 0.000758, 0.789133, 0.614224, 0.375166, -0.000145, -0.61422, 0.789133, 0.0, 0.0, 0.0, 0.0, 1.0],
                [0.999999, -0.000687, -0.000351, 0.0, 0.000758, 0.789137, 0.614219, 0.375167, -0.000145, -0.614215, 0.789136, -0.0, 0.0, 0.0, 0.0, 1.0],
                [0.999999, -0.000687, -0.000351, 0.0, 0.000758, 0.789137, 0.614219, 0.375167, -0.000145, -0.614215, 0.789136, -0.0, 0.0, 0.0, 0.0, 1.0],
                [0.999999, -0.000687, -0.000351, 0.0, 0.000758, 0.789137, 0.614219, 0.375167, -0.000145, -0.614215, 0.789136, -0.0, 0.0, 0.0, 0.0, 1.0],
                [1.0, -0.000687, -0.000351, 1e-06, 0.000758, 0.789132, 0.614225, 0.375166, -0.000145, -0.614222, 0.789131, -0.0, 0.0, 0.0, 0.0, 1.0],
                [0.999999, -0.000687, -0.000351, 0.0, 0.000758, 0.789132, 0.614225, 0.375166, -0.000145, -0.614222, 0.789131, 0.0, 0.0, 0.0, 0.0, 1.0],
                [1.0, -0.000687, -0.000351, 0.0, 0.000757, 0.789134, 0.614223, 0.375166, -0.000145, -0.614219, 0.789133, -0.0, 0.0, 0.0, 0.0, 1.0],
                [0.999999, -0.000687, -0.000351, 0.0, 0.000757, 0.789134, 0.614223, 0.375166, -0.000145, -0.61422, 0.789133, -0.0, 0.0, 0.0, 0.0, 1.0],
                [1.0, -0.000687, -0.000351, 0.0, 0.000758, 0.789135, 0.614222, 0.375166, -0.000145, -0.614219, 0.789134, -0.0, 0.0, 0.0, 0.0, 1.0],
                [0.999999, -0.000687, -0.000351, -0.0, 0.000757, 0.789136, 0.614221, 0.375167, -0.000145, -0.614217, 0.789135, -0.0, 0.0, 0.0, 0.0, 1.0],
                [0.999999, -0.000687, -0.000351, 0.0, 0.000758, 0.789134, 0.614223, 0.375166, -0.000145, -0.61422, 0.789133, 0.0, 0.0, 0.0, 0.0, 1.0],
                [0.999999, -0.000687, -0.000351, 0.0, 0.000758, 0.789134, 0.614223, 0.375166, -0.000145, -0.61422, 0.789133, 0.0, 0.0, 0.0, 0.0, 1.0],
                [0.999999, -0.000687, -0.000351, 0.0, 0.000758, 0.789134, 0.614223, 0.375166, -0.000145, -0.61422, 0.789133, 0.0, 0.0, 0.0, 0.0, 1.0],
                [1.0, -0.000687, -0.000351, 0.0, 0.000758, 0.789134, 0.614223, 0.375166, -0.000145, -0.61422, 0.789133, -0.0, 0.0, 0.0, 0.0, 1.0],
                [1.0, -0.000687, -0.000351, -0.0, 0.000758, 0.789136, 0.61422, 0.375166, -0.000145, -0.614217, 0.789136, -0.0, 0.0, 0.0, 0.0, 1.0],
                [1.0, -0.000687, -0.000351, -0.0, 0.000758, 0.789136, 0.614221, 0.375166, -0.000145, -0.614217, 0.789135, 0.0, 0.0, 0.0, 0.0, 1.0],
                [1.0, -0.000687, -0.000351, 0.0, 0.000758, 0.789136, 0.614221, 0.375166, -0.000145, -0.614218, 0.789135, 0.0, 0.0, 0.0, 0.0, 1.0],
                [1.0, -0.000687, -0.000351, -0.0, 0.000757, 0.789135, 0.614221, 0.375166, -0.000145, -0.614218, 0.789135, 0.0, 0.0, 0.0, 0.0, 1.0],
                [1.0, -0.000687, -0.000351, -0.0, 0.000758, 0.789136, 0.61422, 0.375166, -0.000145, -0.614217, 0.789135, -0.0, 0.0, 0.0, 0.0, 1.0],
                [1.0, -0.000687, -0.000351, 0.0, 0.000757, 0.789135, 0.614221, 0.375166, -0.000145, -0.614218, 0.789135, -0.0, 0.0, 0.0, 0.0, 1.0],
                [1.0, -0.000687, -0.000351, 0.0, 0.000757, 0.789135, 0.614221, 0.375166, -0.000145, -0.614218, 0.789135, -0.0, 0.0, 0.0, 0.0, 1.0],
                [1.0, -0.000687, -0.000351, 0.0, 0.000757, 0.789135, 0.614221, 0.375166, -0.000145, -0.614218, 0.789135, -0.0, 0.0, 0.0, 0.0, 1.0],
                [1.0, -0.000687, -0.000351, 0.0, 0.000758, 0.789135, 0.614222, 0.375166, -0.000145, -0.614218, 0.789134, -0.0, 0.0, 0.0, 0.0, 1.0],
                [0.999999, -0.000715, -0.000373, 0.0, 0.000788, 0.769136, 0.639086, 0.375166, -0.00017, -0.639083, 0.769136, 0.0, 0.0, 0.0, 0.0, 1.0],
                [1.0, -0.000784, -0.000436, 0.0, 0.000865, 0.712845, 0.701324, 0.375166, -0.000239, -0.70132, 0.712844, 0.0, 0.0, 0.0, 0.0, 1.0],
                [0.999999, -0.000866, -0.000525, 0.0, 0.000955, 0.633147, 0.774034, 0.375166, -0.000337, -0.774029, 0.633146, -0.0, 0.0, 0.0, 0.0, 1.0],
                [0.999999, -0.000933, -0.000617, 0.0, 0.001029, 0.551324, 0.834292, 0.375166, -0.000438, -0.834288, 0.551324, -0.0, 0.0, 0.0, 0.0, 1.0],
                [0.999999, -0.000975, -0.000686, -0.0, 0.001076, 0.489237, 0.872152, 0.375166, -0.000515, -0.872148, 0.489236, -0.0, 0.0, 0.0, 0.0, 1.0],
                [0.999999, -0.000993, -0.000719, 0.0, 0.001095, 0.459811, 0.888019, 0.375166, -0.000551, -0.888014, 0.45981, -0.0, 0.0, 0.0, 0.0, 1.0],
                [0.999999, -0.000992, -0.000718, 0.0, 0.001095, 0.460869, 0.887469, 0.375166, -0.00055, -0.887465, 0.460869, -0.0, 0.0, 0.0, 0.0, 1.0],
                [1.0, -0.000982, -0.000698, -0.0, 0.001083, 0.47878, 0.877936, 0.375166, -0.000528, -0.877932, 0.478779, 0.0, 0.0, 0.0, 0.0, 1.0],
                [0.999999, -0.00097, -0.000677, -0.0, 0.00107, 0.497152, 0.867665, 0.375166, -0.000505, -0.867661, 0.497151, -0.0, 0.0, 0.0, 0.0, 1.0],
                [1.0, -0.000965, -0.000669, 0.0, 0.001065, 0.50463, 0.863338, 0.375166, -0.000496, -0.863333, 0.504629, -0.0, 0.0, 0.0, 0.0, 1.0],
                [0.999999, -0.000965, -0.000669, -0.0, 0.001065, 0.504629, 0.863338, 0.375166, -0.000496, -0.863334, 0.504628, 0.0, 0.0, 0.0, 0.0, 1.0],
                [0.999999, -0.000966, -0.000669, -0.0, 0.001065, 0.504629, 0.863338, 0.375166, -0.000496, -0.863334, 0.504628, -0.0, 0.0, 0.0, 0.0, 1.0],
                [0.999999, -0.000966, -0.000669, -0.0, 0.001065, 0.50463, 0.863337, 0.375166, -0.000496, -0.863333, 0.504629, -0.0, 0.0, 0.0, 0.0, 1.0],
                [0.999999, -0.000965, -0.000669, 0.0, 0.001065, 0.504629, 0.863337, 0.375166, -0.000496, -0.863333, 0.504629, -0.0, 0.0, 0.0, 0.0, 1.0],
                [0.999999, -0.000965, -0.000669, -0.0, 0.001065, 0.504631, 0.863336, 0.375166, -0.000496, -0.863332, 0.50463, 0.0, 0.0, 0.0, 0.0, 1.0],
                [1.0, -0.000965, -0.000669, 0.0, 0.001065, 0.504631, 0.863337, 0.375166, -0.000496, -0.863333, 0.50463, 0.0, 0.0, 0.0, 0.0, 1.0],
                [0.999999, -0.000965, -0.000669, -0.0, 0.001065, 0.50463, 0.863337, 0.375166, -0.000496, -0.863333, 0.504629, 0.0, 0.0, 0.0, 0.0, 1.0],
                [0.999999, -0.000965, -0.000669, -0.0, 0.001065, 0.504631, 0.863336, 0.375166, -0.000496, -0.863333, 0.50463, -0.0, 0.0, 0.0, 0.0, 1.0],
                [0.999999, -0.000965, -0.000669, -0.0, 0.001065, 0.504627, 0.863338, 0.375166, -0.000496, -0.863335, 0.504627, -0.0, 0.0, 0.0, 0.0, 1.0],
                [0.999999, -0.000965, -0.000669, -0.0, 0.001065, 0.504629, 0.863337, 0.375166, -0.000496, -0.863333, 0.504628, -0.0, 0.0, 0.0, 0.0, 1.0],
                [0.999999, -0.000965, -0.000669, -0.0, 0.001065, 0.504628, 0.863338, 0.375166, -0.000496, -0.863334, 0.504627, 0.0, 0.0, 0.0, 0.0, 1.0],
                [0.999999, -0.000965, -0.000669, 0.0, 0.001065, 0.50463, 0.863337, 0.375166, -0.000496, -0.863333, 0.504629, 0.0, 0.0, 0.0, 0.0, 1.0],
                [0.999999, -0.000965, -0.000669, 0.0, 0.001065, 0.504629, 0.863338, 0.375166, -0.000496, -0.863334, 0.504628, -0.0, 0.0, 0.0, 0.0, 1.0],
                [0.999999, -0.000965, -0.000669, 0.0, 0.001065, 0.504631, 0.863336, 0.375166, -0.000496, -0.863333, 0.50463, 0.0, 0.0, 0.0, 0.0, 1.0],
                [0.999999, -0.000965, -0.000669, 0.0, 0.001065, 0.504629, 0.863338, 0.375166, -0.000496, -0.863333, 0.504629, -0.0, 0.0, 0.0, 0.0, 1.0],
                [1.0, -0.000965, -0.000669, -0.0, 0.001065, 0.504628, 0.863338, 0.375166, -0.000496, -0.863335, 0.504627, -0.0, 0.0, 0.0, 0.0, 1.0],
                [0.999999, -0.000965, -0.000669, 0.0, 0.001065, 0.504629, 0.863338, 0.375166, -0.000496, -0.863334, 0.504628, 1e-06, 0.0, 0.0, 0.0, 1.0],
                [0.999999, -0.000965, -0.000669, 0.0, 0.001065, 0.50463, 0.863337, 0.375166, -0.000496, -0.863333, 0.50463, 0.0, 0.0, 0.0, 0.0, 1.0],
                [0.999999, -0.000966, -0.000669, -0.0, 0.001065, 0.504629, 0.863338, 0.375166, -0.000496, -0.863333, 0.504628, 1e-06, 0.0, 0.0, 0.0, 1.0],
                [0.999999, -0.000965, -0.000669, -0.0, 0.001065, 0.504629, 0.863338, 0.375166, -0.000496, -0.863334, 0.504628, -0.0, 0.0, 0.0, 0.0, 1.0],
                [1.0, -0.000965, -0.000669, -0.0, 0.001065, 0.50463, 0.863337, 0.375166, -0.000496, -0.863333, 0.50463, 0.0, 0.0, 0.0, 0.0, 1.0],
                [0.999999, -0.000965, -0.000669, -0.0, 0.001065, 0.504629, 0.863338, 0.375166, -0.000496, -0.863333, 0.504628, -0.0, 0.0, 0.0, 0.0, 1.0],
                [0.999999, -0.000965, -0.000669, 0.0, 0.001065, 0.504628, 0.863338, 0.375166, -0.000496, -0.863334, 0.504627, -0.0, 0.0, 0.0, 0.0, 1.0],
                [0.999999, -0.000965, -0.000669, -0.0, 0.001065, 0.50463, 0.863337, 0.375166, -0.000496, -0.863333, 0.50463, -0.0, 0.0, 0.0, 0.0, 1.0],
                [0.999999, -0.000965, -0.000669, 0.0, 0.001065, 0.504629, 0.863338, 0.375166, -0.000496, -0.863333, 0.504628, -0.0, 0.0, 0.0, 0.0, 1.0],
                [0.999999, -0.000965, -0.000669, 0.0, 0.001065, 0.50463, 0.863337, 0.375166, -0.000496, -0.863333, 0.50463, -0.0, 0.0, 0.0, 0.0, 1.0],
                [0.999999, -0.000965, -0.000669, 0.0, 0.001065, 0.504631, 0.863337, 0.375166, -0.000496, -0.863332, 0.50463, 0.0, 0.0, 0.0, 0.0, 1.0],
                [0.999999, -0.000965, -0.000669, -0.0, 0.001065, 0.504632, 0.863336, 0.375166, -0.000496, -0.863332, 0.504632, 0.0, 0.0, 0.0, 0.0, 1.0],
                [0.999999, -0.000965, -0.000669, -0.0, 0.001065, 0.504632, 0.863336, 0.375166, -0.000496, -0.863332, 0.504631, 1e-06, 0.0, 0.0, 0.0, 1.0],
                [0.999999, -0.000965, -0.000669, -0.0, 0.001065, 0.504631, 0.863337, 0.375166, -0.000496, -0.863332, 0.50463, 0.0, 0.0, 0.0, 0.0, 1.0],
                [0.999999, -0.000965, -0.000669, -0.0, 0.001065, 0.504631, 0.863337, 0.375166, -0.000496, -0.863332, 0.50463, 0.0, 0.0, 0.0, 0.0, 1.0]
            ]
        },
        {
            "name": "Knee_R",
            "time": [0.0, 0.0167, 0.0333, 0.05, 0.0667, 0.0833, 0.1, 0.1167, 0.1333, 0.15, 0.1667, 0.1833, 0.2, 0.2167, 0.2333, 0.25, 0.2667, 0.2833, 0.3, 0.3167, 0.3333, 0.35, 0.3667, 0.3833, 0.4, 0.4167, 0.4333, 0.45, 0.4667, 0.4833, 0.5, 0.5167, 0.5333, 0.55, 0.5667, 0.5833, 0.6, 0.6167, 0.6333, 0.65, 0.6667, 0.6833, 0.7, 0.7167, 0.7333, 0.75, 0.7667, 0.7833, 0.8, 0.8167, 0.8333, 0.85, 0.8667, 0.8833, 0.9, 0.9167, 0.9333, 0.95, 0.9667, 0.9833, 1.0, 1.0167, 1.0333, 1.05, 1.0667, 1.0833, 1.1, 1.1167],
            "transform": [
                [1.0, -5.7e-05, 5.4e-05, 0.0, 5.7e-05, 0.048757, -0.998811, 0.375166, 5.4e-05, 0.998811, 0.048757, -0.0, 0.0, 0.0, 0.0, 1.0],
                [1.0, -5.7e-05, 5.4e-05, -0.0, 5.7e-05, 0.048757, -0.998811, 0.375166, 5.4e-05, 0.998811, 0.048757, -0.0, 0.0, 0.0, 0.0, 1.0],
                [1.0, -5.7e-05, 5.4e-05, 0.0, 5.7e-05, 0.048757, -0.998811, 0.375166, 5.4e-05, 0.998811, 0.048757, -0.0, 0.0, 0.0, 0.0, 1.0],
                [1.0, -5.7e-05, 5.4e-05, 0.0, 5.7e-05, 0.048757, -0.998811, 0.375167, 5.4e-05, 0.998811, 0.048757, -0.0, 0.0, 0.0, 0.0, 1.0],
                [1.0, -5.7e-05, 5.4e-05, 0.0, 5.7e-05, 0.048757, -0.998811, 0.375167, 5.4e-05, 0.998811, 0.048757, 0.0, 0.0, 0.0, 0.0, 1.0],
                [1.0, -5.7e-05, 5.4e-05, -0.0, 5.7e-05, 0.048757, -0.998811, 0.375166, 5.4e-05, 0.998811, 0.048757, 0.0, 0.0, 0.0, 0.0, 1.0],
                [1.0, -5.7e-05, 5.4e-05, 0.0, 5.7e-05, 0.048757, -0.99881, 0.375167, 5.4e-05, 0.998811, 0.048757, -0.0, 0.0, 0.0, 0.0, 1.0],
                [1.0, -5.7e-05, 5.4e-05, 0.0, 5.7e-05, 0.048757, -0.99881, 0.375167, 5.4e-05, 0.998811, 0.048757, -0.0, 0.0, 0.0, 0.0, 1.0],
                [1.0, -5.7e-05, 5.4e-05, 0.0, 5.7e-05, 0.048757, -0.99881, 0.375167, 5.4e-05, 0.998811, 0.048757, -0.0, 0.0, 0.0, 0.0, 1.0],
                [1.0, -5.7e-05, 5.4e-05, 1e-06, 5.7e-05, 0.048757, -0.99881, 0.375166, 5.4e-05, 0.99881, 0.048757, -0.0, 0.0, 0.0, 0.0, 1.0],
                [1.0, -5.7e-05, 5.4e-05, 0.0, 5.7e-05, 0.048757, -0.99881, 0.375166, 5.4e-05, 0.99881, 0.048757, 0.0, 0.0, 0.0, 0.0, 1.0],
                [1.0, -5.7e-05, 5.4e-05, 0.0, 5.7e-05, 0.048757, -0.998811, 0.375166, 5.4e-05, 0.99881, 0.048757, -0.0, 0.0, 0.0, 0.0, 1.0],
                [1.0, -5.7e-05, 5.4e-05, 0.0, 5.7e-05, 0.048757, -0.998811, 0.375166, 5.4e-05, 0.998811, 0.048757, -0.0, 0.0, 0.0, 0.0, 1.0],
                [1.0, -5.7e-05, 5.4e-05, 0.0, 5.7e-05, 0.048757, -0.998811, 0.375166, 5.4e-05, 0.998811, 0.048757, -0.0, 0.0, 0.0, 0.0, 1.0],
                [1.0, -5.7e-05, 5.4e-05, -0.0, 5.7e-05, 0.048757, -0.998811, 0.375167, 5.4e-05, 0.998811, 0.048757, -0.0, 0.0, 0.0, 0.0, 1.0],
                [1.0, -5.7e-05, 5.4e-05, 0.0, 5.7e-05, 0.048757, -0.998811, 0.375166, 5.4e-05, 0.998811, 0.048757, 0.0, 0.0, 0.0, 0.0, 1.0],
                [1.0, -5.7e-05, 5.4e-05, 0.0, 5.7e-05, 0.048757, -0.998811, 0.375166, 5.4e-05, 0.998811, 0.048757, 0.0, 0.0, 0.0, 0.0, 1.0],
                [1.0, -5.7e-05, 5.4e-05, 0.0, 5.7e-05, 0.048757, -0.998811, 0.375166, 5.4e-05, 0.998811, 0.048757, 0.0, 0.0, 0.0, 0.0, 1.0],
                [1.0, -5.7e-05, 5.4e-05, 0.0, 5.7e-05, 0.048757, -0.998811, 0.375166, 5.4e-05, 0.998811, 0.048757, -0.0, 0.0, 0.0, 0.0, 1.0],
                [1.0, -5.7e-05, 5.4e-05, -0.0, 5.7e-05, 0.048757, -0.998811, 0.375166, 5.4e-05, 0.998811, 0.048757, -0.0, 0.0, 0.0, 0.0, 1.0],
                [1.0, -5.7e-05, 5.4e-05, -0.0, 5.7e-05, 0.048757, -0.998811, 0.375166, 5.4e-05, 0.998811, 0.048757, 0.0, 0.0, 0.0, 0.0, 1.0],
                [1.0, -5.7e-05, 5.4e-05, 0.0, 5.7e-05, 0.048757, -0.998811, 0.375166, 5.4e-05, 0.998811, 0.048757, 0.0, 0.0, 0.0, 0.0, 1.0],
                [1.0, -5.7e-05, 5.4e-05, -0.0, 5.7e-05, 0.048757, -0.998811, 0.375166, 5.4e-05, 0.998811, 0.048757, 0.0, 0.0, 0.0, 0.0, 1.0],
                [1.0, -5.7e-05, 5.4e-05, -0.0, 5.7e-05, 0.048757, -0.998811, 0.375166, 5.4e-05, 0.998811, 0.048757, -0.0, 0.0, 0.0, 0.0, 1.0],
                [1.0, -5.7e-05, 5.4e-05, 0.0, 5.7e-05, 0.048757, -0.998811, 0.375166, 5.4e-05, 0.998811, 0.048757, -0.0, 0.0, 0.0, 0.0, 1.0],
                [1.0, -5.7e-05, 5.4e-05, 0.0, 5.7e-05, 0.048757, -0.998811, 0.375166, 5.4e-05, 0.998811, 0.048757, -0.0, 0.0, 0.0, 0.0, 1.0],
                [1.0, -5.7e-05, 5.4e-05, 0.0, 5.7e-05, 0.048757, -0.998811, 0.375166, 5.4e-05, 0.998811, 0.048757, -0.0, 0.0, 0.0, 0.0, 1.0],
                [1.0, -5.7e-05, 5.4e-05, 0.0, 5.7e-05, 0.048757, -0.998811, 0.375166, 5.4e-05, 0.998811, 0.048757, -0.0, 0.0, 0.0, 0.0, 1.0],
                [1.0, -5.7e-05, 5.4e-05, 0.0, 5.7e-05, 0.048757, -0.998811, 0.375166, 5.4e-05, 0.998811, 0.048757, 0.0, 0.0, 0.0, 0.0, 1.0],
                [1.0, -5.7e-05, 5.4e-05, 0.0, 5.7e-05, 0.048757, -0.998811, 0.375166, 5.4e-05, 0.998811, 0.048757, 0.0, 0.0, 0.0, 0.0, 1.0],
                [1.0, -5.7e-05, 5.4e-05, 0.0, 5.7e-05, 0.048757, -0.998811, 0.375166, 5.4e-05, 0.998811, 0.048757, -0.0, 0.0, 0.0, 0.0, 1.0],
                [1.0, -5.7e-05, 5.4e-05, 0.0, 5.7e-05, 0.048757, -0.998811, 0.375166, 5.4e-05, 0.998811, 0.048757, -0.0, 0.0, 0.0, 0.0, 1.0],
                [1.0, -5.7e-05, 5.4e-05, -0.0, 5.7e-05, 0.048757, -0.99881, 0.375166, 5.4e-05, 0.99881, 0.048757, -0.0, 0.0, 0.0, 0.0, 1.0],
                [1.0, -5.7e-05, 5.4e-05, 0.0, 5.7e-05, 0.048757, -0.998811, 0.375166, 5.4e-05, 0.998811, 0.048757, -0.0, 0.0, 0.0, 0.0, 1.0],
