{
    "animation": [
        {
            "name": "Root",
            "time": [0.0, 0.0167, 0.0333, 0.05, 0.0667, 0.0833, 0.1, 0.1167, 0.1333, 0.15, 0.1667, 0.1833, 0.2, 0.2167, 0.2333, 0.25, 0.2667, 0.2833, 0.3, 0.3167, 0.3333, 0.35, 0.3667, 0.3833, 0.4, 0.4167, 0.4333, 0.45, 0.4667, 0.4833, 0.5, 0.5167, 0.5333, 0.55, 0.5667, 0.5833, 0.6, 0.6167, 0.6333, 0.65, 0.6667, 0.6833, 0.7, 0.7167, 0.7333, 0.75, 0.7667, 0.7833, 0.8, 0.8167, 0.8333, 0.85, 0.8667, 0.8833, 0.9, 0.9167, 0.9333, 0.95, 0.9667, 0.9833, 1.0],
            "transform": [
                [0.87226, 0.049082, 0.486572, -0.002459, 0.485812, 0.027197, -0.87364, -0.000413, -0.056113, 0.998424, -0.000121, 0.46187, 0.0, 0.0, 0.0, 1.0],
                [0.87226, 0.049082, 0.486572, -0.002459, 0.485812, 0.027197, -0.87364, 0.039758, -0.056113, 0.998424, -0.000121, 0.46187, 0.0, 0.0, 0.0, 1.0],
                [0.87226, 0.049082, 0.486572, -0.002459, 0.485812, 0.027197, -0.87364, 0.161843, -0.056113, 0.998424, -0.000121, 0.46187, 0.0, 0.0, 0.0, 1.0],
                [0.87226, 0.049082, 0.486572, -0.002459, 0.485812, 0.027197, -0.87364, 0.364982, -0.056113, 0.998424, -0.000121, 0.46187, 0.0, 0.0, 0.0, 1.0],
                [0.87226, 0.049082, 0.486572, -0.002459, 0.485812, 0.027197, -0.87364, 0.642379, -0.056113, 0.998424, -0.000121, 0.46187, 0.0, 0.0, 0.0, 1.0],
                [0.87226, 0.049082, 0.486572, -0.002459, 0.485812, 0.027197, -0.87364, 0.979677, -0.056113, 0.998424, -0.000121, 0.46187, 0.0, 0.0, 0.0, 1.0],
                [0.87226, 0.049082, 0.486572, -0.002459, 0.485812, 0.027197, -0.87364, 1.354895, -0.056113, 0.998424, -0.000121, 0.46187, 0.0, 0.0, 0.0, 1.0],
                [0.87226, 0.049082, 0.486572, -0.002459, 0.485812, 0.027197, -0.87364, 1.740832, -0.056113, 0.998424, -0.000121, 0.46187, 0.0, 0.0, 0.0, 1.0],
                [0.87226, 0.049082, 0.486572, -0.002459, 0.485812, 0.027197, -0.87364, 2.109519, -0.056113, 0.998424, -0.000121, 0.46187, 0.0, 0.0, 0.0, 1.0],
                [0.87226, 0.049082, 0.486572, -0.002459, 0.485812, 0.027197, -0.87364, 2.436908, -0.056113, 0.998424, -0.000121, 0.46187, 0.0, 0.0, 0.0, 1.0],
                [0.87226, 0.049082, 0.486572, -0.002459, 0.485812, 0.027197, -0.87364, 2.705794, -0.056113, 0.998424, -0.000121, 0.46187, 0.0, 0.0, 0.0, 1.0],
                [0.87226, 0.049082, 0.486572, -0.002459, 0.485812, 0.027197, -0.87364, 2.906327, -0.056113, 0.998424, -0.000121, 0.46187, 0.0, 0.0, 0.0, 1.0],
                [0.87226, 0.049082, 0.486572, -0.002459, 0.485812, 0.027197, -0.87364, 3.034804, -0.056113, 0.998424, -0.000121, 0.46187, 0.0, 0.0, 0.0, 1.0],
                [0.87226, 0.049082, 0.486572, -0.002459, 0.485812, 0.027197, -0.87364, 3.12463, -0.056113, 0.998424, -0.000121, 0.46187, 0.0, 0.0, 0.0, 1.0],
                [0.87226, 0.049082, 0.486572, -0.002459, 0.485812, 0.027197, -0.87364, 3.208955, -0.056113, 0.998424, -0.000121, 0.46187, 0.0, 0.0, 0.0, 1.0],
                [0.87226, 0.049082, 0.486572, -0.002459, 0.485812, 0.027197, -0.87364, 3.287185, -0.056113, 0.998424, -0.000121, 0.46187, 0.0, 0.0, 0.0, 1.0],
                [0.87226, 0.049082, 0.486572, -0.002459, 0.485812, 0.027197, -0.87364, 3.358735, -0.056113, 0.998424, -0.000121, 0.46187, 0.0, 0.0, 0.0, 1.0],
                [0.87226, 0.049082, 0.486572, -0.002459, 0.485812, 0.027197, -0.87364, 3.42308, -0.056113, 0.998424, -0.000121, 0.46187, 0.0, 0.0, 0.0, 1.0],
                [0.87226, 0.049082, 0.486572, -0.002459, 0.485812, 0.027197, -0.87364, 3.479799, -0.056113, 0.998424, -0.000121, 0.46187, 0.0, 0.0, 0.0, 1.0],
                [0.87226, 0.049082, 0.486572, -0.002459, 0.485812, 0.027197, -0.87364, 3.528642, -0.056113, 0.998424, -0.000121, 0.46187, 0.0, 0.0, 0.0, 1.0],
                [0.87226, 0.049082, 0.486572, -0.002459, 0.485812, 0.027197, -0.87364, 3.569582, -0.056113, 0.998424, -0.000121, 0.46187, 0.0, 0.0, 0.0, 1.0],
                [0.87226, 0.049082, 0.486572, -0.002459, 0.485812, 0.027197, -0.87364, 3.602854, -0.056113, 0.998424, -0.000121, 0.46187, 0.0, 0.0, 0.0, 1.0],
                [0.87226, 0.049082, 0.486572, -0.002459, 0.485812, 0.027197, -0.87364, 3.628957, -0.056113, 0.998424, -0.000121, 0.46187, 0.0, 0.0, 0.0, 1.0],
                [0.87226, 0.049082, 0.486572, -0.002459, 0.485812, 0.027197, -0.87364, 3.648621, -0.056113, 0.998424, -0.000121, 0.46187, 0.0, 0.0, 0.0, 1.0],
                [0.87226, 0.049082, 0.486572, -0.002459, 0.485812, 0.027197, -0.87364, 3.662748, -0.056113, 0.998424, -0.000121, 0.46187, 0.0, 0.0, 0.0, 1.0],
                [0.87226, 0.049082, 0.486572, -0.002459, 0.485812, 0.027197, -0.87364, 3.672326, -0.056113, 0.998424, -0.000121, 0.46187, 0.0, 0.0, 0.0, 1.0],
                [0.87226, 0.049082, 0.486572, -0.002459, 0.485812, 0.027197, -0.87364, 3.678349, -0.056113, 0.998424, -0.000121, 0.46187, 0.0, 0.0, 0.0, 1.0],
                [0.87226, 0.049082, 0.486572, -0.002459, 0.485812, 0.027197, -0.87364, 3.681754, -0.056113, 0.998424, -0.000121, 0.46187, 0.0, 0.0, 0.0, 1.0],
                [0.87226, 0.049082, 0.486572, -0.002459, 0.485812, 0.027197, -0.87364, 3.683377, -0.056113, 0.998424, -0.000121, 0.46187, 0.0, 0.0, 0.0, 1.0],
                [0.87226, 0.049082, 0.486572, -0.002459, 0.485812, 0.027197, -0.87364, 3.683931, -0.056113, 0.998424, -0.000121, 0.46187, 0.0, 0.0, 0.0, 1.0],
                [0.87226, 0.049082, 0.486572, -0.002459, 0.485812, 0.027197, -0.87364, 3.684005, -0.056113, 0.998424, -0.000121, 0.46187, 0.0, 0.0, 0.0, 1.0],
                [0.873347, 0.049143, 0.484613, -0.002462, 0.483855, 0.027087, -0.874729, 3.68401, -0.056113, 0.998424, -0.000121, 0.462548, 0.0, 0.0, 0.0, 1.0],
                [0.876605, 0.049325, 0.478676, -0.002471, 0.477928, 0.026754, -0.877992, 3.684027, -0.056113, 0.998424, -0.000121, 0.464595, 0.0, 0.0, 0.0, 1.0],
                [0.881982, 0.049626, 0.468663, -0.002486, 0.467931, 0.026191, -0.883377, 3.684055, -0.056113, 0.998424, -0.000121, 0.468023, 0.0, 0.0, 0.0, 1.0],
                [0.889357, 0.050039, 0.454466, -0.002507, 0.453756, 0.025394, -0.890764, 3.684095, -0.056113, 0.998424, -0.000121, 0.472833, 0.0, 0.0, 0.0, 1.0],
                [0.898537, 0.050552, 0.435976, -0.002532, 0.435295, 0.024355, -0.899958, 3.684147, -0.056113, 0.998424, -0.000121, 0.479015, 0.0, 0.0, 0.0, 1.0],
                [0.909247, 0.051152, 0.413101, -0.002562, 0.412457, 0.02307, -0.910685, 3.684211, -0.056113, 0.998424, -0.000121, 0.486541, 0.0, 0.0, 0.0, 1.0],
                [0.921131, 0.051816, 0.385788, -0.002595, 0.385186, 0.021536, -0.922588, 3.684288, -0.056113, 0.998424, -0.000121, 0.495369, 0.0, 0.0, 0.0, 1.0],
                [0.933754, 0.052522, 0.354041, -0.002631, 0.35349, 0.019753, -0.93523, 3.684377, -0.056113, 0.998424, -0.000121, 0.505434, 0.0, 0.0, 0.0, 1.0],
                [0.946609, 0.05324, 0.317956, -0.002667, 0.317462, 0.017727, -0.948105, 3.684478, -0.056113, 0.998424, -0.000121, 0.516651, 0.0, 0.0, 0.0, 1.0],
                [0.959141, 0.053939, 0.277739, -0.002702, 0.277308, 0.015468, -0.960657, 3.684591, -0.056113, 0.998424, -0.000121, 0.528914, 0.0, 0.0, 0.0, 1.0],
                [0.970768, 0.054587, 0.233731, -0.002734, 0.233369, 0.012998, -0.972301, 3.684715, -0.056113, 0.998424, -0.000121, 0.542092, 0.0, 0.0, 0.0, 1.0],
                [0.980921, 0.055152, 0.186421, -0.002762, 0.186134, 0.010342, -0.98247, 3.684848, -0.056113, 0.998424, -0.000121, 0.556034, 0.0, 0.0, 0.0, 1.0],
                [0.989086, 0.055605, 0.136447, -0.002785, 0.136238, 0.007536, -0.990647, 3.684988, -0.056113, 0.998424, -0.000121, 0.570567, 0.0, 0.0, 0.0, 1.0],
                [0.994846, 0.055922, 0.084579, -0.002801, 0.084452, 0.004625, -0.996417, 3.685133, -0.056113, 0.998424, -0.000121, 0.585504, 0.0, 0.0, 0.0, 1.0],
                [0.997923, 0.056089, 0.031691, -0.002809, 0.031648, 0.001657, -0.999498, 3.685282, -0.056113, 0.998424, -0.000121, 0.600647, 0.0, 0.0, 0.0, 1.0],
                [0.998198, 0.056098, -0.021286, -0.00281, -0.021246, -0.001316, -0.999773, 3.685431, -0.056113, 0.998424, -0.000121, 0.61579, 0.0, 0.0, 0.0, 1.0],
                [0.995731, 0.055953, -0.073415, -0.002802, -0.073293, -0.00424, -0.997301, 3.685577, -0.056113, 0.998424, -0.000121, 0.630728, 0.0, 0.0, 0.0, 1.0],
                [0.990744, 0.055667, -0.123807, -0.002788, -0.123606, -0.007067, -0.992306, 3.685718, -0.056113, 0.998424, -0.000121, 0.645261, 0.0, 0.0, 0.0, 1.0],
                [0.983604, 0.055259, -0.171666, -0.002768, -0.171389, -0.009752, -0.985155, 3.685852, -0.056113, 0.998424, -0.000121, 0.659202, 0.0, 0.0, 0.0, 1.0],
                [0.974785, 0.054758, -0.216324, -0.002743, -0.215976, -0.012257, -0.976322, 3.685977, -0.056113, 0.998424, -0.000121, 0.67238, 0.0, 0.0, 0.0, 1.0],
                [0.964823, 0.054193, -0.257255, -0.002714, -0.256844, -0.014553, -0.966343, 3.686092, -0.056113, 0.998424, -0.000121, 0.684643, 0.0, 0.0, 0.0, 1.0],
                [0.954276, 0.053596, -0.294084, -0.002684, -0.293614, -0.016618, -0.95578, 3.686196, -0.056113, 0.998424, -0.000121, 0.695861, 0.0, 0.0, 0.0, 1.0],
                [0.943687, 0.052997, -0.326567, -0.002654, -0.326046, -0.018439, -0.945174, 3.686287, -0.056113, 0.998424, -0.000121, 0.705926, 0.0, 0.0, 0.0, 1.0],
                [0.933555, 0.052424, -0.35458, -0.002626, -0.354015, -0.02001, -0.935026, 3.686365, -0.056113, 0.998424, -0.000121, 0.714753, 0.0, 0.0, 0.0, 1.0],
                [0.924313, 0.051902, -0.378088, -0.0026, -0.377486, -0.021328, -0.92577, 3.686431, -0.056113, 0.998424, -0.000121, 0.72228, 0.0, 0.0, 0.0, 1.0],
                [0.916322, 0.051451, -0.397124, -0.002577, -0.396492, -0.022395, -0.917765, 3.686485, -0.056113, 0.998424, -0.000121, 0.728461, 0.0, 0.0, 0.0, 1.0],
                [0.909859, 0.051086, -0.41176, -0.002559, -0.411105, -0.023216, -0.911292, 3.686526, -0.056113, 0.998424, -0.000121, 0.733271, 0.0, 0.0, 0.0, 1.0],
                [0.905127, 0.050818, -0.422094, -0.002546, -0.421422, -0.023795, -0.906552, 3.686554, -0.056113, 0.998424, -0.000121, 0.736699, 0.0, 0.0, 0.0, 1.0],
                [0.902251, 0.050656, -0.428225, -0.002537, -0.427544, -0.024139, -0.903672, 3.686572, -0.056113, 0.998424, -0.000121, 0.738746, 0.0, 0.0, 0.0, 1.0],
                [0.90129, 0.050602, -0.43025, -0.002535, -0.429566, -0.024252, -0.90271, 3.686577, -0.056113, 0.998424, -0.000121, 0.739425, 0.0, 0.0, 0.0, 1.0],
                [0.90129, 0.050602, -0.43025, -0.002535, -0.429566, -0.024252, -0.90271, 3.686577, -0.056113, 0.998424, -0.000121, 0.739425, 0.0, 0.0, 0.0, 1.0]
            ]
        },
        {
            "name": "Thigh_R",
            "time": [0.0, 0.0167, 0.0333, 0.05, 0.0667, 0.0833, 0.1, 0.1167, 0.1333, 0.15, 0.1667, 0.1833, 0.2, 0.2167, 0.2333, 0.25, 0.2667, 0.2833, 0.3, 0.3167, 0.3333, 0.35, 0.3667, 0.3833, 0.4, 0.4167, 0.4333, 0.45, 0.4667, 0.4833, 0.5, 0.5167, 0.5333, 0.55, 0.5667, 0.5833, 0.6, 0.6167, 0.6333, 0.65, 0.6667, 0.6833, 0.7, 0.7167, 0.7333, 0.75, 0.7667, 0.7833, 0.8, 0.8167, 0.8333, 0.85, 0.8667, 0.8833, 0.9, 0.9167, 0.9333, 0.95, 0.9667, 0.9833, 1.0],
            "transform": [
                [0.626939, -0.089093, 0.77396, 0.124994, 0.633802, -0.519368, -0.573197, -0.002831, 0.453036, 0.849893, -0.269145, -1.2e-05, 0.0, 0.0, 0.0, 1.0],
                [0.629788, -0.085445, 0.772056, 0.124994, 0.628793, -0.527477, -0.571306, -0.002831, 0.456055, 0.845262, -0.278471, -1.2e-05, 0.0, 0.0, 0.0, 1.0],
                [0.638013, -0.074515, 0.766415, 0.124994, 0.613903, -0.551594, -0.564687, -0.002831, 0.464826, 0.830778, -0.306178, -1.2e-05, 0.0, 0.0, 0.0, 1.0],
                [0.650421, -0.057389, 0.757405, 0.124994, 0.590135, -0.589608, -0.551458, -0.002831, 0.478218, 0.805648, -0.349626, -1.2e-05, 0.0, 0.0, 0.0, 1.0],
                [0.665138, -0.03574, 0.745867, 0.124994, 0.559615, -0.637465, -0.529596, -0.002831, 0.49439, 0.76965, -0.404002, -1.2e-05, 0.0, 0.0, 0.0, 1.0],
                [0.680144, -0.011411, 0.732992, 0.124994, 0.525366, -0.689754, -0.49823, -0.002831, 0.511268, 0.723954, -0.463138, -1.2e-05, 0.0, 0.0, 0.0, 1.0],
                [0.693826, 0.013953, 0.72001, 0.124994, 0.490702, -0.740938, -0.458503, -0.002831, 0.527084, 0.671428, -0.520929, -1.2e-05, 0.0, 0.0, 0.0, 1.0],
                [0.705268, 0.039294, 0.707854, 0.124994, 0.458509, -0.78681, -0.413161, -0.002831, 0.54071, 0.615943, -0.572929, -1.2e-05, 0.0, 0.0, 0.0, 1.0],
                [0.71421, 0.06411, 0.696992, 0.124994, 0.430755, -0.825142, -0.365504, -0.002831, 0.551683, 0.561276, -0.616941, -1.2e-05, 0.0, 0.0, 0.0, 1.0],
                [0.720815, 0.088637, 0.687439, 0.124994, 0.408419, -0.855639, -0.317928, -0.002831, 0.560017, 0.509927, -0.652959, -1.2e-05, 0.0, 0.0, 0.0, 1.0],
                [0.725416, 0.113207, 0.67894, 0.124994, 0.391734, -0.878956, -0.271996, -0.002831, 0.565964, 0.463271, -0.681957, -1.2e-05, 0.0, 0.0, 0.0, 1.0],
                [0.728352, 0.138364, 0.67109, 0.124994, 0.380521, -0.896169, -0.228223, -0.002831, 0.569831, 0.421588, -0.705378, -1.2e-05, 0.0, 0.0, 0.0, 1.0],
                [0.729885, 0.164328, 0.663527, 0.124994, 0.374467, -0.908189, -0.187, -0.002831, 0.571876, 0.384954, -0.72441, -1.2e-05, 0.0, 0.0, 0.0, 1.0],
                [0.730808, 0.189863, 0.655648, 0.124994, 0.370747, -0.91691, -0.147732, -0.002831, 0.573119, 0.35104, -0.740478, -1.2e-05, 0.0, 0.0, 0.0, 1.0],
                [0.731786, 0.214035, 0.647056, 0.124994, 0.366744, -0.923896, -0.109164, -0.002831, 0.574446, 0.317186, -0.754591, -1.2e-05, 0.0, 0.0, 0.0, 1.0],
                [0.73281, 0.236918, 0.637858, 0.124994, 0.36248, -0.929262, -0.071289, -0.002831, 0.575845, 0.283449, -0.766851, -1.2e-05, 0.0, 0.0, 0.0, 1.0],
                [0.733869, 0.258613, 0.62814, 0.124994, 0.357988, -0.933105, -0.034077, -0.002831, 0.577305, 0.249871, -0.777358, -1.2e-05, 0.0, 0.0, 0.0, 1.0],
                [0.734948, 0.279071, 0.618041, 0.124994, 0.353318, -0.935501, 0.002262, -0.002831, 0.578807, 0.216699, -0.786147, -1.2e-05, 0.0, 0.0, 0.0, 1.0],
                [0.736031, 0.298392, 0.607638, 0.124994, 0.348541, -0.936535, 0.037713, -0.002831, 0.580326, 0.184026, -0.793322, -1.2e-05, 0.0, 0.0, 0.0, 1.0],
                [0.737097, 0.316629, 0.597023, 0.124994, 0.34374, -0.936288, 0.072167, -0.002831, 0.581834, 0.152024, -0.798975, -1.2e-05, 0.0, 0.0, 0.0, 1.0],
                [0.738124, 0.333847, 0.586279, 0.124994, 0.339018, -0.934846, 0.105506, -0.002831, 0.583301, 0.12088, -0.803213, -1.2e-05, 0.0, 0.0, 0.0, 1.0],
                [0.739089, 0.350174, 0.575438, 0.124994, 0.334485, -0.932285, 0.137715, -0.002831, 0.584694, 0.09069, -0.806171, -1.2e-05, 0.0, 0.0, 0.0, 1.0],
                [0.739972, 0.365577, 0.564622, 0.124994, 0.330252, -0.92873, 0.168509, -0.002831, 0.585982, 0.061773, -0.807968, -1.2e-05, 0.0, 0.0, 0.0, 1.0],
                [0.740757, 0.380215, 0.553823, 0.124994, 0.32642, -0.924268, 0.197936, -0.002831, 0.587137, 0.034154, -0.808769, -1.2e-05, 0.0, 0.0, 0.0, 1.0],
                [0.741428, 0.394184, 0.543053, 0.124994, 0.323076, -0.918999, 0.225974, -0.002831, 0.588138, 0.007901, -0.808724, -1.2e-05, 0.0, 0.0, 0.0, 1.0],
                [0.74198, 0.407578, 0.532306, 0.124994, 0.320282, -0.913014, 0.252637, -0.002831, 0.58897, -0.016966, -0.807979, -1.2e-05, 0.0, 0.0, 0.0, 1.0],
                [0.742407, 0.420482, 0.521565, 0.124994, 0.318079, -0.906399, 0.277969, -0.002831, 0.589625, -0.040469, -0.806665, -1.2e-05, 0.0, 0.0, 0.0, 1.0],
                [0.74271, 0.432969, 0.510806, 0.124994, 0.316485, -0.899229, 0.302034, -0.002831, 0.5901, -0.062664, -0.804896, -1.2e-05, 0.0, 0.0, 0.0, 1.0],
                [0.742892, 0.445101, 0.499999, 0.124994, 0.315498, -0.891568, 0.324911, -0.002831, 0.590399, -0.083627, -0.802769, -1.2e-05, 0.0, 0.0, 0.0, 1.0],
                [0.742958, 0.45699, 0.489056, 0.124994, 0.315104, -0.883424, 0.346802, -0.002831, 0.590527, -0.103558, -0.800348, -1.2e-05, 0.0, 0.0, 0.0, 1.0],
                [0.742913, 0.468543, 0.47807, 0.124994, 0.315278, -0.87493, 0.367556, -0.002831, 0.590491, -0.12234, -0.79772, -1.2e-05, 0.0, 0.0, 0.0, 1.0],
                [0.743078, 0.479354, 0.466967, 0.124994, 0.315532, -0.866323, 0.3872, -0.002831, 0.590148, -0.140379, -0.794999, -1.2e-05, 0.0, 0.0, 0.0, 1.0],
                [0.743769, 0.488892, 0.455846, 0.124994, 0.315424, -0.857953, 0.405493, -0.002831, 0.589334, -0.157811, -0.792329, -1.2e-05, 0.0, 0.0, 0.0, 1.0],
                [0.744978, 0.497092, 0.444871, 0.124994, 0.314993, -0.849982, 0.422269, -0.002831, 0.588037, -0.174452, -0.7898, -1.2e-05, 0.0, 0.0, 0.0, 1.0],
                [0.746686, 0.503894, 0.434229, 0.124994, 0.314288, -0.842594, 0.437333, -0.002831, 0.586245, -0.190079, -0.787522, -1.2e-05, 0.0, 0.0, 0.0, 1.0],
                [0.748866, 0.509238, 0.424123, 0.124994, 0.313364, -0.835994, 0.450464, -0.002831, 0.583955, -0.204434, -0.785625, -1.2e-05, 0.0, 0.0, 0.0, 1.0],
                [0.751485, 0.513077, 0.414758, 0.124994, 0.312276, -0.830396, 0.461441, -0.002831, 0.581166, -0.217249, -0.784254, -1.2e-05, 0.0, 0.0, 0.0, 1.0],
                [0.754502, 0.515327, 0.406407, 0.124994, 0.311085, -0.826071, 0.469929, -0.002831, 0.577886, -0.228137, -0.783585, -1.2e-05, 0.0, 0.0, 0.0, 1.0],
                [0.757874, 0.516075, 0.39912, 0.124994, 0.309843, -0.823094, 0.475936, -0.002831, 0.574129, -0.237037, -0.783705, -1.2e-05, 0.0, 0.0, 0.0, 1.0],
                [0.761551, 0.515258, 0.393131, 0.124994, 0.308599, -0.821693, 0.479152, -0.002831, 0.569918, -0.243581, -0.784771, -1.1e-05, 0.0, 0.0, 0.0, 1.0],
                [0.765482, 0.512888, 0.388567, 0.124994, 0.307396, -0.821993, 0.479412, -0.002831, 0.565282, -0.247539, -0.786883, -1.2e-05, 0.0, 0.0, 0.0, 1.0],
                [0.769615, 0.508992, 0.385516, 0.124994, 0.306265, -0.824056, 0.476586, -0.002831, 0.560263, -0.248719, -0.790095, -1.2e-05, 0.0, 0.0, 0.0, 1.0],
                [0.773894, 0.503562, 0.384077, 0.124994, 0.30523, -0.827937, 0.470484, -0.002831, 0.554908, -0.246875, -0.79444, -1.2e-05, 0.0, 0.0, 0.0, 1.0],
                [0.778263, 0.496741, 0.384131, 0.124994, 0.304305, -0.833454, 0.461252, -0.002831, 0.549276, -0.242084, -0.79981, -1.2e-05, 0.0, 0.0, 0.0, 1.0],
                [0.782667, 0.488546, 0.385691, 0.124994, 0.303499, -0.840521, 0.448791, -0.002831, 0.543435, -0.234199, -0.806123, -1.2e-05, 0.0, 0.0, 0.0, 1.0],
                [0.787049, 0.479054, 0.388668, 0.124994, 0.30281, -0.848928, 0.433161, -0.002831, 0.537457, -0.223228, -0.813213, -1.2e-05, 0.0, 0.0, 0.0, 1.0],
                [0.791357, 0.468304, 0.392998, 0.124994, 0.302233, -0.858459, 0.414371, -0.002831, 0.531422, -0.20914, -0.820888, -1.2e-05, 0.0, 0.0, 0.0, 1.0],
                [0.795539, 0.456451, 0.398465, 0.124994, 0.301758, -0.868748, 0.392708, -0.002831, 0.525415, -0.192176, -0.828863, -1.2e-05, 0.0, 0.0, 0.0, 1.0],
                [0.799547, 0.443519, 0.404991, 0.124994, 0.301373, -0.879536, 0.368227, -0.002831, 0.519518, -0.172363, -0.836898, -1.2e-05, 0.0, 0.0, 0.0, 1.0],
                [0.80334, 0.429644, 0.412374, 0.124994, 0.301066, -0.890455, 0.341246, -0.002831, 0.513813, -0.149986, -0.844693, -1.2e-05, 0.0, 0.0, 0.0, 1.0],
                [0.806881, 0.414867, 0.420512, 0.124994, 0.300821, -0.90123, 0.311914, -0.002831, 0.50838, -0.12518, -0.85199, -1.2e-05, 0.0, 0.0, 0.0, 1.0],
                [0.810138, 0.399276, 0.429251, 0.124994, 0.300627, -0.911555, 0.280518, -0.002831, 0.503288, -0.098216, -0.858522, -1.2e-05, 0.0, 0.0, 0.0, 1.0],
                [0.813088, 0.383021, 0.438388, 0.124994, 0.30047, -0.921121, 0.247497, -0.002831, 0.498603, -0.069515, -0.864042, -1.2e-05, 0.0, 0.0, 0.0, 1.0],
                [0.815711, 0.3661, 0.447871, 0.124994, 0.300344, -0.929749, 0.212981, -0.002831, 0.494377, -0.039217, -0.868366, -1.3e-05, 0.0, 0.0, 0.0, 1.0],
                [0.817994, 0.348648, 0.45753, 0.124994, 0.300237, -0.937221, 0.177406, -0.002831, 0.490657, -0.007751, -0.871322, -1.2e-05, 0.0, 0.0, 0.0, 1.0],
                [0.819927, 0.33075, 0.467254, 0.124994, 0.300147, -0.943399, 0.141101, -0.002831, 0.487474, 0.024551, -0.872795, -1.2e-05, 0.0, 0.0, 0.0, 1.0],
                [0.821507, 0.312721, 0.476796, 0.124994, 0.300068, -0.948137, 0.104855, -0.002831, 0.484856, 0.056931, -0.872742, -1.2e-05, 0.0, 0.0, 0.0, 1.0],
                [0.822732, 0.294856, 0.485977, 0.124994, 0.299999, -0.951414, 0.069368, -0.002831, 0.482817, 0.08872, -0.871219, -1.1e-05, 0.0, 0.0, 0.0, 1.0],
                [0.823604, 0.27801, 0.494357, 0.124994, 0.29994, -0.953264, 0.03638, -0.002831, 0.481365, 0.118314, -0.868502, -1.3e-05, 0.0, 0.0, 0.0, 1.0],
                [0.824125, 0.264346, 0.50094, 0.124994, 0.299896, -0.953919, 0.010007, -0.00283, 0.4805, 0.141982, -0.865429, -1.2e-05, 0.0, 0.0, 0.0, 1.0],
                [0.824298, 0.258571, 0.503663, 0.124994, 0.299879, -0.953977, -0.00103, -0.002831, 0.480214, 0.151886, -0.863905, -1.2e-05, 0.0, 0.0, 0.0, 1.0],
                [0.824298, 0.258571, 0.503663, 0.124994, 0.299879, -0.953977, -0.00103, -0.002831, 0.480214, 0.151886, -0.863905, -1.2e-05, 0.0, 0.0, 0.0, 1.0]
            ]
        },
        {
            "name": "Leg_R",
            "time": [0.0, 0.0167, 0.0333, 0.05, 0.0667, 0.0833, 0.1, 0.1167, 0.1333, 0.15, 0.1667, 0.1833, 0.2, 0.2167, 0.2333, 0.25, 0.2667, 0.2833, 0.3, 0.3167, 0.3333, 0.35, 0.3667, 0.3833, 0.4, 0.4167, 0.4333, 0.45, 0.4667, 0.4833, 0.5, 0.5167, 0.5333, 0.55, 0.5667, 0.5833, 0.6, 0.6167, 0.6333, 0.65, 0.6667, 0.6833, 0.7, 0.7167, 0.7333, 0.75, 0.7667, 0.7833, 0.8, 0.8167, 0.8333, 0.85, 0.8667, 0.8833, 0.9, 0.9167, 0.9333, 0.95, 0.9667, 0.9833, 1.0],
            "transform": [
                [1.0, -0.000687, -0.000351, 0.0, 0.000758, 0.789135, 0.614222, 0.375166, -0.000145, -0.614218, 0.789134, -0.0, 0.0, 0.0, 0.0, 1.0],
                [1.0, -0.000694, -0.000356, -0.0, 0.000765, 0.784255, 0.620441, 0.375166, -0.000151, -0.620438, 0.784254, 0.0, 0.0, 0.0, 0.0, 1.0],
                [1.0, -0.000714, -0.000373, -0.0, 0.000787, 0.769548, 0.638591, 0.375166, -0.000169, -0.638587, 0.769548, -0.0, 0.0, 0.0, 0.0, 1.0],
                [1.0, -0.000744, -0.000398, 0.0, 0.00082, 0.746587, 0.66529, 0.375166, -0.000197, -0.665286, 0.746586, -0.0, 0.0, 0.0, 0.0, 1.0],
                [0.999999, -0.000778, -0.00043, -0.0, 0.000858, 0.71834, 0.695694, 0.375166, -0.000232, -0.69569, 0.718339, -0.0, 0.0, 0.0, 0.0, 1.0],
                [1.0, -0.000811, -0.000463, 0.0, 0.000894, 0.688713, 0.725036, 0.375166, -0.000269, -0.725032, 0.688712, 0.0, 0.0, 0.0, 0.0, 1.0],
                [0.999999, -0.000839, -0.000494, -0.0, 0.000925, 0.66133, 0.750097, 0.375166, -0.000303, -0.750093, 0.661329, -0.0, 0.0, 0.0, 0.0, 1.0],
                [0.999999, -0.000861, -0.00052, -0.0, 0.00095, 0.637775, 0.770224, 0.375166, -0.000332, -0.77022, 0.637774, 0.0, 0.0, 0.0, 0.0, 1.0],
                [0.999999, -0.00088, -0.000543, 0.0, 0.00097, 0.61715, 0.786848, 0.375166, -0.000357, -0.786844, 0.617149, -0.0, 0.0, 0.0, 0.0, 1.0],
                [0.999999, -0.000898, -0.000567, 0.0, 0.00099, 0.596053, 0.802947, 0.375166, -0.000383, -0.802942, 0.596052, 0.0, 0.0, 0.0, 0.0, 1.0],
                [0.999999, -0.000918, -0.000595, -0.0, 0.001013, 0.570767, 0.821114, 0.375166, -0.000414, -0.821109, 0.570767, -0.0, 0.0, 0.0, 0.0, 1.0],
                [0.999999, -0.000943, -0.000632, 0.0, 0.00104, 0.537552, 0.843232, 0.375166, -0.000455, -0.843228, 0.537551, -0.0, 0.0, 0.0, 0.0, 1.0],
                [0.999999, -0.000972, -0.000681, -0.0, 0.001072, 0.494022, 0.869451, 0.375166, -0.000509, -0.869447, 0.494022, -0.0, 0.0, 0.0, 0.0, 1.0],
                [0.999999, -0.001001, -0.000735, -0.0, 0.001104, 0.44593, 0.89507, 0.375166, -0.000568, -0.895065, 0.445929, 0.0, 0.0, 0.0, 0.0, 1.0],
                [0.999999, -0.001025, -0.000787, 0.0, 0.001131, 0.399439, 0.916761, 0.375166, -0.000626, -0.916757, 0.399439, -0.0, 0.0, 0.0, 0.0, 1.0],
                [0.999999, -0.001046, -0.000837, 0.0, 0.001153, 0.354656, 0.934998, 0.375166, -0.000681, -0.934994, 0.354655, 0.0, 0.0, 0.0, 0.0, 1.0],
                [0.999999, -0.001063, -0.000885, -0.0, 0.001172, 0.311585, 0.950219, 0.375166, -0.000734, -0.950216, 0.311585, 0.0, 0.0, 0.0, 0.0, 1.0],
                [0.999999, -0.001077, -0.000931, 0.0, 0.001187, 0.2706, 0.962693, 0.375166, -0.000784, -0.962689, 0.2706, -0.0, 0.0, 0.0, 0.0, 1.0],
                [0.999999, -0.001088, -0.000974, 0.0, 0.0012, 0.231682, 0.972793, 0.375166, -0.000833, -0.972789, 0.231682, -0.0, 0.0, 0.0, 0.0, 1.0],
                [0.999999, -0.001097, -0.001015, -0.0, 0.00121, 0.194938, 0.980817, 0.375166, -0.000878, -0.980813, 0.194938, -0.0, 0.0, 0.0, 0.0, 1.0],
                [0.999999, -0.001104, -0.001054, -0.0, 0.001217, 0.160459, 0.987044, 0.375166, -0.00092, -0.98704, 0.160459, 0.0, 0.0, 0.0, 0.0, 1.0],
                [0.999999, -0.001109, -0.00109, 0.0, 0.001223, 0.128144, 0.991757, 0.375166, -0.00096, -0.991753, 0.128144, -0.0, 0.0, 0.0, 0.0, 1.0],
                [0.999999, -0.001113, -0.001123, -0.0, 0.001227, 0.098341, 0.995154, 0.375166, -0.000997, -0.99515, 0.098341, -0.0, 0.0, 0.0, 0.0, 1.0],
                [0.999999, -0.001115, -0.001154, -0.0, 0.00123, 0.070835, 0.997489, 0.375166, -0.001031, -0.997485, 0.070835, -1e-06, 0.0, 0.0, 0.0, 1.0],
                [0.999999, -0.001117, -0.001182, 0.0, 0.001232, 0.045547, 0.998963, 0.375166, -0.001062, -0.99896, 0.045547, 0.0, 0.0, 0.0, 0.0, 1.0],
                [0.999998, -0.001118, -0.001208, 0.0, 0.001233, 0.022362, 0.999751, 0.375166, -0.001091, -0.999747, 0.022363, 0.0, 0.0, 0.0, 0.0, 1.0],
                [0.999999, -0.001118, -0.001232, -0.0, 0.001233, 0.001139, 1.0, 0.375166, -0.001117, -0.999997, 0.00114, 0.0, 0.0, 0.0, 0.0, 1.0],
                [0.999999, -0.001118, -0.001254, -0.0, 0.001233, -0.018275, 0.999834, 0.375166, -0.001141, -0.999831, -0.018275, 0.0, 0.0, 0.0, 0.0, 1.0],
                [0.999998, -0.001118, -0.001274, 0.0, 0.001232, -0.036036, 0.999352, 0.375166, -0.001163, -0.999348, -0.036036, -0.0, 0.0, 0.0, 0.0, 1.0],
                [0.999998, -0.001117, -0.001292, 0.0, 0.001232, -0.052496, 0.998622, 0.375166, -0.001183, -0.998619, -0.052496, 0.0, 0.0, 0.0, 0.0, 1.0],
                [0.999998, -0.001116, -0.001309, -0.0, 0.00123, -0.067397, 0.997728, 0.375166, -0.001201, -0.997724, -0.067396, -0.0, 0.0, 0.0, 0.0, 1.0],
                [0.999998, -0.001115, -0.001322, -0.0, 0.001229, -0.079127, 0.996865, 0.375166, -0.001216, -0.996862, -0.079126, 0.0, 0.0, 0.0, 0.0, 1.0],
                [0.999999, -0.001114, -0.001329, 0.0, 0.001229, -0.085705, 0.996322, 0.375166, -0.001224, -0.996318, -0.085704, 0.0, 0.0, 0.0, 0.0, 1.0],
                [0.999998, -0.001114, -0.001331, 0.0, 0.001229, -0.086992, 0.99621, 0.375166, -0.001226, -0.996207, -0.086991, -0.0, 0.0, 0.0, 0.0, 1.0],
                [0.999998, -0.001114, -0.001326, 0.0, 0.001229, -0.082844, 0.996563, 0.375166, -0.00122, -0.99656, -0.082843, 0.0, 0.0, 0.0, 0.0, 1.0],
                [0.999998, -0.001115, -0.001315, 0.0, 0.00123, -0.073114, 0.997324, 0.375166, -0.001208, -0.997321, -0.073113, -0.0, 0.0, 0.0, 0.0, 1.0],
                [0.999998, -0.001116, -0.001298, -0.0, 0.001231, -0.057678, 0.998336, 0.375166, -0.001189, -0.998333, -0.057677, 0.0, 0.0, 0.0, 0.0, 1.0],
                [0.999999, -0.001118, -0.001274, -0.0, 0.001232, -0.036242, 0.999344, 0.375166, -0.001163, -0.999341, -0.036241, 0.0, 0.0, 0.0, 0.0, 1.0],
                [0.999999, -0.001118, -0.001244, 0.0, 0.001233, -0.009165, 0.999959, 0.375166, -0.00113, -0.999956, -0.009164, -0.0, 0.0, 0.0, 0.0, 1.0],
                [0.999999, -0.001118, -0.001207, 0.0, 0.001233, 0.023735, 0.999719, 0.375166, -0.001089, -0.999716, 0.023735, -0.0, 0.0, 0.0, 0.0, 1.0],
                [0.999998, -0.001116, -0.001163, 0.0, 0.001231, 0.06234, 0.998056, 0.375166, -0.001041, -0.998052, 0.06234, 1e-06, 0.0, 0.0, 0.0, 1.0],
                [0.999999, -0.001112, -0.001114, -0.0, 0.001226, 0.106423, 0.994322, 0.375166, -0.000987, -0.994318, 0.106424, -0.0, 0.0, 0.0, 0.0, 1.0],
                [0.999999, -0.001105, -0.001059, 0.0, 0.001218, 0.155825, 0.987786, 0.375166, -0.000926, -0.987782, 0.155825, 0.0, 0.0, 0.0, 0.0, 1.0],
                [0.999999, -0.001093, -0.000999, -0.0, 0.001206, 0.209686, 0.977769, 0.375166, -0.00086, -0.977766, 0.209686, 0.0, 0.0, 0.0, 0.0, 1.0],
                [0.999999, -0.001078, -0.000934, -0.0, 0.001188, 0.267556, 0.963543, 0.375166, -0.000788, -0.963539, 0.267555, 0.0, 0.0, 0.0, 0.0, 1.0],
                [0.999999, -0.001056, -0.000866, -0.0, 0.001165, 0.328641, 0.944456, 0.375166, -0.000713, -0.944452, 0.328641, 0.0, 0.0, 0.0, 0.0, 1.0],
                [0.999999, -0.001029, -0.000795, 0.0, 0.001135, 0.392215, 0.919875, 0.375166, -0.000635, -0.91987, 0.392214, -0.0, 0.0, 0.0, 0.0, 1.0],
                [0.999999, -0.000995, -0.000722, -0.0, 0.001097, 0.456988, 0.889474, 0.375166, -0.000555, -0.889471, 0.456987, 0.0, 0.0, 0.0, 0.0, 1.0],
                [0.999999, -0.000954, -0.000649, 0.0, 0.001052, 0.522134, 0.852865, 0.375166, -0.000474, -0.852861, 0.522133, -0.0, 0.0, 0.0, 0.0, 1.0],
                [0.999999, -0.000906, -0.000578, 0.0, 0.000999, 0.586372, 0.810043, 0.375166, -0.000395, -0.810039, 0.586371, -0.0, 0.0, 0.0, 0.0, 1.0],
                [1.0, -0.000851, -0.000508, -0.0, 0.000938, 0.648785, 0.760974, 0.375166, -0.000318, -0.76097, 0.648784, -0.0, 0.0, 0.0, 0.0, 1.0],
                [1.0, -0.000789, -0.000441, 0.0, 0.000871, 0.708294, 0.705919, 0.375166, -0.000245, -0.705915, 0.708293, -0.0, 0.0, 0.0, 0.0, 1.0],
                [1.0, -0.000722, -0.000379, 0.0, 0.000796, 0.763725, 0.645543, 0.375166, -0.000176, -0.64554, 0.763724, 0.0, 0.0, 0.0, 0.0, 1.0],
                [1.0, -0.000649, -0.000323, 0.0, 0.000716, 0.814488, 0.580182, 0.375166, -0.000114, -0.580178, 0.814488, 0.0, 0.0, 0.0, 0.0, 1.0],
                [1.0, -0.000571, -0.000272, 0.0, 0.00063, 0.859721, 0.510765, 0.375166, -5.8e-05, -0.510762, 0.859721, -0.0, 0.0, 0.0, 0.0, 1.0],
                [1.0, -0.00049, -0.000228, 0.0, 0.00054, 0.89889, 0.438176, 0.375166, -1e-05, -0.438174, 0.89889, 0.0, 0.0, 0.0, 0.0, 1.0],
                [1.0, -0.000407, -0.000192, -0.0, 0.000449, 0.931298, 0.364259, 0.375166, 3e-05, -0.364257, 0.931298, 0.0, 0.0, 0.0, 0.0, 1.0],
                [1.0, -0.000325, -0.000163, -0.0, 0.000359, 0.956769, 0.290848, 0.375166, 6.2e-05, -0.290847, 0.956769, 0.0, 0.0, 0.0, 0.0, 1.0],
                [1.0, -0.000248, -0.000143, -0.0, 0.000274, 0.97506, 0.221944, 0.375166, 8.4e-05, -0.221943, 0.975059, -0.0, 0.0, 0.0, 0.0, 1.0],
                [1.0, -0.000186, -0.000131, -0.0, 0.000205, 0.986032, 0.166556, 0.375166, 9.8e-05, -0.166556, 0.986032, 0.0, 0.0, 0.0, 0.0, 1.0],
                [1.0, -0.00016, -0.000126, -0.0, 0.000177, 0.989675, 0.143328, 0.375166, 0.000102, -0.143329, 0.989675, 0.0, 0.0, 0.0, 0.0, 1.0],
                [1.0, -0.00016, -0.000126, -0.0, 0.000177, 0.989675, 0.143328, 0.375166, 0.000102, -0.143329, 0.989675, 0.0, 0.0, 0.0, 0.0, 1.0]
            ]
        },
        {
            "name": "Knee_R",
            "time": [0.0, 0.0167, 0.0333, 0.05, 0.0667, 0.0833, 0.1, 0.1167, 0.1333, 0.15, 0.1667, 0.1833, 0.2, 0.2167, 0.2333, 0.25, 0.2667, 0.2833, 0.3, 0.3167, 0.3333, 0.35, 0.3667, 0.3833, 0.4, 0.4167, 0.4333, 0.45, 0.4667, 0.4833, 0.5, 0.5167, 0.5333, 0.55, 0.5667, 0.5833, 0.6, 0.6167, 0.6333, 0.65, 0.6667, 0.6833, 0.7, 0.7167, 0.7333, 0.75, 0.7667, 0.7833, 0.8, 0.8167, 0.8333, 0.85, 0.8667, 0.8833, 0.9, 0.9167, 0.9333, 0.95, 0.9667, 0.9833, 1.0],
            "transform": [
                [1.0, -5.7e-05, 5.4e-05, 0.0, 5.7e-05, 0.048757, -0.998811, 0.375166, 5.4e-05, 0.998811, 0.048757, -0.0, 0.0, 0.0, 0.0, 1.0],
                [1.0, -5.7e-05, 5.4e-05, -0.0, 5.7e-05, 0.048757, -0.998811, 0.375166, 5.4e-05, 0.998811, 0.048757, 0.0, 0.0, 0.0, 0.0, 1.0],
                [1.0, -5.7e-05, 5.4e-05, -0.0, 5.7e-05, 0.048757, -0.998811, 0.375166, 5.4e-05, 0.998811, 0.048757, -0.0, 0.0, 0.0, 0.0, 1.0],
                [1.0, -5.7e-05, 5.4e-05, 0.0, 5.7e-05, 0.048757, -0.998811, 0.375166, 5.4e-05, 0.998811, 0.048757, -0.0, 0.0, 0.0, 0.0, 1.0],
                [1.0, -5.7e-05, 5.4e-05, -0.0, 5.7e-05, 0.048757, -0.998811, 0.375166, 5.4e-05, 0.998811, 0.048757, -0.0, 0.0, 0.0, 0.0, 1.0],
                [1.0, -5.7e-05, 5.4e-05, 0.0, 5.7e-05, 0.048757, -0.998811, 0.375166, 5.4e-05, 0.998811, 0.048757, 0.0, 0.0, 0.0, 0.0, 1.0],
                [1.0, -5.7e-05, 5.4e-05, -0.0, 5.7e-05, 0.048757, -0.998811, 0.375166, 5.4e-05, 0.998811, 0.048757, -0.0, 0.0, 0.0, 0.0, 1.0],
                [1.0, -5.7e-05, 5.4e-05, -0.0, 5.7e-05, 0.048757, -0.998811, 0.375166, 5.4e-05, 0.998811, 0.048757, 0.0, 0.0, 0.0, 0.0, 1.0],
                [1.0, -5.7e-05, 5.4e-05, 0.0, 5.7e-05, 0.048757, -0.998811, 0.375166, 5.4e-05, 0.998811, 0.048757, -0.0, 0.0, 0.0, 0.0, 1.0],
                [1.0, -5.7e-05, 5.4e-05, 0.0, 5.7e-05, 0.048757, -0.998811, 0.375166, 5.4e-05, 0.998811, 0.048757, 0.0, 0.0, 0.0, 0.0, 1.0],
                [1.0, -5.7e-05, 5.4e-05, -0.0, 5.7e-05, 0.048757, -0.998811, 0.375166, 5.4e-05, 0.998811, 0.048757, -0.0, 0.0, 0.0, 0.0, 1.0],
                [1.0, -5.7e-05, 5.4e-05, 0.0, 5.7e-05, 0.048757, -0.998811, 0.375166, 5.4e-05, 0.99881, 0.048757, -0.0, 0.0, 0.0, 0.0, 1.0],
                [1.0, -5.7e-05, 5.4e-05, -0.0, 5.7e-05, 0.048757, -0.998811, 0.375166, 5.4e-05, 0.998811, 0.048757, -0.0, 0.0, 0.0, 0.0, 1.0],
                [1.0, -5.7e-05, 5.4e-05, -0.0, 5.7e-05, 0.048757, -0.998811, 0.375166, 5.4e-05, 0.998811, 0.048757, 0.0, 0.0, 0.0, 0.0, 1.0],
                [1.0, -5.7e-05, 5.4e-05, 0.0, 5.7e-05, 0.048757, -0.998811, 0.375166, 5.4e-05, 0.998811, 0.048757, -0.0, 0.0, 0.0, 0.0, 1.0],
                [1.0, -5.7e-05, 5.4e-05, 0.0, 5.7e-05, 0.048757, -0.998811, 0.375166, 5.4e-05, 0.99881, 0.048757, 0.0, 0.0, 0.0, 0.0, 1.0],
                [1.0, -5.7e-05, 5.4e-05, -0.0, 5.7e-05, 0.048757, -0.998811, 0.375166, 5.4e-05, 0.998811, 0.048757, 0.0, 0.0, 0.0, 0.0, 1.0],
                [1.0, -5.7e-05, 5.4e-05, 0.0, 5.7e-05, 0.048757, -0.998811, 0.375166, 5.4e-05, 0.998811, 0.048757, -0.0, 0.0, 0.0, 0.0, 1.0],
                [1.0, -5.7e-05, 5.4e-05, 0.0, 5.7e-05, 0.048757, -0.998811, 0.375166, 5.4e-05, 0.998811, 0.048757, -0.0, 0.0, 0.0, 0.0, 1.0],
                [1.0, -5.7e-05, 5.4e-05, -0.0, 5.7e-05, 0.048757, -0.998811, 0.375166, 5.4e-05, 0.998811, 0.048757, -0.0, 0.0, 0.0, 0.0, 1.0],
                [1.0, -5.7e-05, 5.4e-05, -0.0, 5.7e-05, 0.048757, -0.998811, 0.375166, 5.4e-05, 0.998811, 0.048757, 0.0, 0.0, 0.0, 0.0, 1.0],
                [1.0, -5.7e-05, 5.4e-05, 0.0, 5.7e-05, 0.048757, -0.99881, 0.375166, 5.4e-05, 0.99881, 0.048757, -0.0, 0.0, 0.0, 0.0, 1.0],
                [1.0, -5.7e-05, 5.4e-05, -0.0, 5.7e-05, 0.048757, -0.998811, 0.375166, 5.4e-05, 0.998811, 0.048757, -0.0, 0.0, 0.0, 0.0, 1.0],
                [1.0, -5.7e-05, 5.4e-05, -0.0, 5.7e-05, 0.048757, -0.998811, 0.375166, 5.4e-05, 0.998811, 0.048757, -1e-06, 0.0, 0.0, 0.0, 1.0],
                [1.0, -5.7e-05, 5.4e-05, 0.0, 5.7e-05, 0.048757, -0.998811, 0.375166, 5.4e-05, 0.998811, 0.048757, 0.0, 0.0, 0.0, 0.0, 1.0],
                [1.0, -5.7e-05, 5.4e-05, 0.0, 5.7e-05, 0.048757, -0.99881, 0.375166, 5.4e-05, 0.99881, 0.048757, 0.0, 0.0, 0.0, 0.0, 1.0],
                [1.0, -5.7e-05, 5.4e-05, -0.0, 5.7e-05, 0.048757, -0.998811, 0.375166, 5.4e-05, 0.998811, 0.048757, 0.0, 0.0, 0.0, 0.0, 1.0],
                [1.0, -5.7e-05, 5.4e-05, -0.0, 5.7e-05, 0.048757, -0.998811, 0.375166, 5.4e-05, 0.998811, 0.048757, 0.0, 0.0, 0.0, 0.0, 1.0],
                [1.0, -5.7e-05, 5.4e-05, 0.0, 5.7e-05, 0.048757, -0.998811, 0.375166, 5.4e-05, 0.998811, 0.048757, -0.0, 0.0, 0.0, 0.0, 1.0],
                [1.0, -5.7e-05, 5.4e-05, 0.0, 5.7e-05, 0.048757, -0.998811, 0.375166, 5.4e-05, 0.998811, 0.048757, 0.0, 0.0, 0.0, 0.0, 1.0],
                [1.0, -5.7e-05, 5.4e-05, -0.0, 5.7e-05, 0.048757, -0.998811, 0.375166, 5.4e-05, 0.998811, 0.048757, -0.0, 0.0, 0.0, 0.0, 1.0],
                [1.0, -5.7e-05, 5.4e-05, -0.0, 5.7e-05, 0.048757, -0.99881, 0.375166, 5.4e-05, 0.998811, 0.048757, 0.0, 0.0, 0.0, 0.0, 1.0],
                [1.0, -5.7e-05, 5.4e-05, 0.0, 5.7e-05, 0.048757, -0.998811, 0.375166, 5.4e-05, 0.998811, 0.048757, 0.0, 0.0, 0.0, 0.0, 1.0],
                [1.0, -5.7e-05, 5.4e-05, 0.0, 5.7e-05, 0.048757, -0.998811, 0.375166, 5.4e-05, 0.998811, 0.048757, -0.0, 0.0, 0.0, 0.0, 1.0],
                [1.0, -5.7e-05, 5.4e-05, 0.0, 5.7e-05, 0.048757, -0.998811, 0.375166, 5.4e-05, 0.998811, 0.048757, 0.0, 0.0, 0.0, 0.0, 1.0],
                [1.0, -5.7e-05, 5.4e-05, 0.0, 5.7e-05, 0.048757, -0.998811, 0.375166, 5.4e-05, 0.998811, 0.048757, -0.0, 0.0, 0.0, 0.0, 1.0],
                [1.0, -5.7e-05, 5.4e-05, -0.0, 5.7e-05, 0.048757, -0.998811, 0.375166, 5.4e-05, 0.998811, 0.048757, 0.0, 0.0, 0.0, 0.0, 1.0],
                [1.0, -5.7e-05, 5.4e-05, -0.0, 5.7e-05, 0.048757, -0.998811, 0.375166, 5.4e-05, 0.998811, 0.048757, 0.0, 0.0, 0.0, 0.0, 1.0],
                [1.0, -5.7e-05, 5.4e-05, 0.0, 5.7e-05, 0.048757, -0.998811, 0.375166, 5.4e-05, 0.998811, 0.048757, -0.0, 0.0, 0.0, 0.0, 1.0],
                [1.0, -5.7e-05, 5.4e-05, 0.0, 5.7e-05, 0.048757, -0.998811, 0.375166, 5.4e-05, 0.998811, 0.048757, -0.0, 0.0, 0.0, 0.0, 1.0],
                [1.0, -5.7e-05, 5.4e-05, 0.0, 5.7e-05, 0.048757, -0.998811, 0.375166, 5.4e-05, 0.998811, 0.048757, 1e-06, 0.0, 0.0, 0.0, 1.0],
                [1.0, -5.7e-05, 5.4e-05, -0.0, 5.7e-05, 0.048757, -0.998811, 0.375166, 5.4e-05, 0.998811, 0.048757, -0.0, 0.0, 0.0, 0.0, 1.0],
                [1.0, -5.7e-05, 5.4e-05, 0.0, 5.7e-05, 0.048757, -0.998811, 0.375166, 5.4e-05, 0.998811, 0.048757, 0.0, 0.0, 0.0, 0.0, 1.0],
                [1.0, -5.7e-05, 5.4e-05, -0.0, 5.7e-05, 0.048757, -0.998811, 0.375166, 5.4e-05, 0.998811, 0.048757, 0.0, 0.0, 0.0, 0.0, 1.0],
                [1.0, -5.7e-05, 5.4e-05, -0.0, 5.7e-05, 0.048757, -0.99881, 0.375166, 5.4e-05, 0.998811, 0.048757, 0.0, 0.0, 0.0, 0.0, 1.0],
                [1.0, -5.7e-05, 5.4e-05, -0.0, 5.7e-05, 0.048757, -0.99881, 0.375166, 5.4e-05, 0.998811, 0.048757, 0.0, 0.0, 0.0, 0.0, 1.0],
                [1.0, -5.7e-05, 5.4e-05, 0.0, 5.7e-05, 0.048757, -0.998811, 0.375166, 5.4e-05, 0.998811, 0.048757, -0.0, 0.0, 0.0, 0.0, 1.0],
                [1.0, -5.7e-05, 5.4e-05, -0.0, 5.7e-05, 0.048757, -0.998811, 0.375166, 5.4e-05, 0.998811, 0.048757, 0.0, 0.0, 0.0, 0.0, 1.0],
                [1.0, -5.7e-05, 5.4e-05, 0.0, 5.7e-05, 0.048757, -0.998811, 0.375166, 5.4e-05, 0.998811, 0.048757, -0.0, 0.0, 0.0, 0.0, 1.0],
                [1.0, -5.7e-05, 5.4e-05, 0.0, 5.7e-05, 0.048757, -0.998811, 0.375166, 5.4e-05, 0.998811, 0.048757, -0.0, 0.0, 0.0, 0.0, 1.0],
                [1.0, -5.7e-05, 5.4e-05, -0.0, 5.7e-05, 0.048757, -0.998811, 0.375166, 5.4e-05, 0.998811, 0.048757, -0.0, 0.0, 0.0, 0.0, 1.0],
                [1.0, -5.7e-05, 5.4e-05, 0.0, 5.7e-05, 0.048757, -0.998811, 0.375166, 5.4e-05, 0.998811, 0.048757, -0.0, 0.0, 0.0, 0.0, 1.0],
                [1.0, -5.7e-05, 5.4e-05, 0.0, 5.7e-05, 0.048757, -0.998811, 0.375166, 5.4e-05, 0.998811, 0.048757, 0.0, 0.0, 0.0, 0.0, 1.0],
                [1.0, -5.7e-05, 5.4e-05, 0.0, 5.7e-05, 0.048757, -0.998811, 0.375166, 5.4e-05, 0.998811, 0.048757, 0.0, 0.0, 0.0, 0.0, 1.0],
                [1.0, -5.7e-05, 5.4e-05, 0.0, 5.7e-05, 0.048757, -0.998811, 0.375166, 5.4e-05, 0.998811, 0.048757, -0.0, 0.0, 0.0, 0.0, 1.0],
                [1.0, -5.7e-05, 5.4e-05, 0.0, 5.7e-05, 0.048757, -0.99881, 0.375166, 5.4e-05, 0.998811, 0.048757, 0.0, 0.0, 0.0, 0.0, 1.0],
                [1.0, -5.7e-05, 5.4e-05, -0.0, 5.7e-05, 0.048757, -0.998811, 0.375166, 5.4e-05, 0.998811, 0.048757, 0.0, 0.0, 0.0, 0.0, 1.0],
                [1.0, -5.7e-05, 5.4e-05, -0.0, 5.7e-05, 0.048757, -0.998811, 0.375166, 5.4e-05, 0.998811, 0.048757, 0.0, 0.0, 0.0, 0.0, 1.0],
                [1.0, -5.7e-05, 5.4e-05, -0.0, 5.7e-05, 0.048757, -0.998811, 0.375166, 5.4e-05, 0.998811, 0.048757, -0.0, 0.0, 0.0, 0.0, 1.0],
