{
    "animation": [
        {
            "name": "Root",
            "time": [0.0, 0.0167, 0.0333, 0.05, 0.0667, 0.0833, 0.1, 0.1167, 0.1333, 0.15, 0.1667, 0.1833, 0.2, 0.2167, 0.2333, 0.25, 0.2667, 0.2833, 0.3, 0.3167, 0.3333, 0.35, 0.3667, 0.3833, 0.4, 0.4167, 0.4333, 0.45, 0.4667, 0.4833, 0.5, 0.5167, 0.5333, 0.55, 0.5667, 0.5833, 0.6, 0.6167, 0.6333, 0.65, 0.6667, 0.6833, 0.7, 0.7167, 0.7333, 0.75, 0.7667, 0.7833, 0.8, 0.8167, 0.8333, 0.85, 0.8667, 0.8833, 0.9, 0.9167, 0.9333, 0.95, 0.9667, 0.9833, 1.0],
            "transform": [
                [0.90129, 0.050602, -0.43025, -0.002535, -0.429566, -0.024252, -0.90271, 0.002159, -0.056113, 0.998424, -0.000121, 0.739425, 0.0, 0.0, 0.0, 1.0],
                [0.90455, 0.050786, -0.423333, -0.002544, -0.422659, -0.023864, -0.905974, 0.00214, -0.056113, 0.998424, -0.000121, 0.738744, 0.0, 0.0, 0.0, 1.0],
                [0.914147, 0.051328, -0.402119, -0.002571, -0.40148, -0.022675, -0.915587, 0.00208, -0.056113, 0.998424, -0.000121, 0.736689, 0.0, 0.0, 0.0, 1.0],
                [0.929276, 0.052183, -0.365681, -0.002614, -0.365098, -0.020632, -0.93074, 0.001978, -0.056113, 0.998424, -0.000121, 0.733251, 0.0, 0.0, 0.0, 1.0],
                [0.94829, 0.053258, -0.312906, -0.002667, -0.312407, -0.017673, -0.949784, 0.00183, -0.056113, 0.998424, -0.000121, 0.728455, 0.0, 0.0, 0.0, 1.0],
                [0.968546, 0.054404, -0.242816, -0.002725, -0.242427, -0.013743, -0.970072, 0.001634, -0.056113, 0.998424, -0.000121, 0.722359, 0.0, 0.0, 0.0, 1.0],
                [0.986352, 0.055416, -0.155047, -0.002775, -0.154796, -0.00882, -0.987907, 0.001387, -0.056113, 0.998424, -0.000121, 0.715067, 0.0, 0.0, 0.0, 1.0],
                [0.997152, 0.056036, -0.050485, -0.002806, -0.050398, -0.002954, -0.998725, 0.001094, -0.056113, 0.998424, -0.000121, 0.706732, 0.0, 0.0, 0.0, 1.0],
                [0.996104, 0.055991, 0.068125, -0.002804, 0.068024, 0.003702, -0.997677, 0.000761, -0.056113, 0.998424, -0.000121, 0.697557, 0.0, 0.0, 0.0, 1.0],
                [0.979081, 0.05505, 0.195883, -0.002757, 0.195581, 0.010873, -0.980627, 0.000403, -0.056113, 0.998424, -0.000121, 0.687791, 0.0, 0.0, 0.0, 1.0],
                [0.943846, 0.053085, 0.326093, -0.002659, 0.325585, 0.018184, -0.945338, 3.7e-05, -0.056113, 0.998424, -0.000121, 0.67772, 0.0, 0.0, 0.0, 1.0],
                [0.890938, 0.050127, 0.45135, -0.002511, 0.450645, 0.025219, -0.892347, -0.000315, -0.056113, 0.998424, -0.000121, 0.667649, 0.0, 0.0, 0.0, 1.0],
                [0.823752, 0.046365, 0.565051, -0.002323, 0.564167, 0.031607, -0.825056, -0.000634, -0.056113, 0.998424, -0.000121, 0.657884, 0.0, 0.0, 0.0, 1.0],
                [0.747726, 0.042104, 0.662671, -0.00211, 0.661632, 0.037094, -0.74891, -0.000908, -0.056113, 0.998424, -0.000121, 0.648708, 0.0, 0.0, 0.0, 1.0],
                [0.669017, 0.03769, 0.742291, -0.001889, 0.741126, 0.041571, -0.670078, -0.001132, -0.056113, 0.998424, -0.000121, 0.640373, 0.0, 0.0, 0.0, 1.0],
                [0.593268, 0.03344, 0.80431, -0.001677, 0.803047, 0.04506, -0.594209, -0.001307, -0.056113, 0.998424, -0.000121, 0.633081, 0.0, 0.0, 0.0, 1.0],
                [0.52487, 0.029602, 0.850668, -0.001485, 0.849331, 0.04767, -0.525704, -0.001437, -0.056113, 0.998424, -0.000121, 0.626985, 0.0, 0.0, 0.0, 1.0],
                [0.466775, 0.026341, 0.883984, -0.001322, 0.882594, 0.049547, -0.467517, -0.001531, -0.056113, 0.998424, -0.000121, 0.622189, 0.0, 0.0, 0.0, 1.0],
                [0.420682, 0.023753, 0.906897, -0.001192, 0.905471, 0.050838, -0.421352, -0.001595, -0.056113, 0.998424, -0.000121, 0.618752, 0.0, 0.0, 0.0, 1.0],
                [0.387378, 0.021883, 0.921661, -0.001099, 0.920212, 0.05167, -0.387996, -0.001637, -0.056113, 0.998424, -0.000121, 0.616696, 0.0, 0.0, 0.0, 1.0],
                [0.367074, 0.020743, 0.92996, -0.001042, 0.928498, 0.052139, -0.36766, -0.001661, -0.056113, 0.998424, -0.000121, 0.616016, 0.0, 0.0, 0.0, 1.0],
                [0.353555, 0.019984, 0.9352, -0.001004, 0.933729, 0.052434, -0.354119, -0.001675, -0.056113, 0.998424, -0.000121, 0.616016, 0.0, 0.0, 0.0, 1.0],
                [0.340697, 0.019262, 0.939976, -0.000968, 0.938497, 0.052704, -0.341241, -0.001689, -0.056113, 0.998424, -0.000121, 0.616016, 0.0, 0.0, 0.0, 1.0],
                [0.328591, 0.018582, 0.94429, -0.000934, 0.942804, 0.052947, -0.329116, -0.001701, -0.056113, 0.998424, -0.000121, 0.616016, 0.0, 0.0, 0.0, 1.0],
                [0.317323, 0.017949, 0.948148, -0.000902, 0.946656, 0.053165, -0.31783, -0.001712, -0.056113, 0.998424, -0.000121, 0.616016, 0.0, 0.0, 0.0, 1.0],
                [0.306976, 0.017368, 0.951559, -0.000873, 0.950062, 0.053358, -0.307467, -0.001721, -0.056113, 0.998424, -0.000121, 0.616016, 0.0, 0.0, 0.0, 1.0],
                [0.297622, 0.016843, 0.954535, -0.000847, 0.953033, 0.053526, -0.298098, -0.00173, -0.056113, 0.998424, -0.000121, 0.616016, 0.0, 0.0, 0.0, 1.0],
                [0.289314, 0.016376, 0.957094, -0.000823, 0.955588, 0.053671, -0.289777, -0.001737, -0.056113, 0.998424, -0.000121, 0.616016, 0.0, 0.0, 0.0, 1.0],
                [0.282086, 0.01597, 0.959256, -0.000803, 0.957747, 0.053793, -0.282538, -0.001743, -0.056113, 0.998424, -0.000121, 0.616016, 0.0, 0.0, 0.0, 1.0],
                [0.27594, 0.015625, 0.961048, -0.000786, 0.959536, 0.053894, -0.276382, -0.001748, -0.056113, 0.998424, -0.000121, 0.616016, 0.0, 0.0, 0.0, 1.0],
                [0.270848, 0.015339, 0.9625, -0.000772, 0.960985, 0.053976, -0.271282, -0.001752, -0.056113, 0.998424, -0.000121, 0.616016, 0.0, 0.0, 0.0, 1.0],
                [0.26675, 0.015109, 0.963647, -0.00076, 0.962131, 0.054041, -0.267177, -0.001756, -0.056113, 0.998424, -0.000121, 0.616016, 0.0, 0.0, 0.0, 1.0],
                [0.263559, 0.01493, 0.964528, -0.000751, 0.96301, 0.054091, -0.263981, -0.001758, -0.056113, 0.998424, -0.000121, 0.616016, 0.0, 0.0, 0.0, 1.0],
                [0.261166, 0.014795, 0.965181, -0.000744, 0.963662, 0.054128, -0.261585, -0.00176, -0.056113, 0.998424, -0.000121, 0.616016, 0.0, 0.0, 0.0, 1.0],
                [0.25945, 0.014699, 0.965645, -0.00074, 0.964125, 0.054154, -0.259866, -0.001761, -0.056113, 0.998424, -0.000121, 0.616016, 0.0, 0.0, 0.0, 1.0],
                [0.258285, 0.014633, 0.965958, -0.000736, 0.964438, 0.054172, -0.258699, -0.001762, -0.056113, 0.998424, -0.000121, 0.616016, 0.0, 0.0, 0.0, 1.0],
                [0.25755, 0.014592, 0.966155, -0.000734, 0.964634, 0.054183, -0.257963, -0.001763, -0.056113, 0.998424, -0.000121, 0.616016, 0.0, 0.0, 0.0, 1.0],
                [0.257133, 0.014569, 0.966266, -0.000733, 0.964746, 0.054189, -0.257545, -0.001763, -0.056113, 0.998424, -0.000121, 0.616016, 0.0, 0.0, 0.0, 1.0],
                [0.256932, 0.014558, 0.96632, -0.000732, 0.964799, 0.054192, -0.257345, -0.001763, -0.056113, 0.998424, -0.000121, 0.616016, 0.0, 0.0, 0.0, 1.0],
                [0.256864, 0.014554, 0.966338, -0.000732, 0.964817, 0.054193, -0.257276, -0.001763, -0.056113, 0.998424, -0.000121, 0.616016, 0.0, 0.0, 0.0, 1.0],
                [0.256854, 0.014553, 0.966341, -0.000732, 0.96482, 0.054193, -0.257266, -0.001763, -0.056113, 0.998424, -0.000121, 0.616016, 0.0, 0.0, 0.0, 1.0],
                [0.273551, 0.015491, 0.961733, -0.000779, 0.960219, 0.053933, -0.273989, 0.006863, -0.056113, 0.998424, -0.000121, 0.612598, 0.0, 0.0, 0.0, 1.0],
                [0.323608, 0.018302, 0.946014, -0.00092, 0.944526, 0.053045, -0.324126, 0.039133, -0.056113, 0.998424, -0.000121, 0.602314, 0.0, 0.0, 0.0, 1.0],
                [0.403911, 0.022812, 0.914514, -0.001145, 0.913076, 0.051267, -0.404555, 0.106359, -0.056113, 0.998424, -0.000121, 0.585592, 0.0, 0.0, 0.0, 1.0],
                [0.505469, 0.028513, 0.862373, -0.00143, 0.861018, 0.048329, -0.506273, 0.221123, -0.056113, 0.998424, -0.000121, 0.56372, 0.0, 0.0, 0.0, 1.0],
                [0.61326, 0.034562, 0.789125, -0.001733, 0.787886, 0.044206, -0.614233, 0.394754, -0.056113, 0.998424, -0.000121, 0.538943, 0.0, 0.0, 0.0, 1.0],
                [0.710612, 0.040023, 0.702445, -0.002006, 0.701343, 0.03933, -0.711738, 0.634065, -0.056113, 0.998424, -0.000121, 0.514166, 0.0, 0.0, 0.0, 1.0],
                [0.786004, 0.04425, 0.616636, -0.002217, 0.615669, 0.034506, -0.787249, 0.93925, -0.056113, 0.998424, -0.000121, 0.492294, 0.0, 0.0, 0.0, 1.0],
                [0.836203, 0.047062, 0.546398, -0.002358, 0.545542, 0.030559, -0.837526, 1.304399, -0.056113, 0.998424, -0.000121, 0.475572, 0.0, 0.0, 0.0, 1.0],
                [0.863703, 0.048603, 0.501653, -0.002435, 0.500868, 0.028045, -0.865069, 1.720049, -0.056113, 0.998424, -0.000121, 0.465287, 0.0, 0.0, 0.0, 1.0],
                [0.87226, 0.049082, 0.486572, -0.002459, 0.485812, 0.027197, -0.87364, 2.175935, -0.056113, 0.998424, -0.000121, 0.46187, 0.0, 0.0, 0.0, 1.0],
                [0.87226, 0.049082, 0.486572, -0.002459, 0.485812, 0.027197, -0.87364, 2.744901, -0.056113, 0.998424, -0.000121, 0.46187, 0.0, 0.0, 0.0, 1.0],
                [0.87226, 0.049082, 0.486572, -0.002459, 0.485812, 0.027197, -0.87364, 3.500877, -0.056113, 0.998424, -0.000121, 0.46187, 0.0, 0.0, 0.0, 1.0],
                [0.87226, 0.049082, 0.486572, -0.002459, 0.485812, 0.027197, -0.87364, 4.419384, -0.056113, 0.998424, -0.000121, 0.46187, 0.0, 0.0, 0.0, 1.0],
                [0.87226, 0.049082, 0.486572, -0.002459, 0.485812, 0.027197, -0.87364, 5.448351, -0.056113, 0.998424, -0.000121, 0.46187, 0.0, 0.0, 0.0, 1.0],
                [0.87226, 0.049082, 0.486572, -0.002459, 0.485812, 0.027197, -0.87364, 6.507621, -0.056113, 0.998424, -0.000121, 0.46187, 0.0, 0.0, 0.0, 1.0],
                [0.87226, 0.049082, 0.486572, -0.002459, 0.485812, 0.027197, -0.87364, 7.501247, -0.056113, 0.998424, -0.000121, 0.46187, 0.0, 0.0, 0.0, 1.0],
                [0.87226, 0.049082, 0.486572, -0.002459, 0.485812, 0.027197, -0.87364, 8.339888, -0.056113, 0.998424, -0.000121, 0.46187, 0.0, 0.0, 0.0, 1.0],
                [0.87226, 0.049082, 0.486572, -0.002459, 0.485812, 0.027197, -0.87364, 8.960581, -0.056113, 0.998424, -0.000121, 0.46187, 0.0, 0.0, 0.0, 1.0],
                [0.87226, 0.049082, 0.486572, -0.002459, 0.485812, 0.027197, -0.87364, 9.333258, -0.056113, 0.998424, -0.000121, 0.46187, 0.0, 0.0, 0.0, 1.0],
                [0.87226, 0.049082, 0.486572, -0.002459, 0.485812, 0.027197, -0.87364, 9.454994, -0.056113, 0.998424, -0.000121, 0.46187, 0.0, 0.0, 0.0, 1.0],
                [0.87226, 0.049082, 0.486572, -0.002459, 0.485812, 0.027197, -0.87364, 9.454994, -0.056113, 0.998424, -0.000121, 0.46187, 0.0, 0.0, 0.0, 1.0]
            ]
        },
        {
            "name": "Thigh_R",
            "time": [0.0, 0.0167, 0.0333, 0.05, 0.0667, 0.0833, 0.1, 0.1167, 0.1333, 0.15, 0.1667, 0.1833, 0.2, 0.2167, 0.2333, 0.25, 0.2667, 0.2833, 0.3, 0.3167, 0.3333, 0.35, 0.3667, 0.3833, 0.4, 0.4167, 0.4333, 0.45, 0.4667, 0.4833, 0.5, 0.5167, 0.5333, 0.55, 0.5667, 0.5833, 0.6, 0.6167, 0.6333, 0.65, 0.6667, 0.6833, 0.7, 0.7167, 0.7333, 0.75, 0.7667, 0.7833, 0.8, 0.8167, 0.8333, 0.85, 0.8667, 0.8833, 0.9, 0.9167, 0.9333, 0.95, 0.9667, 0.9833, 1.0],
            "transform": [
                [0.824298, 0.25857, 0.503663, 0.124994, 0.299879, -0.953977, -0.001033, -0.002831, 0.480214, 0.151888, -0.863904, -1.2e-05, 0.0, 0.0, 0.0, 1.0],
                [0.824143, 0.264392, 0.500887, 0.124994, 0.300123, -0.953851, 0.009674, -0.002831, 0.480327, 0.142354, -0.865463, -1.2e-05, 0.0, 0.0, 0.0, 1.0],
                [0.823674, 0.278472, 0.49398, 0.124994, 0.300857, -0.953005, 0.035582, -0.002831, 0.480672, 0.119309, -0.868749, -1.2e-05, 0.0, 0.0, 0.0, 1.0],
                [0.822885, 0.296278, 0.484852, 0.124994, 0.302081, -0.95083, 0.068335, -0.002831, 0.481256, 0.090232, -0.871927, -1.2e-05, 0.0, 0.0, 0.0, 1.0],
                [0.821771, 0.315603, 0.474436, 0.124994, 0.303795, -0.947066, 0.103801, -0.002831, 0.48208, 0.058829, -0.874154, -1.2e-05, 0.0, 0.0, 0.0, 1.0],
                [0.82033, 0.33548, 0.463157, 0.124994, 0.305995, -0.941667, 0.14011, -0.002831, 0.483142, 0.026786, -0.875136, -1.2e-05, 0.0, 0.0, 0.0, 1.0],
                [0.818566, 0.35542, 0.451252, 0.124994, 0.308665, -0.934693, 0.17628, -0.002831, 0.484434, -0.005012, -0.874817, -1.2e-05, 0.0, 0.0, 0.0, 1.0],
                [0.816493, 0.375087, 0.438921, 0.124994, 0.311774, -0.926293, 0.211608, -0.002831, 0.485939, -0.035933, -0.873257, -1.2e-05, 0.0, 0.0, 0.0, 1.0],
                [0.814138, 0.394206, 0.42636, 0.124994, 0.315272, -0.916687, 0.245539, -0.002831, 0.487629, -0.065484, -0.870595, -1.2e-05, 0.0, 0.0, 0.0, 1.0],
                [0.811544, 0.412504, 0.413811, 0.124994, 0.319088, -0.906177, 0.277537, -0.002831, 0.489469, -0.093193, -0.86703, -1.2e-05, 0.0, 0.0, 0.0, 1.0],
                [0.808767, 0.429753, 0.40151, 0.124994, 0.323128, -0.89511, 0.307193, -0.002831, 0.491411, -0.11871, -0.862803, -1.2e-05, 0.0, 0.0, 0.0, 1.0],
                [0.805883, 0.44574, 0.389706, 0.124994, 0.327279, -0.883867, 0.334167, -0.002831, 0.493398, -0.141758, -0.858178, -1.2e-05, 0.0, 0.0, 0.0, 1.0],
                [0.802976, 0.460326, 0.37859, 0.124994, 0.331416, -0.872798, 0.358311, -0.002831, 0.495371, -0.162246, -0.853399, -1.2e-05, 0.0, 0.0, 0.0, 1.0],
                [0.800143, 0.473328, 0.368422, 0.124994, 0.335407, -0.8623, 0.379396, -0.002831, 0.497266, -0.180001, -0.848724, -1.2e-05, 0.0, 0.0, 0.0, 1.0],
                [0.797477, 0.484662, 0.359353, 0.124994, 0.339124, -0.852673, 0.397422, -0.002831, 0.499024, -0.195071, -0.844351, -1.2e-05, 0.0, 0.0, 0.0, 1.0],
                [0.795071, 0.494277, 0.351502, 0.124994, 0.342449, -0.844162, 0.412456, -0.002831, 0.50059, -0.207562, -0.840436, -1.2e-05, 0.0, 0.0, 0.0, 1.0],
                [0.793004, 0.502091, 0.345036, 0.124994, 0.345283, -0.837027, 0.424459, -0.002831, 0.50192, -0.217464, -0.837133, -1.2e-05, 0.0, 0.0, 0.0, 1.0],
                [0.791342, 0.508123, 0.339987, 0.124994, 0.347548, -0.831387, 0.433598, -0.002831, 0.50298, -0.224964, -0.834511, -1.2e-05, 0.0, 0.0, 0.0, 1.0],
                [0.790129, 0.512388, 0.336387, 0.124994, 0.349191, -0.827329, 0.439991, -0.002831, 0.503747, -0.230188, -0.832621, -1.2e-05, 0.0, 0.0, 0.0, 1.0],
                [0.789396, 0.514917, 0.334241, 0.124994, 0.350182, -0.824897, 0.443754, -0.002831, 0.504209, -0.233254, -0.831488, -1.2e-05, 0.0, 0.0, 0.0, 1.0],
                [0.789152, 0.51575, 0.333532, 0.124994, 0.350511, -0.824091, 0.44499, -0.002831, 0.504362, -0.234259, -0.831112, -1.2e-05, 0.0, 0.0, 0.0, 1.0],
                [0.789152, 0.51575, 0.333532, 0.124994, 0.350511, -0.824091, 0.44499, -0.002831, 0.504362, -0.234259, -0.831112, -1.2e-05, 0.0, 0.0, 0.0, 1.0],
                [0.789152, 0.515749, 0.333532, 0.124994, 0.350511, -0.824091, 0.444989, -0.002831, 0.504362, -0.234259, -0.831112, -1.2e-05, 0.0, 0.0, 0.0, 1.0],
                [0.789152, 0.515749, 0.333532, 0.124994, 0.350511, -0.824091, 0.44499, -0.002831, 0.504362, -0.234259, -0.831112, -1.2e-05, 0.0, 0.0, 0.0, 1.0],
                [0.789152, 0.51575, 0.333532, 0.124994, 0.350511, -0.824091, 0.44499, -0.002831, 0.504362, -0.234259, -0.831112, -1.2e-05, 0.0, 0.0, 0.0, 1.0],
                [0.789152, 0.515749, 0.333532, 0.124994, 0.350511, -0.824091, 0.44499, -0.002831, 0.504362, -0.234259, -0.831112, -1.2e-05, 0.0, 0.0, 0.0, 1.0],
                [0.789152, 0.51575, 0.333532, 0.124994, 0.350511, -0.824091, 0.44499, -0.002831, 0.504362, -0.234259, -0.831112, -1.2e-05, 0.0, 0.0, 0.0, 1.0],
                [0.789152, 0.51575, 0.333532, 0.124994, 0.350511, -0.824091, 0.44499, -0.002831, 0.504362, -0.234259, -0.831112, -1.2e-05, 0.0, 0.0, 0.0, 1.0],
                [0.789152, 0.51575, 0.333532, 0.124994, 0.350511, -0.824091, 0.44499, -0.002831, 0.504362, -0.234259, -0.831112, -1.2e-05, 0.0, 0.0, 0.0, 1.0],
                [0.789152, 0.515749, 0.333532, 0.124994, 0.350511, -0.824091, 0.44499, -0.002831, 0.504362, -0.234259, -0.831112, -1.2e-05, 0.0, 0.0, 0.0, 1.0],
                [0.789152, 0.51575, 0.333532, 0.124994, 0.350511, -0.824092, 0.44499, -0.002831, 0.504362, -0.234259, -0.831112, -1.2e-05, 0.0, 0.0, 0.0, 1.0],
                [0.789152, 0.51575, 0.333532, 0.124994, 0.350511, -0.824091, 0.44499, -0.002831, 0.504362, -0.234259, -0.831112, -1.2e-05, 0.0, 0.0, 0.0, 1.0],
                [0.789152, 0.515749, 0.333532, 0.124994, 0.350511, -0.824091, 0.44499, -0.002831, 0.504362, -0.234259, -0.831112, -1.2e-05, 0.0, 0.0, 0.0, 1.0],
                [0.789152, 0.515749, 0.333532, 0.124994, 0.350511, -0.824091, 0.44499, -0.002831, 0.504362, -0.234259, -0.831112, -1.2e-05, 0.0, 0.0, 0.0, 1.0],
                [0.789152, 0.51575, 0.333532, 0.124994, 0.350511, -0.824091, 0.44499, -0.002831, 0.504362, -0.234259, -0.831112, -1.2e-05, 0.0, 0.0, 0.0, 1.0],
                [0.789152, 0.51575, 0.333532, 0.124994, 0.350511, -0.824091, 0.44499, -0.002831, 0.504362, -0.234259, -0.831112, -1.2e-05, 0.0, 0.0, 0.0, 1.0],
                [0.789152, 0.51575, 0.333532, 0.124994, 0.350511, -0.824091, 0.44499, -0.002831, 0.504362, -0.234259, -0.831112, -1.2e-05, 0.0, 0.0, 0.0, 1.0],
                [0.789152, 0.515749, 0.333532, 0.124994, 0.350511, -0.824091, 0.444989, -0.002831, 0.504362, -0.234259, -0.831112, -1.2e-05, 0.0, 0.0, 0.0, 1.0],
                [0.789152, 0.51575, 0.333532, 0.124994, 0.350511, -0.824091, 0.44499, -0.002831, 0.504362, -0.234259, -0.831112, -1.2e-05, 0.0, 0.0, 0.0, 1.0],
                [0.789152, 0.515749, 0.333532, 0.124994, 0.350511, -0.824091, 0.444989, -0.002831, 0.504362, -0.234259, -0.831112, -1.2e-05, 0.0, 0.0, 0.0, 1.0],
                [0.789152, 0.515749, 0.333532, 0.124994, 0.350511, -0.824091, 0.444989, -0.002831, 0.504362, -0.234259, -0.831112, -1.2e-05, 0.0, 0.0, 0.0, 1.0],
                [0.788021, 0.515962, 0.33587, 0.124994, 0.350831, -0.82465, 0.4437, -0.002831, 0.505906, -0.231813, -0.83086, -1.2e-05, 0.0, 0.0, 0.0, 1.0],
                [0.784565, 0.515382, 0.344734, 0.124994, 0.352011, -0.827918, 0.436624, -0.002831, 0.510437, -0.221211, -0.830978, -1.2e-05, 0.0, 0.0, 0.0, 1.0],
                [0.77874, 0.510589, 0.364506, 0.124994, 0.354794, -0.837628, 0.415332, -0.002831, 0.517383, -0.194113, -0.833451, -1.2e-05, 0.0, 0.0, 0.0, 1.0],
                [0.7706, 0.496689, 0.399347, 0.124994, 0.360396, -0.856403, 0.369715, -0.002831, 0.525633, -0.140981, -0.838951, -1.2e-05, 0.0, 0.0, 0.0, 1.0],
                [0.760315, 0.468594, 0.449827, 0.124994, 0.370183, -0.881636, 0.292718, -0.002831, 0.533747, -0.056042, -0.843788, -1.2e-05, 0.0, 0.0, 0.0, 1.0],
                [0.748207, 0.423783, 0.510488, 0.124994, 0.385084, -0.903944, 0.186004, -0.002831, 0.540275, 0.057409, -0.83953, -1.2e-05, 0.0, 0.0, 0.0, 1.0],
                [0.734864, 0.365451, 0.571335, 0.124994, 0.404924, -0.912202, 0.062659, -0.002831, 0.544069, 0.185299, -0.818325, -1.2e-05, 0.0, 0.0, 0.0, 1.0],
                [0.721372, 0.301412, 0.62352, 0.124994, 0.427953, -0.901864, -0.059153, -0.002831, 0.544499, 0.309505, -0.779571, -1.2e-05, 0.0, 0.0, 0.0, 1.0],
                [0.709494, 0.240333, 0.662466, 0.124994, 0.450881, -0.877271, -0.164632, -0.002831, 0.541594, 0.415496, -0.730781, -1.2e-05, 0.0, 0.0, 0.0, 1.0],
                [0.701465, 0.188353, 0.687367, 0.124994, 0.469653, -0.847586, -0.247034, -0.002831, 0.536071, 0.496107, -0.683014, -1.2e-05, 0.0, 0.0, 0.0, 1.0],
                [0.695395, 0.142565, 0.704347, 0.124994, 0.486572, -0.814687, -0.315493, -0.002831, 0.528842, 0.562105, -0.635897, -1.2e-05, 0.0, 0.0, 0.0, 1.0],
                [0.687912, 0.098092, 0.719138, 0.124994, 0.506237, -0.774864, -0.378567, -0.002831, 0.520098, 0.624471, -0.582696, -1.2e-05, 0.0, 0.0, 0.0, 1.0],
                [0.67909, 0.055833, 0.731931, 0.124993, 0.527975, -0.729882, -0.434186, -0.002831, 0.509979, 0.68129, -0.525134, -1.3e-05, 0.0, 0.0, 0.0, 1.0],
                [0.669207, 0.017061, 0.742883, 0.124994, 0.550736, -0.682543, -0.480446, -0.002831, 0.498851, 0.730647, -0.466158, -1.2e-05, 0.0, 0.0, 0.0, 1.0],
                [0.658813, -0.016991, 0.752118, 0.124994, 0.573116, -0.636298, -0.516397, -0.002831, 0.487343, 0.771256, -0.409463, -1.2e-05, 0.0, 0.0, 0.0, 1.0],
                [0.648695, -0.045018, 0.759718, 0.124994, 0.593569, -0.594834, -0.54208, -0.002831, 0.476308, 0.802587, -0.359145, -1.3e-05, 0.0, 0.0, 0.0, 1.0],
                [0.639752, -0.06598, 0.765747, 0.124995, 0.610684, -0.561307, -0.558572, -0.002831, 0.466672, 0.824973, -0.318804, -1.3e-05, 0.0, 0.0, 0.0, 1.0],
                [0.632797, -0.079776, 0.7702, 0.124995, 0.623425, -0.537452, -0.567881, -0.002831, 0.459247, 0.839512, -0.290364, -1.2e-05, 0.0, 0.0, 0.0, 1.0],
                [0.62842, -0.087059, 0.77299, 0.124994, 0.631207, -0.523676, -0.57214, -0.002831, 0.454604, 0.847457, -0.274136, -1.3e-05, 0.0, 0.0, 0.0, 1.0],
                [0.626937, -0.089095, 0.773962, 0.124995, 0.633805, -0.519364, -0.573197, -0.002831, 0.453035, 0.849896, -0.26914, -1.4e-05, 0.0, 0.0, 0.0, 1.0],
                [0.626937, -0.089095, 0.773962, 0.124995, 0.633805, -0.519364, -0.573197, -0.002831, 0.453035, 0.849896, -0.26914, -1.4e-05, 0.0, 0.0, 0.0, 1.0]
            ]
        },
        {
            "name": "Leg_R",
            "time": [0.0, 0.0167, 0.0333, 0.05, 0.0667, 0.0833, 0.1, 0.1167, 0.1333, 0.15, 0.1667, 0.1833, 0.2, 0.2167, 0.2333, 0.25, 0.2667, 0.2833, 0.3, 0.3167, 0.3333, 0.35, 0.3667, 0.3833, 0.4, 0.4167, 0.4333, 0.45, 0.4667, 0.4833, 0.5, 0.5167, 0.5333, 0.55, 0.5667, 0.5833, 0.6, 0.6167, 0.6333, 0.65, 0.6667, 0.6833, 0.7, 0.7167, 0.7333, 0.75, 0.7667, 0.7833, 0.8, 0.8167, 0.8333, 0.85, 0.8667, 0.8833, 0.9, 0.9167, 0.9333, 0.95, 0.9667, 0.9833, 1.0],
            "transform": [
                [1.0, -0.00016, -0.000126, -0.0, 0.000177, 0.989676, 0.143324, 0.375166, 0.000102, -0.143324, 0.989676, -0.0, 0.0, 0.0, 0.0, 1.0],
                [1.0, -0.000185, -0.00013, 0.0, 0.000204, 0.986199, 0.165562, 0.375166, 9.8e-05, -0.165562, 0.986199, 0.0, 0.0, 0.0, 0.0, 1.0],
                [1.0, -0.000245, -0.000142, 0.0, 0.00027, 0.975708, 0.219078, 0.375166, 8.5e-05, -0.219077, 0.975707, 0.0, 0.0, 0.0, 0.0, 1.0],
                [1.0, -0.00032, -0.000162, -0.0, 0.000353, 0.958233, 0.285989, 0.375166, 6.4e-05, -0.285988, 0.958233, 0.0, 0.0, 0.0, 0.0, 1.0],
                [1.0, -0.0004, -0.000189, -0.0, 0.000441, 0.934007, 0.357256, 0.375166, 3.4e-05, -0.357254, 0.934007, 0.0, 0.0, 0.0, 0.0, 1.0],
                [1.0, -0.000479, -0.000223, 0.0, 0.000529, 0.903482, 0.428627, 0.375166, -4e-06, -0.428625, 0.903481, -0.0, 0.0, 0.0, 0.0, 1.0],
                [1.0, -0.000557, -0.000264, -0.0, 0.000614, 0.867301, 0.497786, 0.375166, -4.9e-05, -0.497783, 0.867301, -0.0, 0.0, 0.0, 0.0, 1.0],
                [1.0, -0.00063, -0.000309, -0.0, 0.000695, 0.826372, 0.563127, 0.375166, -9.9e-05, -0.563124, 0.826371, 0.0, 0.0, 0.0, 0.0, 1.0],
                [1.0, -0.000697, -0.000359, -0.0, 0.000769, 0.781827, 0.623497, 0.375166, -0.000154, -0.623494, 0.781826, 0.0, 0.0, 0.0, 0.0, 1.0],
                [0.999999, -0.000758, -0.000411, -0.0, 0.000836, 0.735079, 0.677983, 0.375166, -0.000212, -0.67798, 0.735078, -0.0, 0.0, 0.0, 0.0, 1.0],
                [0.999999, -0.000812, -0.000464, -0.0, 0.000895, 0.6876, 0.726091, 0.375166, -0.00027, -0.726088, 0.687599, -0.0, 0.0, 0.0, 0.0, 1.0],
                [1.0, -0.000858, -0.000517, -0.0, 0.000947, 0.640897, 0.767628, 0.375166, -0.000328, -0.767624, 0.640896, 0.0, 0.0, 0.0, 0.0, 1.0],
                [0.999999, -0.000898, -0.000567, -0.0, 0.00099, 0.596219, 0.802823, 0.375166, -0.000383, -0.802819, 0.596218, 0.0, 0.0, 0.0, 0.0, 1.0],
                [0.999999, -0.00093, -0.000613, 0.0, 0.001026, 0.554936, 0.831894, 0.375166, -0.000434, -0.83189, 0.554936, 0.0, 0.0, 0.0, 0.0, 1.0],
                [0.999999, -0.000957, -0.000654, 0.0, 0.001055, 0.517941, 0.855418, 0.375166, -0.000479, -0.855414, 0.51794, -0.0, 0.0, 0.0, 0.0, 1.0],
                [1.0, -0.000977, -0.00069, 0.0, 0.001078, 0.485881, 0.874026, 0.375166, -0.000519, -0.874023, 0.48588, -0.0, 0.0, 0.0, 0.0, 1.0],
                [0.999999, -0.000993, -0.000719, 0.0, 0.001095, 0.459464, 0.888198, 0.375166, -0.000552, -0.888194, 0.459463, -0.0, 0.0, 0.0, 0.0, 1.0],
                [0.999999, -0.001005, -0.000742, 0.0, 0.001108, 0.438861, 0.898556, 0.375166, -0.000577, -0.898552, 0.43886, 0.0, 0.0, 0.0, 0.0, 1.0],
                [0.999999, -0.001013, -0.000759, 0.0, 0.001117, 0.424194, 0.905573, 0.375166, -0.000595, -0.905569, 0.424193, -0.0, 0.0, 0.0, 0.0, 1.0],
                [0.999999, -0.001017, -0.000769, 0.0, 0.001122, 0.415462, 0.909612, 0.375166, -0.000606, -0.909607, 0.415461, -0.0, 0.0, 0.0, 0.0, 1.0],
                [0.999999, -0.001019, -0.000772, -0.0, 0.001123, 0.41258, 0.910923, 0.375166, -0.000609, -0.910919, 0.412579, 0.0, 0.0, 0.0, 0.0, 1.0],
                [0.999999, -0.001019, -0.000772, -0.0, 0.001124, 0.412579, 0.910923, 0.375166, -0.000609, -0.910919, 0.412579, 0.0, 0.0, 0.0, 0.0, 1.0],
                [0.999999, -0.001019, -0.000772, 0.0, 0.001123, 0.41258, 0.910923, 0.375166, -0.000609, -0.910919, 0.412579, -0.0, 0.0, 0.0, 0.0, 1.0],
                [0.999999, -0.001019, -0.000772, 0.0, 0.001124, 0.41258, 0.910923, 0.375166, -0.000609, -0.910919, 0.412579, 0.0, 0.0, 0.0, 0.0, 1.0],
                [0.999999, -0.001019, -0.000772, 0.0, 0.001123, 0.412579, 0.910923, 0.375166, -0.000609, -0.910919, 0.412579, 0.0, 0.0, 0.0, 0.0, 1.0],
                [0.999999, -0.001018, -0.000772, -0.0, 0.001123, 0.412579, 0.910923, 0.375166, -0.000609, -0.910919, 0.412578, -0.0, 0.0, 0.0, 0.0, 1.0],
                [0.999999, -0.001019, -0.000772, 0.0, 0.001124, 0.41258, 0.910923, 0.375166, -0.000609, -0.910919, 0.412579, 0.0, 0.0, 0.0, 0.0, 1.0],
                [0.999999, -0.001019, -0.000772, 0.0, 0.001124, 0.412579, 0.910923, 0.375166, -0.00061, -0.910919, 0.412579, 0.0, 0.0, 0.0, 0.0, 1.0],
                [0.999999, -0.001019, -0.000772, 0.0, 0.001123, 0.412579, 0.910923, 0.375166, -0.000609, -0.910919, 0.412579, 0.0, 0.0, 0.0, 0.0, 1.0],
                [0.999999, -0.001019, -0.000772, 0.0, 0.001123, 0.41258, 0.910923, 0.375166, -0.000609, -0.910919, 0.412579, -0.0, 0.0, 0.0, 0.0, 1.0],
                [0.999999, -0.001019, -0.000772, 0.0, 0.001123, 0.41258, 0.910922, 0.375166, -0.000609, -0.910919, 0.412579, -0.0, 0.0, 0.0, 0.0, 1.0],
                [0.999999, -0.001019, -0.000772, -0.0, 0.001123, 0.412579, 0.910923, 0.375166, -0.000609, -0.910919, 0.412578, 0.0, 0.0, 0.0, 0.0, 1.0],
                [0.999999, -0.001019, -0.000772, -0.0, 0.001123, 0.41258, 0.910923, 0.375166, -0.000609, -0.910919, 0.412579, -0.0, 0.0, 0.0, 0.0, 1.0],
                [0.999999, -0.001019, -0.000772, -0.0, 0.001123, 0.412579, 0.910923, 0.375166, -0.000609, -0.910919, 0.412579, -0.0, 0.0, 0.0, 0.0, 1.0],
                [0.999999, -0.001019, -0.000772, -0.0, 0.001123, 0.412579, 0.910923, 0.375166, -0.000609, -0.910919, 0.412578, 0.0, 0.0, 0.0, 0.0, 1.0],
                [0.999999, -0.001019, -0.000772, 0.0, 0.001124, 0.412579, 0.910923, 0.375166, -0.000609, -0.910919, 0.412579, -0.0, 0.0, 0.0, 0.0, 1.0],
                [1.0, -0.001019, -0.000772, -0.0, 0.001123, 0.412579, 0.910923, 0.375166, -0.000609, -0.910919, 0.412579, 0.0, 0.0, 0.0, 0.0, 1.0],
                [0.999999, -0.001019, -0.000772, 0.0, 0.001123, 0.41258, 0.910923, 0.375166, -0.000609, -0.910919, 0.412579, -0.0, 0.0, 0.0, 0.0, 1.0],
                [0.999999, -0.001019, -0.000772, 0.0, 0.001124, 0.412579, 0.910923, 0.375166, -0.00061, -0.910919, 0.412579, 0.0, 0.0, 0.0, 0.0, 1.0],
                [0.999999, -0.001019, -0.000772, 0.0, 0.001123, 0.41258, 0.910923, 0.375166, -0.00061, -0.910918, 0.412579, -0.0, 0.0, 0.0, 0.0, 1.0],
                [0.999999, -0.001019, -0.000772, 0.0, 0.001124, 0.41258, 0.910923, 0.375166, -0.000609, -0.910919, 0.412579, -0.0, 0.0, 0.0, 0.0, 1.0],
                [0.999999, -0.001028, -0.000792, -0.0, 0.001133, 0.394343, 0.918965, 0.375166, -0.000632, -0.918961, 0.394342, -0.0, 0.0, 0.0, 0.0, 1.0],
                [0.999999, -0.001051, -0.00085, 0.0, 0.001159, 0.342687, 0.939451, 0.375166, -0.000696, -0.939447, 0.342687, -0.0, 0.0, 0.0, 0.0, 1.0],
                [0.999999, -0.001077, -0.000932, 0.0, 0.001188, 0.269595, 0.962975, 0.375166, -0.000786, -0.962971, 0.269595, -0.0, 0.0, 0.0, 0.0, 1.0],
                [0.999999, -0.001097, -0.001016, 0.0, 0.00121, 0.194437, 0.980916, 0.375166, -0.000878, -0.980912, 0.194437, 0.0, 0.0, 0.0, 0.0, 1.0],
                [0.999998, -0.001107, -0.001078, -0.0, 0.001221, 0.139099, 0.990279, 0.375166, -0.000947, -0.990276, 0.139099, -0.0, 0.0, 0.0, 0.0, 1.0],
                [0.999999, -0.00111, -0.001099, 0.0, 0.001224, 0.1199, 0.992787, 0.375166, -0.00097, -0.992783, 0.1199, 0.0, 0.0, 0.0, 0.0, 1.0],
                [0.999999, -0.001107, -0.001077, 0.0, 0.001221, 0.139977, 0.990156, 0.375166, -0.000946, -0.990152, 0.139977, -0.0, 0.0, 0.0, 0.0, 1.0],
                [0.999999, -0.001098, -0.00102, 0.0, 0.001211, 0.19048, 0.981693, 0.375166, -0.000883, -0.981688, 0.19048, -0.0, 0.0, 0.0, 0.0, 1.0],
                [0.999999, -0.001081, -0.000948, -0.0, 0.001192, 0.255477, 0.966816, 0.375166, -0.000803, -0.966812, 0.255477, 0.0, 0.0, 0.0, 0.0, 1.0],
                [0.999999, -0.00106, -0.000876, -0.0, 0.001169, 0.319611, 0.94755, 0.375166, -0.000724, -0.947546, 0.319611, -0.0, 0.0, 0.0, 0.0, 1.0],
                [0.999999, -0.001033, -0.000805, 0.0, 0.001139, 0.382716, 0.923867, 0.375166, -0.000646, -0.923863, 0.382716, -0.0, 0.0, 0.0, 0.0, 1.0],
                [0.999999, -0.000998, -0.000728, 0.0, 0.0011, 0.451435, 0.892306, 0.375166, -0.000561, -0.892301, 0.451435, -0.0, 0.0, 0.0, 0.0, 1.0],
                [0.999999, -0.000953, -0.000648, -0.0, 0.001051, 0.522925, 0.852381, 0.375166, -0.000473, -0.852376, 0.522924, 0.0, 0.0, 0.0, 0.0, 1.0],
                [0.999999, -0.000901, -0.000571, 0.0, 0.000993, 0.592583, 0.805511, 0.375167, -0.000387, -0.805507, 0.592583, 0.0, 0.0, 0.0, 0.0, 1.0],
                [0.999999, -0.000844, -0.0005, 0.0, 0.000931, 0.655628, 0.755086, 0.375166, -0.00031, -0.755082, 0.655627, -0.0, 0.0, 0.0, 0.0, 1.0],
                [0.999999, -0.00079, -0.000442, 0.0, 0.000871, 0.70778, 0.706435, 0.375166, -0.000245, -0.706431, 0.707779, 1e-06, 0.0, 0.0, 0.0, 1.0],
                [0.999999, -0.000744, -0.000399, -0.0, 0.000821, 0.746474, 0.665416, 0.375167, -0.000198, -0.665413, 0.746474, 0.0, 0.0, 0.0, 0.0, 1.0],
                [1.0, -0.000711, -0.00037, 0.0, 0.000784, 0.771782, 0.635889, 0.375167, -0.000166, -0.635885, 0.771781, 0.0, 0.0, 0.0, 0.0, 1.0],
                [1.0, -0.000692, -0.000355, 0.0, 0.000764, 0.785254, 0.619175, 0.375167, -0.00015, -0.619172, 0.785254, -0.0, 0.0, 0.0, 0.0, 1.0],
                [1.0, -0.000687, -0.000351, 0.0, 0.000757, 0.789141, 0.614214, 0.375167, -0.000145, -0.614211, 0.78914, -1e-06, 0.0, 0.0, 0.0, 1.0],
                [1.0, -0.000687, -0.000351, 0.0, 0.000757, 0.789141, 0.614214, 0.375167, -0.000145, -0.614211, 0.78914, -1e-06, 0.0, 0.0, 0.0, 1.0]
            ]
        },
        {
            "name": "Knee_R",
            "time": [0.0, 0.0167, 0.0333, 0.05, 0.0667, 0.0833, 0.1, 0.1167, 0.1333, 0.15, 0.1667, 0.1833, 0.2, 0.2167, 0.2333, 0.25, 0.2667, 0.2833, 0.3, 0.3167, 0.3333, 0.35, 0.3667, 0.3833, 0.4, 0.4167, 0.4333, 0.45, 0.4667, 0.4833, 0.5, 0.5167, 0.5333, 0.55, 0.5667, 0.5833, 0.6, 0.6167, 0.6333, 0.65, 0.6667, 0.6833, 0.7, 0.7167, 0.7333, 0.75, 0.7667, 0.7833, 0.8, 0.8167, 0.8333, 0.85, 0.8667, 0.8833, 0.9, 0.9167, 0.9333, 0.95, 0.9667, 0.9833, 1.0],
            "transform": [
                [1.0, -5.7e-05, 5.4e-05, -0.0, 5.7e-05, 0.048757, -0.99881, 0.375166, 5.4e-05, 0.99881, 0.048757, -0.0, 0.0, 0.0, 0.0, 1.0],
                [1.0, -5.7e-05, 5.4e-05, 0.0, 5.7e-05, 0.048757, -0.998811, 0.375166, 5.4e-05, 0.998811, 0.048757, 0.0, 0.0, 0.0, 0.0, 1.0],
                [1.0, -5.7e-05, 5.4e-05, 0.0, 5.7e-05, 0.048757, -0.998811, 0.375166, 5.4e-05, 0.998811, 0.048757, 0.0, 0.0, 0.0, 0.0, 1.0],
                [1.0, -5.7e-05, 5.4e-05, -0.0, 5.7e-05, 0.048757, -0.998811, 0.375166, 5.4e-05, 0.998811, 0.048757, 0.0, 0.0, 0.0, 0.0, 1.0],
                [1.0, -5.7e-05, 5.4e-05, -0.0, 5.7e-05, 0.048757, -0.998811, 0.375166, 5.4e-05, 0.998811, 0.048757, 0.0, 0.0, 0.0, 0.0, 1.0],
                [1.0, -5.7e-05, 5.4e-05, 0.0, 5.7e-05, 0.048757, -0.998811, 0.375166, 5.4e-05, 0.998811, 0.048757, -0.0, 0.0, 0.0, 0.0, 1.0],
                [1.0, -5.7e-05, 5.4e-05, -0.0, 5.7e-05, 0.048757, -0.998811, 0.375166, 5.4e-05, 0.998811, 0.048757, -0.0, 0.0, 0.0, 0.0, 1.0],
                [1.0, -5.7e-05, 5.4e-05, -0.0, 5.7e-05, 0.048757, -0.998811, 0.375166, 5.4e-05, 0.998811, 0.048757, 0.0, 0.0, 0.0, 0.0, 1.0],
                [1.0, -5.7e-05, 5.4e-05, -0.0, 5.7e-05, 0.048757, -0.99881, 0.375166, 5.4e-05, 0.998811, 0.048757, 0.0, 0.0, 0.0, 0.0, 1.0],
                [1.0, -5.7e-05, 5.4e-05, -0.0, 5.7e-05, 0.048757, -0.998811, 0.375166, 5.4e-05, 0.99881, 0.048757, -0.0, 0.0, 0.0, 0.0, 1.0],
                [1.0, -5.7e-05, 5.4e-05, -0.0, 5.7e-05, 0.048757, -0.998811, 0.375166, 5.4e-05, 0.998811, 0.048757, -0.0, 0.0, 0.0, 0.0, 1.0],
                [1.0, -5.7e-05, 5.4e-05, -0.0, 5.7e-05, 0.048757, -0.998811, 0.375166, 5.4e-05, 0.998811, 0.048757, 0.0, 0.0, 0.0, 0.0, 1.0],
                [1.0, -5.7e-05, 5.4e-05, -0.0, 5.7e-05, 0.048757, -0.99881, 0.375166, 5.4e-05, 0.998811, 0.048757, 0.0, 0.0, 0.0, 0.0, 1.0],
                [1.0, -5.7e-05, 5.4e-05, 0.0, 5.7e-05, 0.048757, -0.998811, 0.375166, 5.4e-05, 0.998811, 0.048757, 0.0, 0.0, 0.0, 0.0, 1.0],
                [1.0, -5.7e-05, 5.4e-05, 0.0, 5.7e-05, 0.048757, -0.998811, 0.375166, 5.4e-05, 0.998811, 0.048757, -0.0, 0.0, 0.0, 0.0, 1.0],
                [1.0, -5.7e-05, 5.4e-05, 0.0, 5.7e-05, 0.048757, -0.998811, 0.375166, 5.4e-05, 0.998811, 0.048757, -0.0, 0.0, 0.0, 0.0, 1.0],
                [1.0, -5.7e-05, 5.4e-05, 0.0, 5.7e-05, 0.048757, -0.998811, 0.375166, 5.4e-05, 0.998811, 0.048757, -0.0, 0.0, 0.0, 0.0, 1.0],
                [1.0, -5.7e-05, 5.4e-05, 0.0, 5.7e-05, 0.048757, -0.998811, 0.375166, 5.4e-05, 0.998811, 0.048757, 0.0, 0.0, 0.0, 0.0, 1.0],
                [1.0, -5.7e-05, 5.4e-05, 0.0, 5.7e-05, 0.048757, -0.998811, 0.375166, 5.4e-05, 0.998811, 0.048757, -0.0, 0.0, 0.0, 0.0, 1.0],
                [1.0, -5.7e-05, 5.4e-05, 0.0, 5.7e-05, 0.048757, -0.998811, 0.375166, 5.4e-05, 0.998811, 0.048757, -0.0, 0.0, 0.0, 0.0, 1.0],
                [1.0, -5.7e-05, 5.4e-05, -0.0, 5.7e-05, 0.048757, -0.998811, 0.375166, 5.4e-05, 0.998811, 0.048757, 0.0, 0.0, 0.0, 0.0, 1.0],
                [1.0, -5.7e-05, 5.4e-05, -0.0, 5.7e-05, 0.048757, -0.998811, 0.375166, 5.4e-05, 0.998811, 0.048757, 0.0, 0.0, 0.0, 0.0, 1.0],
                [1.0, -5.7e-05, 5.4e-05, 0.0, 5.7e-05, 0.048757, -0.998811, 0.375166, 5.4e-05, 0.998811, 0.048757, -0.0, 0.0, 0.0, 0.0, 1.0],
                [1.0, -5.7e-05, 5.4e-05, 0.0, 5.7e-05, 0.048757, -0.998811, 0.375166, 5.4e-05, 0.998811, 0.048757, 0.0, 0.0, 0.0, 0.0, 1.0],
                [1.0, -5.7e-05, 5.4e-05, 0.0, 5.7e-05, 0.048757, -0.998811, 0.375166, 5.4e-05, 0.998811, 0.048757, 0.0, 0.0, 0.0, 0.0, 1.0],
                [1.0, -5.7e-05, 5.4e-05, -0.0, 5.7e-05, 0.048757, -0.998811, 0.375166, 5.4e-05, 0.998811, 0.048757, -0.0, 0.0, 0.0, 0.0, 1.0],
                [1.0, -5.7e-05, 5.4e-05, 0.0, 5.7e-05, 0.048757, -0.998811, 0.375166, 5.4e-05, 0.998811, 0.048757, 0.0, 0.0, 0.0, 0.0, 1.0],
                [1.0, -5.7e-05, 5.4e-05, 0.0, 5.7e-05, 0.048757, -0.998811, 0.375166, 5.4e-05, 0.998811, 0.048757, 0.0, 0.0, 0.0, 0.0, 1.0],
                [1.0, -5.7e-05, 5.4e-05, 0.0, 5.7e-05, 0.048757, -0.998811, 0.375166, 5.4e-05, 0.998811, 0.048757, 0.0, 0.0, 0.0, 0.0, 1.0],
                [1.0, -5.7e-05, 5.4e-05, 0.0, 5.7e-05, 0.048757, -0.998811, 0.375166, 5.4e-05, 0.998811, 0.048757, -0.0, 0.0, 0.0, 0.0, 1.0],
                [1.0, -5.7e-05, 5.4e-05, 0.0, 5.7e-05, 0.048757, -0.99881, 0.375166, 5.4e-05, 0.998811, 0.048757, -0.0, 0.0, 0.0, 0.0, 1.0],
                [1.0, -5.7e-05, 5.4e-05, -0.0, 5.7e-05, 0.048757, -0.998811, 0.375166, 5.4e-05, 0.998811, 0.048757, 0.0, 0.0, 0.0, 0.0, 1.0],
                [1.0, -5.7e-05, 5.4e-05, -0.0, 5.7e-05, 0.048757, -0.998811, 0.375166, 5.4e-05, 0.998811, 0.048757, -0.0, 0.0, 0.0, 0.0, 1.0],
                [1.0, -5.7e-05, 5.4e-05, -0.0, 5.7e-05, 0.048757, -0.998811, 0.375166, 5.4e-05, 0.998811, 0.048757, -0.0, 0.0, 0.0, 0.0, 1.0],
                [1.0, -5.7e-05, 5.4e-05, -0.0, 5.7e-05, 0.048757, -0.998811, 0.375166, 5.4e-05, 0.998811, 0.048757, 0.0, 0.0, 0.0, 0.0, 1.0],
                [1.0, -5.7e-05, 5.4e-05, 0.0, 5.7e-05, 0.048757, -0.998811, 0.375166, 5.4e-05, 0.998811, 0.048757, -0.0, 0.0, 0.0, 0.0, 1.0],
                [1.0, -5.7e-05, 5.4e-05, -0.0, 5.7e-05, 0.048757, -0.998811, 0.375166, 5.4e-05, 0.998811, 0.048757, 0.0, 0.0, 0.0, 0.0, 1.0],
                [1.0, -5.7e-05, 5.4e-05, 0.0, 5.7e-05, 0.048757, -0.998811, 0.375166, 5.4e-05, 0.998811, 0.048757, -0.0, 0.0, 0.0, 0.0, 1.0],
                [1.0, -5.7e-05, 5.4e-05, 0.0, 5.7e-05, 0.048757, -0.998811, 0.375166, 5.4e-05, 0.998811, 0.048757, 0.0, 0.0, 0.0, 0.0, 1.0],
                [1.0, -5.7e-05, 5.4e-05, 0.0, 5.7e-05, 0.048757, -0.998811, 0.375166, 5.4e-05, 0.998811, 0.048757, -0.0, 0.0, 0.0, 0.0, 1.0],
                [1.0, -5.7e-05, 5.4e-05, 0.0, 5.7e-05, 0.048757, -0.998811, 0.375166, 5.4e-05, 0.998811, 0.048757, -0.0, 0.0, 0.0, 0.0, 1.0],
                [1.0, -5.7e-05, 5.4e-05, -0.0, 5.7e-05, 0.048757, -0.998811, 0.375166, 5.4e-05, 0.998811, 0.048757, -0.0, 0.0, 0.0, 0.0, 1.0],
                [1.0, -5.7e-05, 5.4e-05, 0.0, 5.7e-05, 0.048757, -0.998811, 0.375166, 5.4e-05, 0.998811, 0.048757, -0.0, 0.0, 0.0, 0.0, 1.0],
                [1.0, -5.7e-05, 5.4e-05, 0.0, 5.7e-05, 0.048757, -0.998811, 0.375166, 5.4e-05, 0.998811, 0.048757, -0.0, 0.0, 0.0, 0.0, 1.0],
                [1.0, -5.7e-05, 5.4e-05, 0.0, 5.7e-05, 0.048757, -0.998811, 0.375166, 5.4e-05, 0.998811, 0.048757, 0.0, 0.0, 0.0, 0.0, 1.0],
                [1.0, -5.7e-05, 5.4e-05, -0.0, 5.7e-05, 0.048757, -0.998811, 0.375166, 5.4e-05, 0.998811, 0.048757, -0.0, 0.0, 0.0, 0.0, 1.0],
                [1.0, -5.7e-05, 5.4e-05, 0.0, 5.7e-05, 0.048757, -0.998811, 0.375166, 5.4e-05, 0.998811, 0.048757, 0.0, 0.0, 0.0, 0.0, 1.0],
                [1.0, -5.7e-05, 5.4e-05, 0.0, 5.7e-05, 0.048757, -0.998811, 0.375166, 5.4e-05, 0.998811, 0.048757, -0.0, 0.0, 0.0, 0.0, 1.0],
                [1.0, -5.7e-05, 5.4e-05, 0.0, 5.7e-05, 0.048757, -0.998811, 0.375166, 5.4e-05, 0.998811, 0.048757, -0.0, 0.0, 0.0, 0.0, 1.0],
                [1.0, -5.7e-05, 5.4e-05, -0.0, 5.7e-05, 0.048757, -0.998811, 0.375166, 5.4e-05, 0.998811, 0.048757, 0.0, 0.0, 0.0, 0.0, 1.0],
                [1.0, -5.7e-05, 5.4e-05, -0.0, 5.7e-05, 0.048757, -0.998811, 0.375166, 5.4e-05, 0.998811, 0.048757, -0.0, 0.0, 0.0, 0.0, 1.0],
                [1.0, -5.7e-05, 5.4e-05, 0.0, 5.7e-05, 0.048757, -0.99881, 0.375166, 5.4e-05, 0.99881, 0.048757, -0.0, 0.0, 0.0, 0.0, 1.0],
                [1.0, -5.7e-05, 5.4e-05, 0.0, 5.7e-05, 0.048757, -0.998811, 0.375166, 5.4e-05, 0.998811, 0.048757, -0.0, 0.0, 0.0, 0.0, 1.0],
                [1.0, -5.7e-05, 5.4e-05, -0.0, 5.7e-05, 0.048757, -0.998811, 0.375166, 5.4e-05, 0.998811, 0.048757, 0.0, 0.0, 0.0, 0.0, 1.0],
                [1.0, -5.7e-05, 5.4e-05, 0.0, 5.7e-05, 0.048757, -0.998811, 0.375167, 5.4e-05, 0.998811, 0.048757, 0.0, 0.0, 0.0, 0.0, 1.0],
                [1.0, -5.7e-05, 5.4e-05, 0.0, 5.7e-05, 0.048757, -0.998811, 0.375166, 5.4e-05, 0.998811, 0.048757, -0.0, 0.0, 0.0, 0.0, 1.0],
                [1.0, -5.7e-05, 5.4e-05, 0.0, 5.7e-05, 0.048757, -0.998811, 0.375166, 5.4e-05, 0.998811, 0.048757, 1e-06, 0.0, 0.0, 0.0, 1.0],
                [1.0, -5.7e-05, 5.4e-05, -0.0, 5.7e-05, 0.048757, -0.998811, 0.375167, 5.4e-05, 0.998811, 0.048757, 0.0, 0.0, 0.0, 0.0, 1.0],
                [1.0, -5.7e-05, 5.4e-05, 0.0, 5.7e-05, 0.048757, -0.998811, 0.375167, 5.4e-05, 0.998811, 0.048757, 0.0, 0.0, 0.0, 0.0, 1.0],
