{
    "animation": [
        {
            "name": "Root",
            "time": [0.0, 0.0167, 0.0333, 0.05, 0.0667, 0.0833, 0.1, 0.1167, 0.1333, 0.15, 0.1667, 0.1833, 0.2, 0.2167, 0.2333, 0.25, 0.2667, 0.2833, 0.3, 0.3167, 0.3333, 0.35, 0.3667, 0.3833, 0.4, 0.4167, 0.4333, 0.45, 0.4667, 0.4833, 0.5, 0.5167, 0.5333, 0.55, 0.5667, 0.5833, 0.6, 0.6167, 0.6333, 0.65, 0.6667, 0.6833, 0.7, 0.7167, 0.7333, 0.75, 0.7667, 0.7833, 0.8, 0.8167, 0.8333, 0.85, 0.8667, 0.8833, 0.9, 0.9167, 0.9333, 0.95, 0.9667, 0.9833, 1.0, 1.0167, 1.0333, 1.05, 1.0667, 1.0833, 1.1, 1.1167, 1.1333, 1.15, 1.1667, 1.1833, 1.2, 1.2167, 1.2333, 1.25, 1.2667, 1.2833, 1.3, 1.3167, 1.3333, 1.35, 1.3667, 1.3833, 1.4, 1.4167, 1.4333, 1.45, 1.4667, 1.4833, 1.5, 1.5167, 1.5333, 1.55, 1.5667, 1.5833, 1.6, 1.6167, 1.6333, 1.65, 1.6667, 1.6833, 1.7, 1.7167, 1.7333, 1.75, 1.7667, 1.7833, 1.8, 1.8167, 1.8333, 1.85, 1.8667, 1.8833, 1.9, 1.9167, 1.9333, 1.95, 1.9667, 1.9833, 2.0, 2.0167, 2.0333, 2.05, 2.0667, 2.0833],
            "transform": [
                [0.564701, 0.0, 0.825295, 0.013226, 0.825295, 0.0, -0.564701, 0.011444, 0.0, 1.0, 0.0, 0.695098, 0.0, 0.0, 0.0, 1.0],
                [0.564701, 0.0, 0.825295, 0.013226, 0.825295, 0.0, -0.564701, 0.01057, 0.0, 1.0, 0.0, 0.695238, 0.0, 0.0, 0.0, 1.0],
                [0.564701, 0.0, 0.825295, 0.013226, 0.825295, 0.0, -0.564701, 0.007924, 0.0, 1.0, 0.0, 0.695663, 0.0, 0.0, 0.0, 1.0],
                [0.564701, 0.0, 0.825295, 0.013226, 0.825295, 0.0, -0.564701, 0.003482, 0.0, 1.0, 0.0, 0.696374, 0.0, 0.0, 0.0, 1.0],
                [0.564701, 0.0, 0.825295, 0.013226, 0.825295, 0.0, -0.564701, -0.002757, 0.0, 1.0, 0.0, 0.69737, 0.0, 0.0, 0.0, 1.0],
                [0.564701, 0.0, 0.825295, 0.013226, 0.825295, 0.0, -0.564701, -0.010765, 0.0, 1.0, 0.0, 0.698644, 0.0, 0.0, 0.0, 1.0],
                [0.564701, 0.0, 0.825295, 0.013226, 0.825295, 0.0, -0.564701, -0.020484, 0.0, 1.0, 0.0, 0.700185, 0.0, 0.0, 0.0, 1.0],
                [0.564701, 0.0, 0.825295, 0.013226, 0.825295, 0.0, -0.564701, -0.031815, 0.0, 1.0, 0.0, 0.701973, 0.0, 0.0, 0.0, 1.0],
                [0.564701, 0.0, 0.825295, 0.013226, 0.825295, 0.0, -0.564701, -0.044617, 0.0, 1.0, 0.0, 0.703983, 0.0, 0.0, 0.0, 1.0],
                [0.564701, 0.0, 0.825295, 0.013226, 0.825295, 0.0, -0.564701, -0.058703, 0.0, 1.0, 0.0, 0.706183, 0.0, 0.0, 0.0, 1.0],
                [0.564701, 0.0, 0.825295, 0.013226, 0.825295, 0.0, -0.564701, -0.073843, 0.0, 1.0, 0.0, 0.708532, 0.0, 0.0, 0.0, 1.0],
                [0.564701, 0.0, 0.825295, 0.013226, 0.825295, 0.0, -0.564701, -0.089769, 0.0, 1.0, 0.0, 0.710985, 0.0, 0.0, 0.0, 1.0],
                [0.564701, 0.0, 0.825295, 0.013226, 0.825295, 0.0, -0.564701, -0.106182, 0.0, 1.0, 0.0, 0.71349, 0.0, 0.0, 0.0, 1.0],
                [0.564701, 0.0, 0.825295, 0.013226, 0.825295, 0.0, -0.564701, -0.122768, 0.0, 1.0, 0.0, 0.715996, 0.0, 0.0, 0.0, 1.0],
                [0.564701, 0.0, 0.825295, 0.013226, 0.825295, 0.0, -0.564701, -0.139206, 0.0, 1.0, 0.0, 0.718448, 0.0, 0.0, 0.0, 1.0],
                [0.564701, 0.0, 0.825295, 0.013226, 0.825295, 0.0, -0.564701, -0.155191, 0.0, 1.0, 0.0, 0.720798, 0.0, 0.0, 0.0, 1.0],
                [0.564701, 0.0, 0.825295, 0.013226, 0.825295, 0.0, -0.564701, -0.170439, 0.0, 1.0, 0.0, 0.722997, 0.0, 0.0, 0.0, 1.0],
                [0.564701, 0.0, 0.825295, 0.013226, 0.825295, 0.0, -0.564701, -0.1847, 0.0, 1.0, 0.0, 0.725008, 0.0, 0.0, 0.0, 1.0],
                [0.564701, 0.0, 0.825295, 0.013226, 0.825295, 0.0, -0.564701, -0.197767, 0.0, 1.0, 0.0, 0.726796, 0.0, 0.0, 0.0, 1.0],
                [0.564701, 0.0, 0.825295, 0.013226, 0.825295, 0.0, -0.564701, -0.209474, 0.0, 1.0, 0.0, 0.728337, 0.0, 0.0, 0.0, 1.0],
                [0.564701, 0.0, 0.825295, 0.013226, 0.825295, 0.0, -0.564701, -0.219697, 0.0, 1.0, 0.0, 0.729611, 0.0, 0.0, 0.0, 1.0],
                [0.564701, 0.0, 0.825295, 0.013226, 0.825295, 0.0, -0.564701, -0.228353, 0.0, 1.0, 0.0, 0.730607, 0.0, 0.0, 0.0, 1.0],
                [0.564701, 0.0, 0.825295, 0.013226, 0.825295, 0.0, -0.564701, -0.235392, 0.0, 1.0, 0.0, 0.731318, 0.0, 0.0, 0.0, 1.0],
                [0.564701, 0.0, 0.825295, 0.013226, 0.825295, 0.0, -0.564701, -0.240792, 0.0, 1.0, 0.0, 0.731743, 0.0, 0.0, 0.0, 1.0],
                [0.564701, 0.0, 0.825295, 0.013226, 0.825295, 0.0, -0.564701, -0.244557, 0.0, 1.0, 0.0, 0.731883, 0.0, 0.0, 0.0, 1.0],
                [0.564701, 0.0, 0.825295, 0.013226, 0.825295, 0.0, -0.564701, -0.247448, 0.0, 1.0, 0.0, 0.731883, 0.0, 0.0, 0.0, 1.0],
                [0.564701, 0.0, 0.825295, 0.013226, 0.825295, 0.0, -0.564701, -0.250212, 0.0, 1.0, 0.0, 0.731883, 0.0, 0.0, 0.0, 1.0],
                [0.564701, 0.0, 0.825295, 0.013226, 0.825295, 0.0, -0.564701, -0.252837, 0.0, 1.0, 0.0, 0.731883, 0.0, 0.0, 0.0, 1.0],
                [0.564701, 0.0, 0.825295, 0.013226, 0.825295, 0.0, -0.564701, -0.255311, 0.0, 1.0, 0.0, 0.731883, 0.0, 0.0, 0.0, 1.0],
                [0.564701, 0.0, 0.825295, 0.013226, 0.825295, 0.0, -0.564701, -0.257626, 0.0, 1.0, 0.0, 0.731883, 0.0, 0.0, 0.0, 1.0],
                [0.564701, 0.0, 0.825295, 0.013226, 0.825295, 0.0, -0.564701, -0.259771, 0.0, 1.0, 0.0, 0.731883, 0.0, 0.0, 0.0, 1.0],
                [0.564701, 0.0, 0.825295, 0.013226, 0.825295, 0.0, -0.564701, -0.261738, 0.0, 1.0, 0.0, 0.731883, 0.0, 0.0, 0.0, 1.0],
                [0.564701, 0.0, 0.825295, 0.013226, 0.825295, 0.0, -0.564701, -0.263519, 0.0, 1.0, 0.0, 0.731883, 0.0, 0.0, 0.0, 1.0],
                [0.564701, 0.0, 0.825295, 0.013226, 0.825295, 0.0, -0.564701, -0.265112, 0.0, 1.0, 0.0, 0.731883, 0.0, 0.0, 0.0, 1.0],
                [0.564701, 0.0, 0.825295, 0.013226, 0.825295, 0.0, -0.564701, -0.266515, 0.0, 1.0, 0.0, 0.731883, 0.0, 0.0, 0.0, 1.0],
                [0.564701, 0.0, 0.825295, 0.013226, 0.825295, 0.0, -0.564701, -0.26773, 0.0, 1.0, 0.0, 0.731883, 0.0, 0.0, 0.0, 1.0],
                [0.564701, 0.0, 0.825295, 0.013226, 0.825295, 0.0, -0.564701, -0.268763, 0.0, 1.0, 0.0, 0.731883, 0.0, 0.0, 0.0, 1.0],
                [0.564701, 0.0, 0.825295, 0.013226, 0.825295, 0.0, -0.564701, -0.269625, 0.0, 1.0, 0.0, 0.731883, 0.0, 0.0, 0.0, 1.0],
                [0.564701, 0.0, 0.825295, 0.013226, 0.825295, 0.0, -0.564701, -0.270326, 0.0, 1.0, 0.0, 0.731883, 0.0, 0.0, 0.0, 1.0],
                [0.564701, 0.0, 0.825295, 0.013226, 0.825295, 0.0, -0.564701, -0.270884, 0.0, 1.0, 0.0, 0.731883, 0.0, 0.0, 0.0, 1.0],
                [0.564701, 0.0, 0.825295, 0.013226, 0.825295, 0.0, -0.564701, -0.271315, 0.0, 1.0, 0.0, 0.731883, 0.0, 0.0, 0.0, 1.0],
                [0.564701, 0.0, 0.825295, 0.013226, 0.825295, 0.0, -0.564701, -0.271637, 0.0, 1.0, 0.0, 0.731883, 0.0, 0.0, 0.0, 1.0],
                [0.564701, 0.0, 0.825295, 0.013226, 0.825295, 0.0, -0.564701, -0.271868, 0.0, 1.0, 0.0, 0.731883, 0.0, 0.0, 0.0, 1.0],
                [0.564701, 0.0, 0.825295, 0.013226, 0.825295, 0.0, -0.564701, -0.272026, 0.0, 1.0, 0.0, 0.731883, 0.0, 0.0, 0.0, 1.0],
                [0.564701, 0.0, 0.825295, 0.013226, 0.825295, 0.0, -0.564701, -0.272125, 0.0, 1.0, 0.0, 0.731883, 0.0, 0.0, 0.0, 1.0],
                [0.564701, 0.0, 0.825295, 0.013226, 0.825295, 0.0, -0.564701, -0.272183, 0.0, 1.0, 0.0, 0.731883, 0.0, 0.0, 0.0, 1.0],
                [0.564701, 0.0, 0.825295, 0.013226, 0.825295, 0.0, -0.564701, -0.27221, 0.0, 1.0, 0.0, 0.731883, 0.0, 0.0, 0.0, 1.0],
                [0.564701, 0.0, 0.825295, 0.013226, 0.825295, 0.0, -0.564701, -0.27222, 0.0, 1.0, 0.0, 0.731883, 0.0, 0.0, 0.0, 1.0],
                [0.564701, 0.0, 0.825295, 0.013226, 0.825295, 0.0, -0.564701, -0.272221, 0.0, 1.0, 0.0, 0.731883, 0.0, 0.0, 0.0, 1.0],
                [0.564701, 0.0, 0.825295, 0.013226, 0.825295, 0.0, -0.564701, -0.268774, 0.0, 1.0, 0.0, 0.731737, 0.0, 0.0, 0.0, 1.0],
                [0.564701, 0.0, 0.825295, 0.013226, 0.825295, 0.0, -0.564701, -0.258366, 0.0, 1.0, 0.0, 0.731298, 0.0, 0.0, 0.0, 1.0],
                [0.564701, 0.0, 0.825295, 0.013226, 0.825295, 0.0, -0.564701, -0.241206, 0.0, 1.0, 0.0, 0.730573, 0.0, 0.0, 0.0, 1.0],
                [0.564701, 0.0, 0.825295, 0.013226, 0.825295, 0.0, -0.564701, -0.218044, 0.0, 1.0, 0.0, 0.729595, 0.0, 0.0, 0.0, 1.0],
                [0.564701, 0.0, 0.825295, 0.013226, 0.825295, 0.0, -0.564701, -0.190307, 0.0, 1.0, 0.0, 0.728424, 0.0, 0.0, 0.0, 1.0],
                [0.564701, 0.0, 0.825295, 0.013226, 0.825295, 0.0, -0.564701, -0.160077, 0.0, 1.0, 0.0, 0.727147, 0.0, 0.0, 0.0, 1.0],
                [0.564701, 0.0, 0.825295, 0.013226, 0.825295, 0.0, -0.564701, -0.129847, 0.0, 1.0, 0.0, 0.725871, 0.0, 0.0, 0.0, 1.0],
                [0.564701, 0.0, 0.825295, 0.013226, 0.825295, 0.0, -0.564701, -0.10211, 0.0, 1.0, 0.0, 0.724699, 0.0, 0.0, 0.0, 1.0],
                [0.564701, 0.0, 0.825295, 0.013226, 0.825295, 0.0, -0.564701, -0.078948, 0.0, 1.0, 0.0, 0.723721, 0.0, 0.0, 0.0, 1.0],
                [0.564701, 0.0, 0.825295, 0.013226, 0.825295, 0.0, -0.564701, -0.061787, 0.0, 1.0, 0.0, 0.722997, 0.0, 0.0, 0.0, 1.0],
                [0.564701, 0.0, 0.825295, 0.013226, 0.825295, 0.0, -0.564701, -0.05138, 0.0, 1.0, 0.0, 0.722557, 0.0, 0.0, 0.0, 1.0],
                [0.564701, 0.0, 0.825295, 0.013226, 0.825295, 0.0, -0.564701, -0.047932, 0.0, 1.0, 0.0, 0.722411, 0.0, 0.0, 0.0, 1.0],
                [0.564701, 0.0, 0.825295, 0.013226, 0.825295, 0.0, -0.564701, -0.047932, 0.0, 1.0, 0.0, 0.722411, 0.0, 0.0, 0.0, 1.0],
                [0.564701, 0.0, 0.825295, 0.013226, 0.825295, 0.0, -0.564701, -0.047932, 0.0, 1.0, 0.0, 0.722411, 0.0, 0.0, 0.0, 1.0],
                [0.564701, 0.0, 0.825295, 0.013226, 0.825295, 0.0, -0.564701, -0.047932, 0.0, 1.0, 0.0, 0.722411, 0.0, 0.0, 0.0, 1.0],
                [0.564701, 0.0, 0.825295, 0.013226, 0.825295, 0.0, -0.564701, -0.047932, 0.0, 1.0, 0.0, 0.722411, 0.0, 0.0, 0.0, 1.0],
                [0.564701, 0.0, 0.825295, 0.013226, 0.825295, 0.0, -0.564701, -0.047932, 0.0, 1.0, 0.0, 0.722411, 0.0, 0.0, 0.0, 1.0],
                [0.564701, 0.0, 0.825295, 0.013226, 0.825295, 0.0, -0.564701, -0.047932, 0.0, 1.0, 0.0, 0.722411, 0.0, 0.0, 0.0, 1.0],
                [0.564701, 0.0, 0.825295, 0.013226, 0.825295, 0.0, -0.564701, -0.047932, 0.0, 1.0, 0.0, 0.722411, 0.0, 0.0, 0.0, 1.0],
                [0.564701, 0.0, 0.825295, 0.013226, 0.825295, 0.0, -0.564701, -0.047932, 0.0, 1.0, 0.0, 0.722411, 0.0, 0.0, 0.0, 1.0],
                [0.564701, 0.0, 0.825295, 0.013226, 0.825295, 0.0, -0.564701, -0.047932, 0.0, 1.0, 0.0, 0.722411, 0.0, 0.0, 0.0, 1.0],
                [0.564701, 0.0, 0.825295, 0.013226, 0.825295, 0.0, -0.564701, -0.047932, 0.0, 1.0, 0.0, 0.722411, 0.0, 0.0, 0.0, 1.0],
                [0.564701, 0.0, 0.825295, 0.013226, 0.825295, 0.0, -0.564701, -0.047932, 0.0, 1.0, 0.0, 0.722411, 0.0, 0.0, 0.0, 1.0],
                [0.564701, 0.0, 0.825295, 0.013226, 0.825295, 0.0, -0.564701, -0.047932, 0.0, 1.0, 0.0, 0.722411, 0.0, 0.0, 0.0, 1.0],
                [0.564701, 0.0, 0.825295, 0.013226, 0.825295, 0.0, -0.564701, -0.047932, 0.0, 1.0, 0.0, 0.722411, 0.0, 0.0, 0.0, 1.0],
                [0.564701, 0.0, 0.825295, 0.013226, 0.825295, 0.0, -0.564701, -0.047932, 0.0, 1.0, 0.0, 0.722411, 0.0, 0.0, 0.0, 1.0],
                [0.564701, 0.0, 0.825295, 0.013226, 0.825295, 0.0, -0.564701, -0.047932, 0.0, 1.0, 0.0, 0.722411, 0.0, 0.0, 0.0, 1.0],
                [0.564701, 0.0, 0.825295, 0.013226, 0.825295, 0.0, -0.564701, -0.047932, 0.0, 1.0, 0.0, 0.722411, 0.0, 0.0, 0.0, 1.0],
                [0.564701, 0.0, 0.825295, 0.013226, 0.825295, 0.0, -0.564701, -0.047932, 0.0, 1.0, 0.0, 0.722411, 0.0, 0.0, 0.0, 1.0],
                [0.564701, 0.0, 0.825295, 0.013226, 0.825295, 0.0, -0.564701, -0.047932, 0.0, 1.0, 0.0, 0.722411, 0.0, 0.0, 0.0, 1.0],
                [0.564701, 0.0, 0.825295, 0.013226, 0.825295, 0.0, -0.564701, -0.047932, 0.0, 1.0, 0.0, 0.722411, 0.0, 0.0, 0.0, 1.0],
                [0.564701, 0.0, 0.825295, 0.013226, 0.825295, 0.0, -0.564701, -0.047932, 0.0, 1.0, 0.0, 0.722411, 0.0, 0.0, 0.0, 1.0],
                [0.564701, 0.0, 0.825295, 0.013226, 0.825295, 0.0, -0.564701, -0.047932, 0.0, 1.0, 0.0, 0.722411, 0.0, 0.0, 0.0, 1.0],
                [0.564701, 0.0, 0.825295, 0.013226, 0.825295, 0.0, -0.564701, -0.047932, 0.0, 1.0, 0.0, 0.722411, 0.0, 0.0, 0.0, 1.0],
                [0.564701, 0.0, 0.825295, 0.013226, 0.825295, 0.0, -0.564701, -0.047932, 0.0, 1.0, 0.0, 0.722411, 0.0, 0.0, 0.0, 1.0],
                [0.564701, 0.0, 0.825295, 0.013226, 0.825295, 0.0, -0.564701, -0.047932, 0.0, 1.0, 0.0, 0.722411, 0.0, 0.0, 0.0, 1.0],
                [0.564701, 0.0, 0.825295, 0.013226, 0.825295, 0.0, -0.564701, -0.047932, 0.0, 1.0, 0.0, 0.722411, 0.0, 0.0, 0.0, 1.0],
                [0.564701, 0.0, 0.825295, 0.013226, 0.825295, 0.0, -0.564701, -0.047932, 0.0, 1.0, 0.0, 0.722411, 0.0, 0.0, 0.0, 1.0],
                [0.564701, 0.0, 0.825295, 0.013226, 0.825295, 0.0, -0.564701, -0.047932, 0.0, 1.0, 0.0, 0.722411, 0.0, 0.0, 0.0, 1.0],
                [0.564701, 0.0, 0.825295, 0.013226, 0.825295, 0.0, -0.564701, -0.047932, 0.0, 1.0, 0.0, 0.722411, 0.0, 0.0, 0.0, 1.0],
                [0.564701, 0.0, 0.825295, 0.013226, 0.825295, 0.0, -0.564701, -0.047932, 0.0, 1.0, 0.0, 0.722411, 0.0, 0.0, 0.0, 1.0],
                [0.564701, 0.0, 0.825295, 0.013226, 0.825295, 0.0, -0.564701, -0.047932, 0.0, 1.0, 0.0, 0.722411, 0.0, 0.0, 0.0, 1.0],
                [0.566263, 0.0, 0.824224, 0.013146, 0.824224, 0.0, -0.566263, -0.047307, 0.0, 1.0, 0.0, 0.722442, 0.0, 0.0, 0.0, 1.0],
                [0.570969, 0.0, 0.820972, 0.012907, 0.820972, 0.0, -0.570969, -0.04542, 0.0, 1.0, 0.0, 0.722533, 0.0, 0.0, 0.0, 1.0],
                [0.578822, 0.0, 0.815454, 0.012512, 0.815454, 0.0, -0.578822, -0.042258, 0.0, 1.0, 0.0, 0.722687, 0.0, 0.0, 0.0, 1.0],
                [0.589794, 0.0, 0.807554, 0.011969, 0.807554, 0.0, -0.589794, -0.037813, 0.0, 1.0, 0.0, 0.722902, 0.0, 0.0, 0.0, 1.0],
                [0.603814, 0.0, 0.797125, 0.01129, 0.797125, 0.0, -0.603814, -0.032082, 0.0, 1.0, 0.0, 0.72318, 0.0, 0.0, 0.0, 1.0],
                [0.620763, 0.0, 0.783998, 0.010494, 0.783998, 0.0, -0.620763, -0.025073, 0.0, 1.0, 0.0, 0.723518, 0.0, 0.0, 0.0, 1.0],
                [0.640467, 0.0, 0.767986, 0.009602, 0.767986, 0.0, -0.640467, -0.016803, 0.0, 1.0, 0.0, 0.723917, 0.0, 0.0, 0.0, 1.0],
                [0.662686, 0.0, 0.748898, 0.008641, 0.748898, 0.0, -0.662686, -0.007302, 0.0, 1.0, 0.0, 0.724374, 0.0, 0.0, 0.0, 1.0],
                [0.68711, 0.0, 0.726553, 0.007645, 0.726553, 0.0, -0.68711, 0.003385, 0.0, 1.0, 0.0, 0.724887, 0.0, 0.0, 0.0, 1.0],
                [0.71336, 0.0, 0.700798, 0.006648, 0.700798, 0.0, -0.71336, 0.015198, 0.0, 1.0, 0.0, 0.725452, 0.0, 0.0, 0.0, 1.0],
                [0.74098, 0.0, 0.671527, 0.005689, 0.671527, 0.0, -0.74098, 0.028057, 0.0, 1.0, 0.0, 0.726067, 0.0, 0.0, 0.0, 1.0],
                [0.769452, 0.0, 0.638705, 0.004806, 0.638705, 0.0, -0.769452, 0.041863, 0.0, 1.0, 0.0, 0.726726, 0.0, 0.0, 0.0, 1.0],
                [0.798204, 0.0, 0.602387, 0.004039, 0.602387, 0.0, -0.798204, 0.056498, 0.0, 1.0, 0.0, 0.727425, 0.0, 0.0, 0.0, 1.0],
                [0.826637, 0.0, 0.562736, 0.003422, 0.562736, 0.0, -0.826637, 0.071823, 0.0, 1.0, 0.0, 0.728157, 0.0, 0.0, 0.0, 1.0],
                [0.854144, 0.0, 0.520037, 0.002985, 0.520037, 0.0, -0.854144, 0.087686, 0.0, 1.0, 0.0, 0.728915, 0.0, 0.0, 0.0, 1.0],
                [0.880148, 0.0, 0.474699, 0.00275, 0.474699, 0.0, -0.880148, 0.103916, 0.0, 1.0, 0.0, 0.729693, 0.0, 0.0, 0.0, 1.0],
                [0.904135, 0.0, 0.427246, 0.002729, 0.427246, 0.0, -0.904135, 0.120337, 0.0, 1.0, 0.0, 0.730482, 0.0, 0.0, 0.0, 1.0],
                [0.925681, 0.0, 0.378304, 0.002925, 0.378304, 0.0, -0.925681, 0.136766, 0.0, 1.0, 0.0, 0.731275, 0.0, 0.0, 0.0, 1.0],
                [0.94448, 0.0, 0.328567, 0.003328, 0.328567, 0.0, -0.94448, 0.153023, 0.0, 1.0, 0.0, 0.732065, 0.0, 0.0, 0.0, 1.0],
                [0.960358, 0.0, 0.278771, 0.003921, 0.278771, 0.0, -0.960358, 0.168932, 0.0, 1.0, 0.0, 0.732842, 0.0, 0.0, 0.0, 1.0],
                [0.973274, 0.0, 0.229648, 0.004676, 0.229648, 0.0, -0.973274, 0.184332, 0.0, 1.0, 0.0, 0.733601, 0.0, 0.0, 0.0, 1.0],
                [0.983317, 0.0, 0.181902, 0.005563, 0.181902, 0.0, -0.983317, 0.199075, 0.0, 1.0, 0.0, 0.734332, 0.0, 0.0, 0.0, 1.0],
                [0.990686, 0.0, 0.13617, 0.006543, 0.13617, 0.0, -0.990686, 0.213033, 0.0, 1.0, 0.0, 0.735031, 0.0, 0.0, 0.0, 1.0],
                [0.995666, 0.0, 0.093006, 0.007581, 0.093006, 0.0, -0.995666, 0.226095, 0.0, 1.0, 0.0, 0.73569, 0.0, 0.0, 0.0, 1.0],
                [0.998601, 0.0, 0.052868, 0.008639, 0.052868, 0.0, -0.998601, 0.238172, 0.0, 1.0, 0.0, 0.736305, 0.0, 0.0, 0.0, 1.0],
                [0.99987, 0.0, 0.016116, 0.009683, 0.016116, 0.0, -0.99987, 0.249194, 0.0, 1.0, 0.0, 0.736871, 0.0, 0.0, 0.0, 1.0],
                [0.999856, 0.0, -0.016988, 0.010685, -0.016988, 0.0, -0.999856, 0.259107, 0.0, 1.0, 0.0, 0.737384, 0.0, 0.0, 0.0, 1.0],
                [0.998929, 0.0, -0.046265, 0.011616, -0.046265, 0.0, -0.998929, 0.267875, 0.0, 1.0, 0.0, 0.737841, 0.0, 0.0, 0.0, 1.0],
                [0.997433, 0.0, -0.071611, 0.012457, -0.071611, 0.0, -0.997433, 0.275474, 0.0, 1.0, 0.0, 0.738239, 0.0, 0.0, 0.0, 1.0],
                [0.995668, 0.0, -0.092977, 0.01319, -0.092977, 0.0, -0.995668, 0.28189, 0.0, 1.0, 0.0, 0.738578, 0.0, 0.0, 0.0, 1.0],
                [0.993892, 0.0, -0.110359, 0.013802, -0.110359, 0.0, -0.993892, 0.28712, 0.0, 1.0, 0.0, 0.738855, 0.0, 0.0, 0.0, 1.0],
                [0.992309, 0.0, -0.123787, 0.014285, -0.123787, 0.0, -0.992309, 0.291168, 0.0, 1.0, 0.0, 0.73907, 0.0, 0.0, 0.0, 1.0],
                [0.991075, 0.0, -0.133305, 0.014633, -0.133305, 0.0, -0.991075, 0.294042, 0.0, 1.0, 0.0, 0.739224, 0.0, 0.0, 0.0, 1.0],
                [0.990296, 0.0, -0.138972, 0.014842, -0.138972, 0.0, -0.990296, 0.295756, 0.0, 1.0, 0.0, 0.739315, 0.0, 0.0, 0.0, 1.0],
                [0.990031, 0.0, -0.140847, 0.014911, -0.140847, 0.0, -0.990031, 0.296323, 0.0, 1.0, 0.0, 0.739346, 0.0, 0.0, 0.0, 1.0]
            ]
        },
        {
            "name": "Thigh_R",
            "time": [0.0, 0.0167, 0.0333, 0.05, 0.0667, 0.0833, 0.1, 0.1167, 0.1333, 0.15, 0.1667, 0.1833, 0.2, 0.2167, 0.2333, 0.25, 0.2667, 0.2833, 0.3, 0.3167, 0.3333, 0.35, 0.3667, 0.3833, 0.4, 0.4167, 0.4333, 0.45, 0.4667, 0.4833, 0.5, 0.5167, 0.5333, 0.55, 0.5667, 0.5833, 0.6, 0.6167, 0.6333, 0.65, 0.6667, 0.6833, 0.7, 0.7167, 0.7333, 0.75, 0.7667, 0.7833, 0.8, 0.8167, 0.8333, 0.85, 0.8667, 0.8833, 0.9, 0.9167, 0.9333, 0.95, 0.9667, 0.9833, 1.0, 1.0167, 1.0333, 1.05, 1.0667, 1.0833, 1.1, 1.1167, 1.1333, 1.15, 1.1667, 1.1833, 1.2, 1.2167, 1.2333, 1.25, 1.2667, 1.2833, 1.3, 1.3167, 1.3333, 1.35, 1.3667, 1.3833, 1.4, 1.4167, 1.4333, 1.45, 1.4667, 1.4833, 1.5, 1.5167, 1.5333, 1.55, 1.5667, 1.5833, 1.6, 1.6167, 1.6333, 1.65, 1.6667, 1.6833, 1.7, 1.7167, 1.7333, 1.75, 1.7667, 1.7833, 1.8, 1.8167, 1.8333, 1.85, 1.8667, 1.8833, 1.9, 1.9167, 1.9333, 1.95, 1.9667, 1.9833, 2.0, 2.0167, 2.0333, 2.05, 2.0667, 2.0833],
            "transform": [
                [0.577394, 0.452819, 0.679394, 0.124994, -0.027243, -0.820963, 0.570332, -0.002831, 0.816011, -0.347815, -0.461685, -1.2e-05, 0.0, 0.0, 0.0, 1.0],
                [0.577379, 0.452376, 0.679702, 0.124994, -0.027248, -0.821338, 0.569792, -0.002831, 0.816022, -0.347506, -0.461899, -1.2e-05, 0.0, 0.0, 0.0, 1.0],
                [0.577334, 0.451033, 0.680632, 0.124994, -0.027264, -0.822471, 0.568154, -0.002831, 0.816053, -0.346571, -0.462546, -1.2e-05, 0.0, 0.0, 0.0, 1.0],
                [0.577259, 0.448773, 0.682188, 0.124994, -0.027288, -0.824367, 0.565399, -0.002831, 0.816105, -0.344997, -0.463629, -1.2e-05, 0.0, 0.0, 0.0, 1.0],
                [0.577155, 0.445582, 0.684364, 0.124994, -0.027321, -0.82702, 0.561509, -0.002831, 0.816178, -0.342775, -0.465147, -1.2e-05, 0.0, 0.0, 0.0, 1.0],
                [0.577024, 0.441455, 0.687144, 0.124994, -0.027362, -0.830412, 0.556478, -0.002831, 0.816269, -0.339902, -0.467091, -1.2e-05, 0.0, 0.0, 0.0, 1.0],
                [0.576868, 0.436396, 0.690498, 0.124994, -0.027407, -0.83451, 0.550312, -0.002831, 0.816377, -0.336382, -0.469444, -1.2e-05, 0.0, 0.0, 0.0, 1.0],
                [0.576692, 0.430364, 0.69442, 0.124994, -0.027457, -0.839308, 0.542963, -0.002831, 0.816501, -0.332188, -0.472208, -1.2e-05, 0.0, 0.0, 0.0, 1.0],
                [0.576498, 0.423536, 0.698765, 0.124994, -0.027507, -0.844629, 0.534645, -0.002831, 0.816636, -0.327442, -0.475279, -1.2e-05, 0.0, 0.0, 0.0, 1.0],
                [0.576292, 0.415889, 0.703512, 0.124994, -0.027556, -0.850452, 0.525331, -0.002831, 0.816779, -0.32213, -0.478651, -1.2e-05, 0.0, 0.0, 0.0, 1.0],
                [0.576078, 0.407494, 0.708582, 0.124994, -0.027603, -0.856681, 0.515108, -0.002831, 0.816929, -0.316301, -0.48227, -1.2e-05, 0.0, 0.0, 0.0, 1.0],
                [0.575861, 0.398482, 0.713864, 0.124994, -0.027645, -0.863182, 0.504136, -0.002831, 0.81708, -0.310047, -0.48606, -1.2e-05, 0.0, 0.0, 0.0, 1.0],
                [0.575647, 0.38892, 0.71929, 0.124994, -0.027681, -0.869875, 0.492497, -0.002831, 0.81723, -0.303414, -0.489978, -1.2e-05, 0.0, 0.0, 0.0, 1.0],
                [0.575439, 0.379138, 0.724659, 0.124994, -0.02771, -0.876507, 0.480591, -0.002831, 0.817375, -0.29663, -0.493873, -1.2e-05, 0.0, 0.0, 0.0, 1.0],
                [0.575241, 0.369191, 0.729933, 0.124994, -0.027731, -0.883036, 0.468486, -0.002831, 0.817514, -0.289734, -0.497723, -1.2e-05, 0.0, 0.0, 0.0, 1.0],
                [0.575056, 0.359263, 0.735014, 0.124994, -0.027745, -0.88934, 0.456405, -0.002831, 0.817644, -0.282851, -0.501455, -1.2e-05, 0.0, 0.0, 0.0, 1.0],
                [0.574887, 0.349513, 0.739832, 0.124994, -0.027752, -0.895329, 0.444541, -0.002831, 0.817762, -0.276092, -0.505016, -1.2e-05, 0.0, 0.0, 0.0, 1.0],
                [0.574736, 0.340256, 0.744252, 0.124994, -0.027751, -0.900834, 0.433276, -0.002831, 0.817869, -0.269673, -0.508301, -1.2e-05, 0.0, 0.0, 0.0, 1.0],
                [0.574603, 0.331476, 0.748306, 0.124994, -0.027745, -0.905896, 0.422591, -0.002831, 0.817962, -0.263583, -0.511336, -1.2e-05, 0.0, 0.0, 0.0, 1.0],
                [0.574489, 0.323548, 0.751854, 0.124994, -0.027732, -0.910336, 0.41294, -0.002831, 0.818042, -0.25808, -0.514008, -1.2e-05, 0.0, 0.0, 0.0, 1.0],
                [0.574395, 0.316504, 0.754918, 0.124994, -0.027714, -0.914178, 0.404365, -0.002831, 0.818109, -0.253187, -0.51633, -1.2e-05, 0.0, 0.0, 0.0, 1.0],
                [0.57432, 0.310446, 0.757486, 0.124994, -0.027692, -0.917407, 0.396986, -0.002831, 0.818162, -0.248973, -0.518291, -1.2e-05, 0.0, 0.0, 0.0, 1.0],
                [0.574265, 0.305505, 0.759535, 0.124994, -0.027664, -0.919991, 0.390963, -0.002831, 0.818202, -0.245528, -0.519869, -1.2e-05, 0.0, 0.0, 0.0, 1.0],
                [0.574227, 0.301757, 0.76106, 0.124994, -0.027633, -0.921922, 0.38639, -0.002831, 0.81823, -0.242905, -0.521057, -1.2e-05, 0.0, 0.0, 0.0, 1.0],
                [0.574208, 0.299253, 0.762062, 0.124994, -0.027597, -0.923201, 0.383327, -0.002831, 0.818244, -0.241139, -0.521854, -1.2e-05, 0.0, 0.0, 0.0, 1.0],
                [0.574198, 0.29728, 0.762841, 0.124994, -0.02756, -0.924202, 0.380909, -0.002831, 0.818252, -0.23974, -0.522485, -1.2e-05, 0.0, 0.0, 0.0, 1.0],
                [0.574189, 0.295102, 0.763693, 0.124994, -0.027525, -0.925297, 0.378245, -0.002831, 0.81826, -0.238204, -0.523175, -1.2e-05, 0.0, 0.0, 0.0, 1.0],
                [0.574181, 0.29273, 0.764612, 0.124994, -0.027492, -0.926477, 0.375347, -0.002831, 0.818267, -0.236537, -0.52392, -1.2e-05, 0.0, 0.0, 0.0, 1.0],
                [0.574172, 0.29018, 0.765589, 0.124994, -0.027462, -0.927732, 0.372235, -0.002831, 0.818274, -0.234751, -0.524712, -1.2e-05, 0.0, 0.0, 0.0, 1.0],
                [0.574165, 0.287475, 0.766615, 0.124994, -0.027434, -0.92905, 0.368936, -0.002831, 0.81828, -0.232861, -0.525544, -1.2e-05, 0.0, 0.0, 0.0, 1.0],
                [0.574158, 0.284641, 0.767676, 0.124994, -0.027408, -0.930415, 0.365484, -0.002831, 0.818285, -0.230886, -0.526406, -1.2e-05, 0.0, 0.0, 0.0, 1.0],
                [0.574152, 0.281717, 0.768759, 0.124994, -0.027385, -0.931806, 0.361923, -0.002831, 0.81829, -0.228851, -0.527286, -1.2e-05, 0.0, 0.0, 0.0, 1.0],
                [0.574147, 0.278746, 0.769845, 0.124994, -0.027365, -0.933203, 0.358306, -0.002831, 0.818295, -0.226787, -0.528171, -1.2e-05, 0.0, 0.0, 0.0, 1.0],
                [0.574143, 0.275779, 0.770916, 0.124994, -0.027348, -0.934582, 0.354696, -0.002831, 0.818299, -0.224729, -0.529044, -1.2e-05, 0.0, 0.0, 0.0, 1.0],
                [0.574139, 0.272873, 0.771953, 0.124994, -0.027333, -0.935916, 0.351163, -0.002831, 0.818302, -0.222715, -0.52989, -1.2e-05, 0.0, 0.0, 0.0, 1.0],
                [0.574135, 0.270089, 0.772933, 0.124994, -0.02732, -0.937179, 0.347779, -0.002831, 0.818304, -0.220788, -0.530691, -1.2e-05, 0.0, 0.0, 0.0, 1.0],
                [0.574133, 0.267488, 0.77384, 0.124994, -0.02731, -0.938347, 0.344616, -0.002831, 0.818307, -0.218988, -0.531433, -1.2e-05, 0.0, 0.0, 0.0, 1.0],
                [0.57413, 0.265123, 0.774655, 0.124994, -0.027301, -0.939398, 0.341742, -0.002831, 0.818309, -0.217353, -0.532101, -1.2e-05, 0.0, 0.0, 0.0, 1.0],
                [0.574129, 0.26304, 0.775366, 0.124994, -0.027295, -0.940315, 0.339211, -0.002831, 0.81831, -0.215914, -0.532685, -1.2e-05, 0.0, 0.0, 0.0, 1.0],
                [0.574127, 0.261267, 0.775966, 0.124994, -0.02729, -0.941089, 0.337058, -0.002831, 0.818311, -0.214689, -0.533177, -1.2e-05, 0.0, 0.0, 0.0, 1.0],
                [0.574126, 0.259818, 0.776453, 0.124994, -0.027286, -0.941717, 0.335298, -0.002831, 0.818312, -0.213689, -0.533578, -1.2e-05, 0.0, 0.0, 0.0, 1.0],
                [0.574126, 0.258684, 0.776832, 0.124994, -0.027283, -0.942207, 0.333921, -0.002831, 0.818313, -0.212906, -0.53389, -1.2e-05, 0.0, 0.0, 0.0, 1.0],
                [0.574125, 0.257842, 0.777112, 0.124994, -0.027281, -0.942569, 0.332897, -0.002831, 0.818313, -0.212324, -0.534121, -1.2e-05, 0.0, 0.0, 0.0, 1.0],
                [0.574125, 0.257253, 0.777308, 0.124994, -0.02728, -0.942821, 0.332182, -0.002831, 0.818313, -0.211918, -0.534282, -1.2e-05, 0.0, 0.0, 0.0, 1.0],
                [0.574125, 0.256872, 0.777434, 0.124994, -0.027279, -0.942984, 0.331719, -0.002831, 0.818313, -0.211655, -0.534386, -1.2e-05, 0.0, 0.0, 0.0, 1.0],
                [0.574124, 0.256652, 0.777507, 0.124994, -0.027278, -0.943078, 0.331452, -0.002831, 0.818313, -0.211503, -0.534446, -1.2e-05, 0.0, 0.0, 0.0, 1.0],
                [0.574124, 0.256544, 0.777542, 0.124994, -0.027278, -0.943124, 0.331321, -0.002831, 0.818314, -0.211429, -0.534475, -1.2e-05, 0.0, 0.0, 0.0, 1.0],
                [0.574124, 0.256507, 0.777555, 0.124994, -0.027278, -0.94314, 0.331276, -0.002831, 0.818314, -0.211403, -0.534485, -1.2e-05, 0.0, 0.0, 0.0, 1.0],
                [0.574124, 0.256502, 0.777556, 0.124994, -0.027278, -0.943142, 0.331269, -0.002831, 0.818314, -0.211399, -0.534486, -1.2e-05, 0.0, 0.0, 0.0, 1.0],
                [0.574147, 0.262179, 0.775644, 0.124994, -0.027281, -0.940692, 0.338164, -0.002831, 0.818298, -0.215316, -0.532945, -1.2e-05, 0.0, 0.0, 0.0, 1.0],
                [0.574217, 0.27543, 0.770986, 0.124994, -0.027296, -0.934747, 0.354265, -0.002831, 0.818248, -0.224469, -0.529232, -1.2e-05, 0.0, 0.0, 0.0, 1.0],
                [0.574337, 0.290861, 0.765207, 0.124994, -0.02733, -0.927416, 0.373033, -0.002831, 0.818162, -0.235159, -0.524703, -1.2e-05, 0.0, 0.0, 0.0, 1.0],
                [0.574507, 0.305609, 0.759309, 0.124994, -0.027385, -0.919983, 0.391001, -0.002831, 0.818042, -0.245426, -0.52017, -1.2e-05, 0.0, 0.0, 0.0, 1.0],
                [0.57472, 0.318385, 0.753879, 0.124994, -0.027461, -0.913191, 0.406606, -0.002831, 0.817889, -0.254387, -0.516089, -1.2e-05, 0.0, 0.0, 0.0, 1.0],
                [0.574965, 0.328646, 0.749274, 0.124994, -0.027552, -0.907483, 0.419185, -0.002831, 0.817714, -0.261661, -0.512719, -1.2e-05, 0.0, 0.0, 0.0, 1.0],
                [0.575224, 0.336441, 0.745608, 0.124994, -0.027651, -0.902982, 0.428788, -0.002831, 0.817529, -0.267265, -0.510117, -1.2e-05, 0.0, 0.0, 0.0, 1.0],
                [0.575473, 0.341928, 0.742914, 0.124994, -0.027747, -0.899717, 0.435592, -0.002831, 0.81735, -0.271285, -0.508278, -1.2e-05, 0.0, 0.0, 0.0, 1.0],
                [0.575691, 0.345539, 0.741072, 0.124994, -0.027831, -0.897515, 0.440106, -0.002831, 0.817194, -0.27399, -0.507077, -1.2e-05, 0.0, 0.0, 0.0, 1.0],
                [0.575858, 0.347718, 0.739923, 0.124994, -0.027896, -0.896161, 0.442853, -0.002831, 0.817073, -0.275662, -0.506364, -1.2e-05, 0.0, 0.0, 0.0, 1.0],
                [0.575962, 0.34885, 0.739308, 0.124994, -0.027937, -0.895447, 0.444292, -0.002831, 0.816999, -0.276549, -0.506, -1.2e-05, 0.0, 0.0, 0.0, 1.0],
                [0.575997, 0.349198, 0.739117, 0.124994, -0.02795, -0.895226, 0.444737, -0.002831, 0.816974, -0.276825, -0.50589, -1.2e-05, 0.0, 0.0, 0.0, 1.0],
                [0.575997, 0.349198, 0.739117, 0.124994, -0.02795, -0.895226, 0.444737, -0.002831, 0.816974, -0.276825, -0.50589, -1.2e-05, 0.0, 0.0, 0.0, 1.0],
                [0.575997, 0.349198, 0.739117, 0.124994, -0.02795, -0.895226, 0.444737, -0.002831, 0.816974, -0.276825, -0.50589, -1.2e-05, 0.0, 0.0, 0.0, 1.0],
                [0.575997, 0.349198, 0.739117, 0.124994, -0.02795, -0.895226, 0.444737, -0.002831, 0.816974, -0.276825, -0.50589, -1.2e-05, 0.0, 0.0, 0.0, 1.0],
                [0.575997, 0.349198, 0.739117, 0.124994, -0.02795, -0.895226, 0.444737, -0.002831, 0.816974, -0.276825, -0.50589, -1.2e-05, 0.0, 0.0, 0.0, 1.0],
                [0.575997, 0.349198, 0.739117, 0.124994, -0.02795, -0.895226, 0.444737, -0.002831, 0.816974, -0.276825, -0.50589, -1.2e-05, 0.0, 0.0, 0.0, 1.0],
                [0.575997, 0.349198, 0.739117, 0.124994, -0.02795, -0.895226, 0.444737, -0.002831, 0.816974, -0.276825, -0.50589, -1.2e-05, 0.0, 0.0, 0.0, 1.0],
                [0.575997, 0.349198, 0.739117, 0.124994, -0.02795, -0.895226, 0.444737, -0.002831, 0.816974, -0.276825, -0.50589, -1.2e-05, 0.0, 0.0, 0.0, 1.0],
                [0.575997, 0.349198, 0.739117, 0.124994, -0.02795, -0.895226, 0.444737, -0.002831, 0.816974, -0.276825, -0.50589, -1.2e-05, 0.0, 0.0, 0.0, 1.0],
                [0.575997, 0.349198, 0.739117, 0.124994, -0.02795, -0.895226, 0.444737, -0.002831, 0.816974, -0.276825, -0.50589, -1.2e-05, 0.0, 0.0, 0.0, 1.0],
                [0.575997, 0.349198, 0.739117, 0.124994, -0.02795, -0.895226, 0.444737, -0.002831, 0.816974, -0.276825, -0.50589, -1.2e-05, 0.0, 0.0, 0.0, 1.0],
                [0.575997, 0.349198, 0.739117, 0.124994, -0.02795, -0.895226, 0.444737, -0.002831, 0.816974, -0.276825, -0.50589, -1.2e-05, 0.0, 0.0, 0.0, 1.0],
                [0.575997, 0.349198, 0.739117, 0.124994, -0.02795, -0.895226, 0.444737, -0.002831, 0.816974, -0.276825, -0.50589, -1.2e-05, 0.0, 0.0, 0.0, 1.0],
                [0.575997, 0.349198, 0.739117, 0.124994, -0.02795, -0.895226, 0.444737, -0.002831, 0.816974, -0.276825, -0.50589, -1.2e-05, 0.0, 0.0, 0.0, 1.0],
                [0.575997, 0.349198, 0.739117, 0.124994, -0.02795, -0.895226, 0.444737, -0.002831, 0.816974, -0.276825, -0.50589, -1.2e-05, 0.0, 0.0, 0.0, 1.0],
                [0.575997, 0.349198, 0.739117, 0.124994, -0.02795, -0.895226, 0.444737, -0.002831, 0.816974, -0.276825, -0.50589, -1.2e-05, 0.0, 0.0, 0.0, 1.0],
                [0.575997, 0.349198, 0.739117, 0.124994, -0.02795, -0.895226, 0.444737, -0.002831, 0.816974, -0.276825, -0.50589, -1.2e-05, 0.0, 0.0, 0.0, 1.0],
                [0.575997, 0.349198, 0.739117, 0.124994, -0.02795, -0.895226, 0.444737, -0.002831, 0.816974, -0.276825, -0.50589, -1.2e-05, 0.0, 0.0, 0.0, 1.0],
                [0.575997, 0.349198, 0.739117, 0.124994, -0.02795, -0.895226, 0.444737, -0.002831, 0.816974, -0.276825, -0.50589, -1.2e-05, 0.0, 0.0, 0.0, 1.0],
                [0.575997, 0.349198, 0.739117, 0.124994, -0.02795, -0.895226, 0.444737, -0.002831, 0.816974, -0.276825, -0.50589, -1.2e-05, 0.0, 0.0, 0.0, 1.0],
                [0.575997, 0.349198, 0.739117, 0.124994, -0.02795, -0.895226, 0.444737, -0.002831, 0.816974, -0.276825, -0.50589, -1.2e-05, 0.0, 0.0, 0.0, 1.0],
                [0.575997, 0.349198, 0.739117, 0.124994, -0.02795, -0.895226, 0.444737, -0.002831, 0.816974, -0.276825, -0.50589, -1.2e-05, 0.0, 0.0, 0.0, 1.0],
                [0.575997, 0.349198, 0.739117, 0.124994, -0.02795, -0.895226, 0.444737, -0.002831, 0.816974, -0.276825, -0.50589, -1.2e-05, 0.0, 0.0, 0.0, 1.0],
                [0.575997, 0.349198, 0.739117, 0.124994, -0.02795, -0.895226, 0.444737, -0.002831, 0.816974, -0.276825, -0.50589, -1.2e-05, 0.0, 0.0, 0.0, 1.0],
                [0.575997, 0.349198, 0.739117, 0.124994, -0.02795, -0.895226, 0.444737, -0.002831, 0.816974, -0.276825, -0.50589, -1.2e-05, 0.0, 0.0, 0.0, 1.0],
                [0.575997, 0.349198, 0.739117, 0.124994, -0.02795, -0.895226, 0.444737, -0.002831, 0.816974, -0.276825, -0.50589, -1.2e-05, 0.0, 0.0, 0.0, 1.0],
                [0.575997, 0.349198, 0.739117, 0.124994, -0.02795, -0.895226, 0.444737, -0.002831, 0.816974, -0.276825, -0.50589, -1.2e-05, 0.0, 0.0, 0.0, 1.0],
                [0.575997, 0.349198, 0.739117, 0.124994, -0.02795, -0.895226, 0.444737, -0.002831, 0.816974, -0.276825, -0.50589, -1.2e-05, 0.0, 0.0, 0.0, 1.0],
                [0.575997, 0.349198, 0.739117, 0.124994, -0.02795, -0.895226, 0.444737, -0.002831, 0.816974, -0.276825, -0.50589, -1.2e-05, 0.0, 0.0, 0.0, 1.0],
                [0.575997, 0.349198, 0.739117, 0.124994, -0.02795, -0.895226, 0.444737, -0.002831, 0.816974, -0.276825, -0.50589, -1.2e-05, 0.0, 0.0, 0.0, 1.0],
                [0.575997, 0.349198, 0.739117, 0.124994, -0.02795, -0.895226, 0.444737, -0.002831, 0.816974, -0.276825, -0.50589, -1.2e-05, 0.0, 0.0, 0.0, 1.0],
                [0.576567, 0.349056, 0.738739, 0.124994, -0.027474, -0.895356, 0.444503, -0.002831, 0.816588, -0.276582, -0.506645, -1.2e-05, 0.0, 0.0, 0.0, 1.0],
                [0.578287, 0.348609, 0.737605, 0.124994, -0.026044, -0.895759, 0.443777, -0.002831, 0.815417, -0.275841, -0.508929, -1.2e-05, 0.0, 0.0, 0.0, 1.0],
                [0.581169, 0.347884, 0.73568, 0.124994, -0.023668, -0.896412, 0.44259, -0.002831, 0.813438, -0.274632, -0.512735, -1.2e-05, 0.0, 0.0, 0.0, 1.0],
                [0.585219, 0.346653, 0.733046, 0.124994, -0.02037, -0.897443, 0.44066, -0.002831, 0.81062, -0.272814, -0.518142, -1.2e-05, 0.0, 0.0, 0.0, 1.0],
                [0.590437, 0.344879, 0.72969, 0.124994, -0.016193, -0.898859, 0.43794, -0.002831, 0.806922, -0.270392, -0.525137, -1.2e-05, 0.0, 0.0, 0.0, 1.0],
                [0.596814, 0.342434, 0.725642, 0.124994, -0.0112, -0.900715, 0.434266, -0.002831, 0.802302, -0.267303, -0.533727, -1.2e-05, 0.0, 0.0, 0.0, 1.0],
                [0.604333, 0.339179, 0.720933, 0.124994, -0.005472, -0.90307, 0.429458, -0.002831, 0.796713, -0.263481, -0.543901, -1.2e-05, 0.0, 0.0, 0.0, 1.0],
                [0.612962, 0.334965, 0.715598, 0.124994, 0.000885, -0.905978, 0.423324, -0.002831, 0.790112, -0.258848, -0.55563, -1.2e-05, 0.0, 0.0, 0.0, 1.0],
                [0.62266, 0.32965, 0.709669, 0.124994, 0.007749, -0.909483, 0.415669, -0.002831, 0.782454, -0.253321, -0.568856, -1.2e-05, 0.0, 0.0, 0.0, 1.0],
                [0.633367, 0.323097, 0.703178, 0.124994, 0.014976, -0.913616, 0.406303, -0.002831, 0.773707, -0.246808, -0.583495, -1.2e-05, 0.0, 0.0, 0.0, 1.0],
                [0.645008, 0.315189, 0.69615, 0.124994, 0.022405, -0.918386, 0.395051, -0.002831, 0.763847, -0.239215, -0.59943, -1.2e-05, 0.0, 0.0, 0.0, 1.0],
                [0.657491, 0.305851, 0.688597, 0.124994, 0.029863, -0.923766, 0.381792, -0.002831, 0.75287, -0.230461, -0.616504, -1.2e-05, 0.0, 0.0, 0.0, 1.0],
                [0.670707, 0.295029, 0.680525, 0.124994, 0.037173, -0.929706, 0.366422, -0.002831, 0.740791, -0.220464, -0.63453, -1.2e-05, 0.0, 0.0, 0.0, 1.0],
                [0.684528, 0.282711, 0.671938, 0.124994, 0.044155, -0.936125, 0.348884, -0.002831, 0.727648, -0.209152, -0.65329, -1.2e-05, 0.0, 0.0, 0.0, 1.0],
                [0.698814, 0.268921, 0.662831, 0.124994, 0.050636, -0.942912, 0.329172, -0.002831, 0.713509, -0.196468, -0.67254, -1.2e-05, 0.0, 0.0, 0.0, 1.0],
                [0.713409, 0.253735, 0.653199, 0.124994, 0.05646, -0.949925, 0.307334, -0.002831, 0.698469, -0.182376, -0.692015, -1.2e-05, 0.0, 0.0, 0.0, 1.0],
                [0.728151, 0.237267, 0.643044, 0.124994, 0.061498, -0.957006, 0.283475, -0.002831, 0.682653, -0.166867, -0.711439, -1.2e-05, 0.0, 0.0, 0.0, 1.0],
                [0.742869, 0.219653, 0.632379, 0.124994, 0.065646, -0.963987, 0.25772, -0.002831, 0.666211, -0.14994, -0.730538, -1.2e-05, 0.0, 0.0, 0.0, 1.0],
                [0.757394, 0.201104, 0.62122, 0.124994, 0.068842, -0.970681, 0.230301, -0.002831, 0.649319, -0.131663, -0.749036, -1.2e-05, 0.0, 0.0, 0.0, 1.0],
                [0.771563, 0.181845, 0.609612, 0.124994, 0.071062, -0.976914, 0.20147, -0.002831, 0.632171, -0.112127, -0.766676, -1.2e-05, 0.0, 0.0, 0.0, 1.0],
                [0.785221, 0.162075, 0.59763, 0.124994, 0.07232, -0.982537, 0.171439, -0.002831, 0.614977, -0.091398, -0.783233, -1.2e-05, 0.0, 0.0, 0.0, 1.0],
                [0.798231, 0.142167, 0.585337, 0.124994, 0.072673, -0.98738, 0.140709, -0.002831, 0.597952, -0.069781, -0.798492, -1.2e-05, 0.0, 0.0, 0.0, 1.0],
                [0.810471, 0.122271, 0.572879, 0.124994, 0.07221, -0.991368, 0.109432, -0.002831, 0.581312, -0.047325, -0.812307, -1.2e-05, 0.0, 0.0, 0.0, 1.0],
                [0.821843, 0.102635, 0.560396, 0.124994, 0.071046, -0.994424, 0.077934, -0.002831, 0.565268, -0.024237, -0.824555, -1.2e-05, 0.0, 0.0, 0.0, 1.0],
                [0.83227, 0.083553, 0.548041, 0.124994, 0.06932, -0.996503, 0.046653, -0.002831, 0.55002, -0.000839, -0.835155, -1.2e-05, 0.0, 0.0, 0.0, 1.0],
                [0.841699, 0.065157, 0.536003, 0.124994, 0.067182, -0.997616, 0.015772, -0.002831, 0.535751, 0.022733, -0.844073, -1.2e-05, 0.0, 0.0, 0.0, 1.0],
                [0.850098, 0.047679, 0.524464, 0.124994, 0.064786, -0.997797, -0.014302, -0.002831, 0.522625, 0.046135, -0.851317, -1.2e-05, 0.0, 0.0, 0.0, 1.0],
                [0.857451, 0.03124, 0.513618, 0.124994, 0.062283, -0.997118, -0.04333, -0.002831, 0.510782, 0.069142, -0.856929, -1.2e-05, 0.0, 0.0, 0.0, 1.0],
                [0.86376, 0.01598, 0.503652, 0.124994, 0.059816, -0.995682, -0.070995, -0.002831, 0.500341, 0.091448, -0.86099, -1.2e-05, 0.0, 0.0, 0.0, 1.0],
                [0.869036, 0.002038, 0.494746, 0.124994, 0.057512, -0.993628, -0.09693, -0.002831, 0.491394, 0.112688, -0.86362, -1.2e-05, 0.0, 0.0, 0.0, 1.0],
                [0.8733, -0.010418, 0.487073, 0.124994, 0.055481, -0.991141, -0.120675, -0.002831, 0.484013, 0.132407, -0.864989, -1.2e-05, 0.0, 0.0, 0.0, 1.0],
                [0.876575, -0.021136, 0.480802, 0.124994, 0.053812, -0.988466, -0.141563, -0.002831, 0.478247, 0.149963, -0.865331, -1.2e-05, 0.0, 0.0, 0.0, 1.0],
                [0.878887, -0.029694, 0.476107, 0.124994, 0.052575, -0.985951, -0.158547, -0.002831, 0.474124, 0.164375, -0.864982, -1.2e-05, 0.0, 0.0, 0.0, 1.0],
                [0.880259, -0.035404, 0.473173, 0.124994, 0.051817, -0.984076, -0.170029, -0.002831, 0.471655, 0.174187, -0.864411, -1.2e-05, 0.0, 0.0, 0.0, 1.0],
                [0.880713, -0.037443, 0.472171, 0.124994, 0.051562, -0.983367, -0.174157, -0.002831, 0.470836, 0.177727, -0.864137, -1.2e-05, 0.0, 0.0, 0.0, 1.0]
            ]
        },
        {
            "name": "Leg_R",
