{
    "animation": [
        {
            "name": "Root",
            "time": [0.0, 0.0167, 0.0333, 0.05, 0.0667, 0.0833, 0.1, 0.1167, 0.1333, 0.15, 0.1667, 0.1833, 0.2, 0.2167, 0.2333, 0.25, 0.2667, 0.2833, 0.3, 0.3167, 0.3333, 0.35, 0.3667, 0.3833, 0.4, 0.4167, 0.4333, 0.45, 0.4667, 0.4833, 0.5, 0.5167, 0.5333, 0.55, 0.5667, 0.5833, 0.6, 0.6167, 0.6333, 0.65, 0.6667, 0.6833, 0.7, 0.7167, 0.7333, 0.75, 0.7667, 0.7833, 0.8, 0.8167, 0.8333, 0.85, 0.8667, 0.8833, 0.9, 0.9167, 0.9333, 0.95, 0.9667, 0.9833, 1.0, 1.0167, 1.0333, 1.05, 1.0667, 1.0833, 1.1, 1.1167, 1.1333, 1.15, 1.1667, 1.1833, 1.2, 1.2167, 1.2333, 1.25, 1.2667, 1.2833, 1.3, 1.3167, 1.3333, 1.35, 1.3667, 1.3833, 1.4, 1.4167, 1.4333, 1.45, 1.4667, 1.4833, 1.5, 1.5167, 1.5333, 1.55, 1.5667, 1.5833, 1.6, 1.6167, 1.6333, 1.65, 1.6667, 1.6833, 1.7, 1.7167, 1.7333, 1.75, 1.7667, 1.7833, 1.8, 2.0],
            "transform": [
                [0.990031, 0.0, -0.140847, 0.014911, -0.140847, 0.0, -0.990031, -0.004564, 0.0, 1.0, 0.0, 0.739346, 0.0, 0.0, 0.0, 1.0],
                [0.990282, 0.0, -0.139075, 0.015462, -0.139075, 0.0, -0.990282, -0.004284, 0.0, 1.0, 0.0, 0.739271, 0.0, 0.0, 0.0, 1.0],
                [0.991019, 0.0, -0.13372, 0.017119, -0.13372, 0.0, -0.991019, -0.003428, 0.0, 1.0, 0.0, 0.739044, 0.0, 0.0, 0.0, 1.0],
                [0.992191, 0.0, -0.124728, 0.019876, -0.124728, 0.0, -0.992191, -0.001952, 0.0, 1.0, 0.0, 0.738666, 0.0, 0.0, 0.0, 1.0],
                [0.993703, 0.0, -0.112046, 0.023706, -0.112046, 0.0, -0.993703, 0.000206, 0.0, 1.0, 0.0, 0.738134, 0.0, 0.0, 0.0, 1.0],
                [0.995417, 0.0, -0.095629, 0.028559, -0.095629, 0.0, -0.995417, 0.003131, 0.0, 1.0, 0.0, 0.737449, 0.0, 0.0, 0.0, 1.0],
                [0.99715, 0.0, -0.075449, 0.034363, -0.075449, 0.0, -0.99715, 0.006925, 0.0, 1.0, 0.0, 0.736612, 0.0, 0.0, 0.0, 1.0],
                [0.998673, 0.0, -0.051504, 0.041014, -0.051504, 0.0, -0.998673, 0.011704, 0.0, 1.0, 0.0, 0.735627, 0.0, 0.0, 0.0, 1.0],
                [0.999716, 0.0, -0.02383, 0.048378, -0.02383, 0.0, -0.999716, 0.017595, 0.0, 1.0, 0.0, 0.734497, 0.0, 0.0, 0.0, 1.0],
                [0.999972, 0.0, 0.007489, 0.056287, 0.007489, 0.0, -0.999972, 0.024724, 0.0, 1.0, 0.0, 0.733227, 0.0, 0.0, 0.0, 1.0],
                [0.999105, 0.0, 0.042307, 0.064537, 0.042307, 0.0, -0.999105, 0.033208, 0.0, 1.0, 0.0, 0.731824, 0.0, 0.0, 0.0, 1.0],
                [0.996763, 0.0, 0.080402, 0.072895, 0.080402, 0.0, -0.996763, 0.043149, 0.0, 1.0, 0.0, 0.730298, 0.0, 0.0, 0.0, 1.0],
                [0.992595, 0.0, 0.121472, 0.081098, 0.121472, 0.0, -0.992595, 0.054617, 0.0, 1.0, 0.0, 0.728658, 0.0, 0.0, 0.0, 1.0],
                [0.986273, 0.0, 0.165124, 0.088864, 0.165124, 0.0, -0.986273, 0.06764, 0.0, 1.0, 0.0, 0.726916, 0.0, 0.0, 0.0, 1.0],
                [0.977512, 0.0, 0.21088, 0.095904, 0.21088, 0.0, -0.977512, 0.082195, 0.0, 1.0, 0.0, 0.725087, 0.0, 0.0, 0.0, 1.0],
                [0.966097, 0.0, 0.25818, 0.101933, 0.25818, 0.0, -0.966097, 0.098202, 0.0, 1.0, 0.0, 0.723186, 0.0, 0.0, 0.0, 1.0],
                [0.951903, 0.0, 0.306399, 0.106694, 0.306399, 0.0, -0.951903, 0.115515, 0.0, 1.0, 0.0, 0.721229, 0.0, 0.0, 0.0, 1.0],
                [0.934915, 0.0, 0.354872, 0.10997, 0.354872, 0.0, -0.934915, 0.133933, 0.0, 1.0, 0.0, 0.719235, 0.0, 0.0, 0.0, 1.0],
                [0.915236, 0.0, 0.402919, 0.1116, 0.402919, 0.0, -0.915236, 0.1532, 0.0, 1.0, 0.0, 0.717222, 0.0, 0.0, 0.0, 1.0],
                [0.893089, 0.0, 0.44988, 0.111496, 0.44988, 0.0, -0.893089, 0.173021, 0.0, 1.0, 0.0, 0.715209, 0.0, 0.0, 0.0, 1.0],
                [0.868811, 0.0, 0.495144, 0.109648, 0.495144, 0.0, -0.868811, 0.193077, 0.0, 1.0, 0.0, 0.713214, 0.0, 0.0, 0.0, 1.0],
                [0.842833, 0.0, 0.538175, 0.106125, 0.538175, 0.0, -0.842833, 0.213047, 0.0, 1.0, 0.0, 0.711258, 0.0, 0.0, 0.0, 1.0],
                [0.815657, 0.0, 0.578536, 0.101069, 0.578536, 0.0, -0.815657, 0.232622, 0.0, 1.0, 0.0, 0.709357, 0.0, 0.0, 0.0, 1.0],
                [0.787827, 0.0, 0.615897, 0.094689, 0.615897, 0.0, -0.787827, 0.251521, 0.0, 1.0, 0.0, 0.707528, 0.0, 0.0, 0.0, 1.0],
                [0.759901, 0.0, 0.650039, 0.087242, 0.650039, 0.0, -0.759901, 0.269504, 0.0, 1.0, 0.0, 0.705786, 0.0, 0.0, 0.0, 1.0],
                [0.732425, 0.0, 0.680848, 0.079017, 0.680848, 0.0, -0.732425, 0.28638, 0.0, 1.0, 0.0, 0.704146, 0.0, 0.0, 0.0, 1.0],
                [0.70591, 0.0, 0.708301, 0.07032, 0.708301, 0.0, -0.70591, 0.302006, 0.0, 1.0, 0.0, 0.702619, 0.0, 0.0, 0.0, 1.0],
                [0.680817, 0.0, 0.732453, 0.061459, 0.732453, 0.0, -0.680817, 0.316287, 0.0, 1.0, 0.0, 0.701217, 0.0, 0.0, 0.0, 1.0],
                [0.657546, 0.0, 0.753415, 0.052726, 0.753415, 0.0, -0.657546, 0.32917, 0.0, 1.0, 0.0, 0.699947, 0.0, 0.0, 0.0, 1.0],
                [0.63643, 0.0, 0.771334, 0.044393, 0.771334, 0.0, -0.63643, 0.340638, 0.0, 1.0, 0.0, 0.698816, 0.0, 0.0, 0.0, 1.0],
                [0.617742, 0.0, 0.786381, 0.036701, 0.786381, 0.0, -0.617742, 0.350701, 0.0, 1.0, 0.0, 0.697831, 0.0, 0.0, 0.0, 1.0],
                [0.601688, 0.0, 0.798731, 0.02986, 0.798731, 0.0, -0.601688, 0.359386, 0.0, 1.0, 0.0, 0.696995, 0.0, 0.0, 0.0, 1.0],
                [0.588423, 0.0, 0.808554, 0.024041, 0.808554, 0.0, -0.588423, 0.366734, 0.0, 1.0, 0.0, 0.69631, 0.0, 0.0, 0.0, 1.0],
                [0.578048, 0.0, 0.816003, 0.019381, 0.816003, 0.0, -0.578048, 0.372789, 0.0, 1.0, 0.0, 0.695778, 0.0, 0.0, 0.0, 1.0],
                [0.570625, 0.0, 0.821211, 0.015984, 0.821211, 0.0, -0.570625, 0.377593, 0.0, 1.0, 0.0, 0.695399, 0.0, 0.0, 0.0, 1.0],
                [0.566178, 0.0, 0.824283, 0.013919, 0.824283, 0.0, -0.566178, 0.381186, 0.0, 1.0, 0.0, 0.695173, 0.0, 0.0, 0.0, 1.0],
                [0.564701, 0.0, 0.825295, 0.013226, 0.825295, 0.0, -0.564701, 0.383596, 0.0, 1.0, 0.0, 0.695098, 0.0, 0.0, 0.0, 1.0],
                [0.564701, 0.0, 0.825295, 0.013226, 0.825295, 0.0, -0.564701, 0.385386, 0.0, 1.0, 0.0, 0.695098, 0.0, 0.0, 0.0, 1.0],
                [0.564701, 0.0, 0.825295, 0.013226, 0.825295, 0.0, -0.564701, 0.387096, 0.0, 1.0, 0.0, 0.695098, 0.0, 0.0, 0.0, 1.0],
                [0.564701, 0.0, 0.825295, 0.013226, 0.825295, 0.0, -0.564701, 0.388721, 0.0, 1.0, 0.0, 0.695098, 0.0, 0.0, 0.0, 1.0],
                [0.564701, 0.0, 0.825295, 0.013226, 0.825295, 0.0, -0.564701, 0.390252, 0.0, 1.0, 0.0, 0.695098, 0.0, 0.0, 0.0, 1.0],
                [0.564701, 0.0, 0.825295, 0.013226, 0.825295, 0.0, -0.564701, 0.391685, 0.0, 1.0, 0.0, 0.695098, 0.0, 0.0, 0.0, 1.0],
                [0.564701, 0.0, 0.825295, 0.013226, 0.825295, 0.0, -0.564701, 0.393012, 0.0, 1.0, 0.0, 0.695098, 0.0, 0.0, 0.0, 1.0],
                [0.564701, 0.0, 0.825295, 0.013226, 0.825295, 0.0, -0.564701, 0.394229, 0.0, 1.0, 0.0, 0.695098, 0.0, 0.0, 0.0, 1.0],
                [0.564701, 0.0, 0.825295, 0.013226, 0.825295, 0.0, -0.564701, 0.395332, 0.0, 1.0, 0.0, 0.695098, 0.0, 0.0, 0.0, 1.0],
                [0.564701, 0.0, 0.825295, 0.013226, 0.825295, 0.0, -0.564701, 0.396318, 0.0, 1.0, 0.0, 0.695098, 0.0, 0.0, 0.0, 1.0],
                [0.564701, 0.0, 0.825295, 0.013226, 0.825295, 0.0, -0.564701, 0.397186, 0.0, 1.0, 0.0, 0.695098, 0.0, 0.0, 0.0, 1.0],
                [0.564701, 0.0, 0.825295, 0.013226, 0.825295, 0.0, -0.564701, 0.397938, 0.0, 1.0, 0.0, 0.695098, 0.0, 0.0, 0.0, 1.0],
                [0.564701, 0.0, 0.825295, 0.013226, 0.825295, 0.0, -0.564701, 0.398578, 0.0, 1.0, 0.0, 0.695098, 0.0, 0.0, 0.0, 1.0],
                [0.564701, 0.0, 0.825295, 0.013226, 0.825295, 0.0, -0.564701, 0.399111, 0.0, 1.0, 0.0, 0.695098, 0.0, 0.0, 0.0, 1.0],
                [0.564701, 0.0, 0.825295, 0.013226, 0.825295, 0.0, -0.564701, 0.399545, 0.0, 1.0, 0.0, 0.695098, 0.0, 0.0, 0.0, 1.0],
                [0.564701, 0.0, 0.825295, 0.013226, 0.825295, 0.0, -0.564701, 0.399891, 0.0, 1.0, 0.0, 0.695098, 0.0, 0.0, 0.0, 1.0],
                [0.564701, 0.0, 0.825295, 0.013226, 0.825295, 0.0, -0.564701, 0.400157, 0.0, 1.0, 0.0, 0.695098, 0.0, 0.0, 0.0, 1.0],
                [0.564701, 0.0, 0.825295, 0.013226, 0.825295, 0.0, -0.564701, 0.400357, 0.0, 1.0, 0.0, 0.695098, 0.0, 0.0, 0.0, 1.0],
                [0.564701, 0.0, 0.825295, 0.013226, 0.825295, 0.0, -0.564701, 0.400499, 0.0, 1.0, 0.0, 0.695098, 0.0, 0.0, 0.0, 1.0],
                [0.564701, 0.0, 0.825295, 0.013226, 0.825295, 0.0, -0.564701, 0.400597, 0.0, 1.0, 0.0, 0.695098, 0.0, 0.0, 0.0, 1.0],
                [0.564701, 0.0, 0.825295, 0.013226, 0.825295, 0.0, -0.564701, 0.400659, 0.0, 1.0, 0.0, 0.695098, 0.0, 0.0, 0.0, 1.0],
                [0.564701, 0.0, 0.825295, 0.013226, 0.825295, 0.0, -0.564701, 0.400694, 0.0, 1.0, 0.0, 0.695098, 0.0, 0.0, 0.0, 1.0],
                [0.564701, 0.0, 0.825295, 0.013226, 0.825295, 0.0, -0.564701, 0.400711, 0.0, 1.0, 0.0, 0.695098, 0.0, 0.0, 0.0, 1.0],
                [0.564701, 0.0, 0.825295, 0.013226, 0.825295, 0.0, -0.564701, 0.400717, 0.0, 1.0, 0.0, 0.695098, 0.0, 0.0, 0.0, 1.0],
                [0.564701, 0.0, 0.825295, 0.013226, 0.825295, 0.0, -0.564701, 0.400718, 0.0, 1.0, 0.0, 0.695098, 0.0, 0.0, 0.0, 1.0],
                [0.565718, 0.0, 0.824599, 0.013259, 0.824599, 0.0, -0.565718, 0.401491, 0.0, 1.0, 0.0, 0.69514, 0.0, 0.0, 0.0, 1.0],
                [0.568811, 0.0, 0.822468, 0.013366, 0.822468, 0.0, -0.568811, 0.403857, 0.0, 1.0, 0.0, 0.695267, 0.0, 0.0, 0.0, 1.0],
                [0.574034, 0.0, 0.818831, 0.013555, 0.818831, 0.0, -0.574034, 0.407867, 0.0, 1.0, 0.0, 0.695479, 0.0, 0.0, 0.0, 1.0],
                [0.581419, 0.0, 0.813604, 0.013828, 0.813604, 0.0, -0.581419, 0.413555, 0.0, 1.0, 0.0, 0.695778, 0.0, 0.0, 0.0, 1.0],
                [0.590969, 0.0, 0.806694, 0.014176, 0.806694, 0.0, -0.590969, 0.420924, 0.0, 1.0, 0.0, 0.696162, 0.0, 0.0, 0.0, 1.0],
                [0.602657, 0.0, 0.798, 0.014583, 0.798, 0.0, -0.602657, 0.42995, 0.0, 1.0, 0.0, 0.696633, 0.0, 0.0, 0.0, 1.0],
                [0.616413, 0.0, 0.787423, 0.015021, 0.787423, 0.0, -0.616413, 0.440573, 0.0, 1.0, 0.0, 0.69719, 0.0, 0.0, 0.0, 1.0],
                [0.632124, 0.0, 0.774868, 0.015452, 0.774868, 0.0, -0.632124, 0.452696, 0.0, 1.0, 0.0, 0.697831, 0.0, 0.0, 0.0, 1.0],
                [0.649622, 0.0, 0.760257, 0.015828, 0.760257, 0.0, -0.649622, 0.466184, 0.0, 1.0, 0.0, 0.698556, 0.0, 0.0, 0.0, 1.0],
                [0.668692, 0.0, 0.74354, 0.016089, 0.74354, 0.0, -0.668692, 0.480863, 0.0, 1.0, 0.0, 0.699364, 0.0, 0.0, 0.0, 1.0],
                [0.689063, 0.0, 0.724701, 0.016167, 0.724701, 0.0, -0.689063, 0.49653, 0.0, 1.0, 0.0, 0.700251, 0.0, 0.0, 0.0, 1.0],
                [0.710425, 0.0, 0.703773, 0.015987, 0.703773, 0.0, -0.710425, 0.512955, 0.0, 1.0, 0.0, 0.701217, 0.0, 0.0, 0.0, 1.0],
                [0.732427, 0.0, 0.680845, 0.015472, 0.680845, 0.0, -0.732427, 0.52989, 0.0, 1.0, 0.0, 0.702257, 0.0, 0.0, 0.0, 1.0],
                [0.754705, 0.0, 0.656064, 0.014545, 0.656064, 0.0, -0.754705, 0.547086, 0.0, 1.0, 0.0, 0.703368, 0.0, 0.0, 0.0, 1.0],
                [0.77689, 0.0, 0.629637, 0.013141, 0.629637, 0.0, -0.77689, 0.564298, 0.0, 1.0, 0.0, 0.704546, 0.0, 0.0, 0.0, 1.0],
                [0.798628, 0.0, 0.601825, 0.011203, 0.601825, 0.0, -0.798628, 0.5813, 0.0, 1.0, 0.0, 0.705786, 0.0, 0.0, 0.0, 1.0],
                [0.819603, 0.0, 0.572932, 0.008695, 0.572932, 0.0, -0.819603, 0.597891, 0.0, 1.0, 0.0, 0.707083, 0.0, 0.0, 0.0, 1.0],
                [0.839544, 0.0, 0.543292, 0.005605, 0.543292, 0.0, -0.839544, 0.613903, 0.0, 1.0, 0.0, 0.708432, 0.0, 0.0, 0.0, 1.0],
                [0.858239, 0.0, 0.51325, 0.001941, 0.51325, 0.0, -0.858239, 0.629201, 0.0, 1.0, 0.0, 0.709826, 0.0, 0.0, 0.0, 1.0],
                [0.875536, 0.0, 0.483153, -0.00226, 0.483153, 0.0, -0.875536, 0.643685, 0.0, 1.0, 0.0, 0.711258, 0.0, 0.0, 0.0, 1.0],
                [0.891344, 0.0, 0.453328, -0.00694, 0.453328, 0.0, -0.891344, 0.657286, 0.0, 1.0, 0.0, 0.712721, 0.0, 0.0, 0.0, 1.0],
                [0.905627, 0.0, 0.424076, -0.012019, 0.424076, 0.0, -0.905627, 0.669961, 0.0, 1.0, 0.0, 0.714208, 0.0, 0.0, 0.0, 1.0],
                [0.918396, 0.0, 0.395661, -0.0174, 0.395661, 0.0, -0.918396, 0.68169, 0.0, 1.0, 0.0, 0.715711, 0.0, 0.0, 0.0, 1.0],
                [0.929703, 0.0, 0.368311, -0.022975, 0.368311, 0.0, -0.929703, 0.692469, 0.0, 1.0, 0.0, 0.717222, 0.0, 0.0, 0.0, 1.0],
                [0.939624, 0.0, 0.342209, -0.028626, 0.342209, 0.0, -0.939624, 0.702306, 0.0, 1.0, 0.0, 0.718733, 0.0, 0.0, 0.0, 1.0],
                [0.948258, 0.0, 0.317501, -0.03423, 0.317501, 0.0, -0.948258, 0.711219, 0.0, 1.0, 0.0, 0.720235, 0.0, 0.0, 0.0, 1.0],
                [0.955715, 0.0, 0.294294, -0.039666, 0.294294, 0.0, -0.955715, 0.719227, 0.0, 1.0, 0.0, 0.721722, 0.0, 0.0, 0.0, 1.0],
                [0.962556, 0.0, 0.271083, -0.044323, 0.271083, 0.0, -0.962556, 0.727623, 0.0, 1.0, 0.0, 0.723186, 0.0, 0.0, 0.0, 1.0],
                [0.969182, 0.0, 0.246347, -0.04765, 0.246347, 0.0, -0.969182, 0.737704, 0.0, 1.0, 0.0, 0.724618, 0.0, 0.0, 0.0, 1.0],
                [0.975458, 0.0, 0.220184, -0.049627, 0.220184, 0.0, -0.975458, 0.749475, 0.0, 1.0, 0.0, 0.726011, 0.0, 0.0, 0.0, 1.0],
                [0.981248, 0.0, 0.19275, -0.050254, 0.19275, 0.0, -0.981248, 0.762892, 0.0, 1.0, 0.0, 0.72736, 0.0, 0.0, 0.0, 1.0],
                [0.986417, 0.0, 0.164263, -0.049557, 0.164263, 0.0, -0.986417, 0.777856, 0.0, 1.0, 0.0, 0.728658, 0.0, 0.0, 0.0, 1.0],
                [0.990844, 0.0, 0.135011, -0.047597, 0.135011, 0.0, -0.990844, 0.794203, 0.0, 1.0, 0.0, 0.729898, 0.0, 0.0, 0.0, 1.0],
                [0.994435, 0.0, 0.105352, -0.044473, 0.105352, 0.0, -0.994435, 0.811703, 0.0, 1.0, 0.0, 0.731076, 0.0, 0.0, 0.0, 1.0],
                [0.997131, 0.0, 0.075702, -0.040324, 0.075702, 0.0, -0.997131, 0.830055, 0.0, 1.0, 0.0, 0.732187, 0.0, 0.0, 0.0, 1.0],
                [0.998917, 0.0, 0.046524, -0.035331, 0.046524, 0.0, -0.998917, 0.848901, 0.0, 1.0, 0.0, 0.733227, 0.0, 0.0, 0.0, 1.0],
                [0.999833, 0.0, 0.018299, -0.029706, 0.018299, 0.0, -0.999833, 0.867838, 0.0, 1.0, 0.0, 0.734192, 0.0, 0.0, 0.0, 1.0],
                [0.999964, 0.0, -0.008502, -0.023688, -0.008502, 0.0, -0.999964, 0.886437, 0.0, 1.0, 0.0, 0.73508, 0.0, 0.0, 0.0, 1.0],
                [0.999441, 0.0, -0.033446, -0.017523, -0.033446, 0.0, -0.999441, 0.904276, 0.0, 1.0, 0.0, 0.735887, 0.0, 0.0, 0.0, 1.0],
                [0.998421, 0.0, -0.056168, -0.011452, -0.056168, 0.0, -0.998421, 0.920962, 0.0, 1.0, 0.0, 0.736612, 0.0, 0.0, 0.0, 1.0],
                [0.997078, 0.0, -0.076386, -0.005695, -0.076386, 0.0, -0.997078, 0.936154, 0.0, 1.0, 0.0, 0.737254, 0.0, 0.0, 0.0, 1.0],
                [0.995581, 0.0, -0.093907, -0.000438, -0.093907, 0.0, -0.995581, 0.949577, 0.0, 1.0, 0.0, 0.73781, 0.0, 0.0, 0.0, 1.0],
                [0.994083, 0.0, -0.108623, 0.004169, -0.108623, 0.0, -0.994083, 0.961035, 0.0, 1.0, 0.0, 0.738281, 0.0, 0.0, 0.0, 1.0],
                [0.992713, 0.0, -0.120504, 0.008019, -0.120504, 0.0, -0.992713, 0.970402, 0.0, 1.0, 0.0, 0.738666, 0.0, 0.0, 0.0, 1.0],
                [0.991569, 0.0, -0.129579, 0.011042, -0.129579, 0.0, -0.991569, 0.977623, 0.0, 1.0, 0.0, 0.738964, 0.0, 0.0, 0.0, 1.0],
                [0.99072, 0.0, -0.135922, 0.013202, -0.135922, 0.0, -0.99072, 0.9827, 0.0, 1.0, 0.0, 0.739177, 0.0, 0.0, 0.0, 1.0],
                [0.990203, 0.0, -0.139637, 0.014487, -0.139637, 0.0, -0.990203, 0.985681, 0.0, 1.0, 0.0, 0.739304, 0.0, 0.0, 0.0, 1.0],
                [0.990031, 0.0, -0.140847, 0.014911, -0.140847, 0.0, -0.990031, 0.986651, 0.0, 1.0, 0.0, 0.739346, 0.0, 0.0, 0.0, 1.0],
                [0.990031, 0.0, -0.140847, 0.014911, -0.140847, 0.0, -0.990031, 0.986651, 0.0, 1.0, 0.0, 0.739346, 0.0, 0.0, 0.0, 1.0]
            ]
        },
        {
            "name": "Thigh_R",
            "time": [0.0, 0.0167, 0.0333, 0.05, 0.0667, 0.0833, 0.1, 0.1167, 0.1333, 0.15, 0.1667, 0.1833, 0.2, 0.2167, 0.2333, 0.25, 0.2667, 0.2833, 0.3, 0.3167, 0.3333, 0.35, 0.3667, 0.3833, 0.4, 0.4167, 0.4333, 0.45, 0.4667, 0.4833, 0.5, 0.5167, 0.5333, 0.55, 0.5667, 0.5833, 0.6, 0.6167, 0.6333, 0.65, 0.6667, 0.6833, 0.7, 0.7167, 0.7333, 0.75, 0.7667, 0.7833, 0.8, 0.8167, 0.8333, 0.85, 0.8667, 0.8833, 0.9, 0.9167, 0.9333, 0.95, 0.9667, 0.9833, 1.0, 1.0167, 1.0333, 1.05, 1.0667, 1.0833, 1.1, 1.1167, 1.1333, 1.15, 1.1667, 1.1833, 1.2, 1.2167, 1.2333, 1.25, 1.2667, 1.2833, 1.3, 1.3167, 1.3333, 1.35, 1.3667, 1.3833, 1.4, 1.4167, 1.4333, 1.45, 1.4667, 1.4833, 1.5, 1.5167, 1.5333, 1.55, 1.5667, 1.5833, 1.6, 1.6167, 1.6333, 1.65, 1.6667, 1.6833, 1.7, 1.7167, 1.7333, 1.75, 1.7667, 1.7833, 1.8, 2.0],
            "transform": [
                [0.880713, -0.037443, 0.472171, 0.124994, 0.051562, -0.983367, -0.174157, -0.002831, 0.470836, 0.177727, -0.864137, -1.2e-05, 0.0, 0.0, 0.0, 1.0],
                [0.880471, -0.034678, 0.472832, 0.124994, 0.051806, -0.984312, -0.168661, -0.002831, 0.471261, 0.172995, -0.864865, -1.2e-05, 0.0, 0.0, 0.0, 1.0],
                [0.879739, -0.027149, 0.474683, 0.124994, 0.052534, -0.986705, -0.153796, -0.002831, 0.472545, 0.160236, -0.866621, -1.2e-05, 0.0, 0.0, 0.0, 1.0],
                [0.878503, -0.016237, 0.477464, 0.124994, 0.053732, -0.989723, -0.132522, -0.002831, 0.474707, 0.142075, -0.868605, -1.2e-05, 0.0, 0.0, 0.0, 1.0],
                [0.876742, -0.002931, 0.480954, 0.124994, 0.055376, -0.992716, -0.106997, -0.002831, 0.477763, 0.120441, -0.870197, -1.2e-05, 0.0, 0.0, 0.0, 1.0],
                [0.874433, 0.012227, 0.484993, 0.124994, 0.05743, -0.995262, -0.078457, -0.002831, 0.481734, 0.096457, -0.870996, -1.2e-05, 0.0, 0.0, 0.0, 1.0],
                [0.87155, 0.028931, 0.489455, 0.124994, 0.059845, -0.997071, -0.047629, -0.002831, 0.486641, 0.070802, -0.870732, -1.2e-05, 0.0, 0.0, 0.0, 1.0],
                [0.86806, 0.046984, 0.494233, 0.124994, 0.062557, -0.997929, -0.015006, -0.002831, 0.492502, 0.043942, -0.869205, -1.2e-05, 0.0, 0.0, 0.0, 1.0],
                [0.86393, 0.066212, 0.499242, 0.124994, 0.065487, -0.997673, 0.018991, -0.002831, 0.499336, 0.016285, -0.866259, -1.2e-05, 0.0, 0.0, 0.0, 1.0],
                [0.859125, 0.086572, 0.504393, 0.124994, 0.068543, -0.996173, 0.054231, -0.002831, 0.507155, -0.01202, -0.861775, -1.2e-05, 0.0, 0.0, 0.0, 1.0],
                [0.853608, 0.107845, 0.509632, 0.124994, 0.071616, -0.993341, 0.09025, -0.002831, 0.51597, -0.040542, -0.85565, -1.2e-05, 0.0, 0.0, 0.0, 1.0],
                [0.847345, 0.129832, 0.514931, 0.124994, 0.074584, -0.989138, 0.126665, -0.002831, 0.52578, -0.068924, -0.847827, -1.2e-05, 0.0, 0.0, 0.0, 1.0],
                [0.840302, 0.152456, 0.520243, 0.124994, 0.077314, -0.983535, 0.163344, -0.002831, 0.536578, -0.097037, -0.838257, -1.2e-05, 0.0, 0.0, 0.0, 1.0],
                [0.832452, 0.175426, 0.525597, 0.124994, 0.079666, -0.976597, 0.199778, -0.002831, 0.54834, -0.124434, -0.826949, -1.2e-05, 0.0, 0.0, 0.0, 1.0],
                [0.823775, 0.198577, 0.531004, 0.124994, 0.081491, -0.968397, 0.235725, -0.002831, 0.56103, -0.150913, -0.813927, -1.2e-05, 0.0, 0.0, 0.0, 1.0],
                [0.814258, 0.221647, 0.536526, 0.124994, 0.082648, -0.959086, 0.270784, -0.002831, 0.574591, -0.176146, -0.799265, -1.2e-05, 0.0, 0.0, 0.0, 1.0],
                [0.8039, 0.244422, 0.542222, 0.124994, 0.082998, -0.948837, 0.304663, -0.002831, 0.588944, -0.199916, -0.78306, -1.2e-05, 0.0, 0.0, 0.0, 1.0],
                [0.792718, 0.266666, 0.548169, 0.124994, 0.082422, -0.937872, 0.337052, -0.002831, 0.60399, -0.222007, -0.76545, -1.2e-05, 0.0, 0.0, 0.0, 1.0],
                [0.780744, 0.288131, 0.554458, 0.124994, 0.080821, -0.926451, 0.367637, -0.002831, 0.619603, -0.242218, -0.746611, -1.2e-05, 0.0, 0.0, 0.0, 1.0],
                [0.768028, 0.308628, 0.561146, 0.124994, 0.07813, -0.914827, 0.396217, -0.002831, 0.635632, -0.260463, -0.726729, -1.2e-05, 0.0, 0.0, 0.0, 1.0],
                [0.754648, 0.328032, 0.568247, 0.124994, 0.074322, -0.903217, 0.422701, -0.002831, 0.651907, -0.276758, -0.705994, -1.2e-05, 0.0, 0.0, 0.0, 1.0],
                [0.740703, 0.346056, 0.575853, 0.124994, 0.069411, -0.891965, 0.446744, -0.002831, 0.668237, -0.290935, -0.684704, -1.2e-05, 0.0, 0.0, 0.0, 1.0],
                [0.726321, 0.362624, 0.583923, 0.124994, 0.06346, -0.881264, 0.468344, -0.002831, 0.68442, -0.303113, -0.663096, -1.2e-05, 0.0, 0.0, 0.0, 1.0],
                [0.711654, 0.377641, 0.592401, 0.124994, 0.056579, -0.871305, 0.48747, -0.002831, 0.700248, -0.313393, -0.641437, -1.2e-05, 0.0, 0.0, 0.0, 1.0],
                [0.696882, 0.390994, 0.601235, 0.124994, 0.048923, -0.862285, 0.504056, -0.002831, 0.715515, -0.321853, -0.620042, -1.2e-05, 0.0, 0.0, 0.0, 1.0],
                [0.682202, 0.4028, 0.61021, 0.124994, 0.040687, -0.85419, 0.518368, -0.002831, 0.730031, -0.328804, -0.599122, -1.2e-05, 0.0, 0.0, 0.0, 1.0],
                [0.667832, 0.413021, 0.619208, 0.124994, 0.032094, -0.847121, 0.530431, -0.002831, 0.74362, -0.334366, -0.578992, -1.2e-05, 0.0, 0.0, 0.0, 1.0],
                [0.653996, 0.421716, 0.628052, 0.124994, 0.023387, -0.841079, 0.540407, -0.002831, 0.756136, -0.338736, -0.559928, -1.2e-05, 0.0, 0.0, 0.0, 1.0],
                [0.640922, 0.428973, 0.636557, 0.124994, 0.014819, -0.836033, 0.548481, -0.002831, 0.767462, -0.3421, -0.542192, -1.2e-05, 0.0, 0.0, 0.0, 1.0],
                [0.628831, 0.434928, 0.644526, 0.124994, 0.006637, -0.831896, 0.554893, -0.002831, 0.777514, -0.344657, -0.526011, -1.2e-05, 0.0, 0.0, 0.0, 1.0],
                [0.61793, 0.43972, 0.651777, 0.124994, -0.000927, -0.828575, 0.559878, -0.002831, 0.786233, -0.34657, -0.511596, -1.2e-05, 0.0, 0.0, 0.0, 1.0],
                [0.608404, 0.443491, 0.658153, 0.124994, -0.007665, -0.82597, 0.563663, -0.002831, 0.79359, -0.34798, -0.499127, -1.2e-05, 0.0, 0.0, 0.0, 1.0],
                [0.600413, 0.446375, 0.663519, 0.124994, -0.013401, -0.823984, 0.566456, -0.002831, 0.799577, -0.348999, -0.488751, -1.2e-05, 0.0, 0.0, 0.0, 1.0],
                [0.594087, 0.448489, 0.667775, 0.124994, -0.017993, -0.822531, 0.568437, -0.002831, 0.8042, -0.349716, -0.480587, -1.2e-05, 0.0, 0.0, 0.0, 1.0],
                [0.589521, 0.449917, 0.670854, 0.124994, -0.021341, -0.821549, 0.56974, -0.002831, 0.807471, -0.35019, -0.47472, -1.2e-05, 0.0, 0.0, 0.0, 1.0],
                [0.586777, 0.45071, 0.672725, 0.124994, -0.023384, -0.821, 0.570451, -0.002831, 0.809411, -0.350458, -0.471207, -1.2e-05, 0.0, 0.0, 0.0, 1.0],
                [0.585886, 0.450878, 0.673389, 0.124994, -0.024099, -0.820875, 0.570601, -0.002831, 0.810036, -0.350534, -0.470076, -1.2e-05, 0.0, 0.0, 0.0, 1.0],
                [0.585921, 0.450718, 0.673465, 0.124994, -0.024152, -0.820975, 0.570455, -0.002831, 0.810008, -0.350507, -0.470143, -1.2e-05, 0.0, 0.0, 0.0, 1.0],
                [0.585956, 0.450542, 0.673552, 0.124994, -0.024202, -0.821089, 0.570289, -0.002831, 0.809982, -0.350465, -0.47022, -1.2e-05, 0.0, 0.0, 0.0, 1.0],
                [0.585988, 0.450355, 0.673649, 0.124994, -0.02425, -0.821214, 0.570106, -0.002831, 0.809957, -0.350411, -0.470303, -1.2e-05, 0.0, 0.0, 0.0, 1.0],
                [0.586019, 0.450161, 0.673752, 0.124994, -0.024296, -0.821347, 0.569912, -0.002831, 0.809933, -0.350348, -0.470391, -1.2e-05, 0.0, 0.0, 0.0, 1.0],
                [0.586048, 0.449964, 0.673858, 0.124994, -0.024338, -0.821485, 0.569712, -0.002831, 0.80991, -0.350279, -0.470481, -1.2e-05, 0.0, 0.0, 0.0, 1.0],
                [0.586075, 0.449768, 0.673965, 0.124994, -0.024378, -0.821624, 0.56951, -0.002831, 0.80989, -0.350206, -0.470571, -1.2e-05, 0.0, 0.0, 0.0, 1.0],
                [0.5861, 0.449578, 0.674071, 0.124994, -0.024415, -0.82176, 0.569312, -0.002831, 0.809871, -0.350131, -0.47066, -1.2e-05, 0.0, 0.0, 0.0, 1.0],
                [0.586123, 0.449396, 0.674172, 0.124994, -0.024448, -0.82189, 0.569122, -0.002831, 0.809853, -0.350057, -0.470744, -1.2e-05, 0.0, 0.0, 0.0, 1.0],
                [0.586143, 0.449227, 0.674268, 0.124994, -0.024478, -0.822013, 0.568943, -0.002831, 0.809838, -0.349986, -0.470824, -1.2e-05, 0.0, 0.0, 0.0, 1.0],
                [0.586161, 0.449072, 0.674355, 0.124994, -0.024504, -0.822126, 0.568779, -0.002831, 0.809824, -0.34992, -0.470896, -1.2e-05, 0.0, 0.0, 0.0, 1.0],
                [0.586176, 0.448934, 0.674434, 0.124994, -0.024527, -0.822227, 0.568632, -0.002831, 0.809812, -0.34986, -0.470962, -1.2e-05, 0.0, 0.0, 0.0, 1.0],
                [0.586189, 0.448813, 0.674503, 0.124994, -0.024546, -0.822316, 0.568503, -0.002831, 0.809802, -0.349807, -0.471018, -1.2e-05, 0.0, 0.0, 0.0, 1.0],
                [0.5862, 0.44871, 0.674562, 0.124994, -0.024562, -0.822391, 0.568393, -0.002831, 0.809794, -0.349761, -0.471067, -1.2e-05, 0.0, 0.0, 0.0, 1.0],
                [0.586209, 0.448625, 0.67461, 0.124994, -0.024575, -0.822454, 0.568302, -0.002831, 0.809787, -0.349722, -0.471107, -1.2e-05, 0.0, 0.0, 0.0, 1.0],
                [0.586217, 0.448556, 0.67465, 0.124994, -0.024586, -0.822505, 0.568227, -0.002831, 0.809781, -0.349691, -0.47114, -1.2e-05, 0.0, 0.0, 0.0, 1.0],
                [0.586222, 0.448501, 0.674682, 0.124994, -0.024594, -0.822546, 0.568168, -0.002831, 0.809777, -0.349666, -0.471166, -1.2e-05, 0.0, 0.0, 0.0, 1.0],
                [0.586226, 0.44846, 0.674706, 0.124994, -0.0246, -0.822576, 0.568124, -0.002831, 0.809774, -0.349646, -0.471186, -1.2e-05, 0.0, 0.0, 0.0, 1.0],
                [0.586229, 0.44843, 0.674723, 0.124994, -0.024605, -0.822599, 0.568091, -0.002831, 0.809772, -0.349633, -0.4712, -1.2e-05, 0.0, 0.0, 0.0, 1.0],
                [0.586231, 0.44841, 0.674735, 0.124994, -0.024607, -0.822614, 0.568069, -0.002831, 0.80977, -0.349623, -0.47121, -1.2e-05, 0.0, 0.0, 0.0, 1.0],
                [0.586232, 0.448397, 0.674742, 0.124994, -0.024609, -0.822623, 0.568055, -0.002831, 0.809769, -0.349617, -0.471216, -1.2e-05, 0.0, 0.0, 0.0, 1.0],
                [0.586233, 0.448389, 0.674746, 0.124994, -0.02461, -0.822629, 0.568047, -0.002831, 0.809769, -0.349614, -0.47122, -1.2e-05, 0.0, 0.0, 0.0, 1.0],
                [0.586233, 0.448386, 0.674749, 0.124994, -0.024611, -0.822631, 0.568043, -0.002831, 0.809768, -0.349612, -0.471221, -1.2e-05, 0.0, 0.0, 0.0, 1.0],
                [0.586234, 0.448385, 0.674749, 0.124994, -0.024611, -0.822632, 0.568042, -0.002831, 0.809768, -0.349611, -0.471222, -1.2e-05, 0.0, 0.0, 0.0, 1.0],
                [0.586234, 0.448384, 0.674749, 0.124994, -0.024611, -0.822632, 0.568042, -0.002831, 0.809768, -0.349611, -0.471222, -1.2e-05, 0.0, 0.0, 0.0, 1.0],
                [0.586763, 0.448171, 0.67443, 0.124994, -0.024252, -0.822774, 0.567851, -0.002831, 0.809395, -0.34955, -0.471907, -1.2e-05, 0.0, 0.0, 0.0, 1.0],
                [0.588354, 0.447522, 0.673474, 0.124994, -0.023175, -0.823207, 0.567269, -0.002831, 0.808271, -0.349363, -0.473969, -1.2e-05, 0.0, 0.0, 0.0, 1.0],
                [0.591003, 0.446425, 0.671882, 0.124994, -0.021387, -0.82394, 0.566274, -0.002831, 0.806386, -0.34904, -0.477406, -1.2e-05, 0.0, 0.0, 0.0, 1.0],
                [0.594693, 0.444852, 0.669665, 0.124994, -0.018909, -0.824991, 0.56483, -0.002831, 0.80373, -0.348563, -0.482207, -1.2e-05, 0.0, 0.0, 0.0, 1.0],
                [0.599397, 0.442778, 0.66684, 0.124994, -0.015771, -0.826381, 0.562892, -0.002831, 0.800296, -0.347912, -0.48835, -1.2e-05, 0.0, 0.0, 0.0, 1.0],
                [0.605076, 0.440165, 0.663432, 0.124994, -0.012015, -0.828135, 0.560402, -0.002831, 0.796077, -0.347056, -0.495799, -1.2e-05, 0.0, 0.0, 0.0, 1.0],
                [0.611679, 0.436976, 0.659474, 0.124994, -0.007694, -0.83028, 0.557294, -0.002831, 0.791069, -0.345959, -0.504505, -1.2e-05, 0.0, 0.0, 0.0, 1.0],
                [0.619143, 0.433238, 0.654959, 0.124994, -0.002873, -0.832788, 0.553585, -0.002831, 0.785272, -0.34463, -0.514373, -1.2e-05, 0.0, 0.0, 0.0, 1.0],
                [0.627397, 0.428776, 0.650022, 0.124994, 0.002375, -0.835799, 0.549031, -0.002831, 0.778696, -0.342917, -0.525399, -1.2e-05, 0.0, 0.0, 0.0, 1.0],
                [0.636359, 0.423611, 0.644675, 0.124994, 0.007966, -0.839288, 0.54363, -0.002831, 0.771352, -0.340808, -0.537466, -1.2e-05, 0.0, 0.0, 0.0, 1.0],
                [0.645939, 0.417707, 0.638974, 0.124994, 0.013812, -0.843277, 0.537303, -0.002831, 0.763264, -0.338239, -0.550477, -1.2e-05, 0.0, 0.0, 0.0, 1.0],
                [0.656042, 0.411027, 0.632985, 0.124994, 0.019818, -0.847785, 0.529971, -0.002831, 0.754464, -0.335139, -0.564331, -1.2e-05, 0.0, 0.0, 0.0, 1.0],
                [0.666569, 0.403546, 0.62677, 0.124994, 0.025885, -0.852821, 0.521563, -0.002831, 0.744994, -0.331433, -0.578913, -1.2e-05, 0.0, 0.0, 0.0, 1.0],
                [0.677418, 0.395243, 0.620397, 0.124994, 0.031918, -0.858385, 0.512012, -0.002831, 0.734906, -0.327044, -0.594104, -1.2e-05, 0.0, 0.0, 0.0, 1.0],
                [0.688487, 0.38611, 0.613929, 0.124994, 0.03782, -0.864467, 0.501266, -0.002831, 0.724262, -0.321897, -0.60978, -1.2e-05, 0.0, 0.0, 0.0, 1.0],
                [0.699678, 0.376144, 0.607429, 0.124994, 0.043501, -0.871042, 0.489279, -0.002831, 0.713132, -0.315914, -0.625815, -1.2e-05, 0.0, 0.0, 0.0, 1.0],
                [0.710896, 0.365358, 0.600953, 0.124994, 0.048877, -0.878075, 0.476021, -0.002831, 0.701597, -0.309028, -0.642081, -1.2e-05, 0.0, 0.0, 0.0, 1.0],
                [0.722052, 0.35377, 0.594551, 0.124994, 0.053876, -0.885517, 0.461474, -0.002831, 0.689737, -0.301176, -0.658452, -1.2e-05, 0.0, 0.0, 0.0, 1.0],
                [0.733065, 0.341414, 0.588265, 0.124994, 0.058433, -0.893305, 0.445637, -0.002831, 0.677644, -0.292307, -0.674803, -1.2e-05, 0.0, 0.0, 0.0, 1.0],
                [0.743861, 0.328331, 0.582128, 0.124994, 0.062501, -0.901366, 0.428524, -0.002831, 0.665405, -0.282379, -0.691015, -1.2e-05, 0.0, 0.0, 0.0, 1.0],
                [0.754377, 0.314571, 0.576163, 0.124994, 0.066041, -0.909618, 0.410164, -0.002831, 0.653111, -0.271369, -0.706973, -1.2e-05, 0.0, 0.0, 0.0, 1.0],
                [0.764559, 0.300195, 0.570382, 0.124994, 0.06903, -0.917968, 0.390602, -0.002831, 0.640847, -0.259265, -0.722566, -1.2e-05, 0.0, 0.0, 0.0, 1.0],
                [0.774361, 0.28527, 0.564792, 0.124994, 0.071461, -0.92632, 0.369899, -0.002831, 0.628696, -0.246075, -0.737695, -1.2e-05, 0.0, 0.0, 0.0, 1.0],
                [0.783746, 0.269819, 0.559413, 0.124994, 0.073335, -0.934606, 0.348042, -0.002831, 0.616737, -0.231753, -0.752284, -1.2e-05, 0.0, 0.0, 0.0, 1.0],
                [0.792688, 0.254043, 0.554176, 0.124994, 0.074669, -0.942651, 0.325321, -0.002831, 0.605037, -0.216499, -0.7662, -1.2e-05, 0.0, 0.0, 0.0, 1.0],
                [0.801167, 0.237944, 0.549106, 0.124994, 0.075486, -0.950409, 0.301704, -0.002831, 0.593661, -0.200266, -0.7794, -1.2e-05, 0.0, 0.0, 0.0, 1.0],
                [0.809169, 0.221606, 0.544186, 0.124994, 0.075822, -0.957789, 0.277294, -0.002831, 0.582663, -0.183117, -0.791819, -1.2e-05, 0.0, 0.0, 0.0, 1.0],
                [0.816688, 0.205127, 0.539394, 0.124994, 0.075717, -0.964702, 0.252226, -0.002831, 0.57209, -0.16515, -0.803395, -1.2e-05, 0.0, 0.0, 0.0, 1.0],
                [0.823724, 0.188594, 0.534709, 0.124994, 0.075218, -0.971073, 0.226628, -0.002831, 0.56198, -0.14646, -0.814085, -1.2e-05, 0.0, 0.0, 0.0, 1.0],
                [0.830279, 0.172057, 0.530128, 0.124994, 0.074374, -0.976854, 0.20056, -0.002831, 0.552363, -0.127094, -0.823861, -1.2e-05, 0.0, 0.0, 0.0, 1.0],
                [0.836361, 0.155677, 0.525612, 0.124994, 0.07324, -0.981965, 0.1743, -0.002831, 0.543265, -0.107283, -0.832682, -1.2e-05, 0.0, 0.0, 0.0, 1.0],
                [0.841978, 0.13947, 0.521175, 0.124994, 0.071867, -0.986394, 0.147861, -0.002831, 0.534703, -0.087041, -0.840549, -1.2e-05, 0.0, 0.0, 0.0, 1.0],
                [0.847145, 0.123488, 0.516815, 0.124994, 0.070309, -0.990119, 0.121331, -0.002831, 0.526689, -0.06645, -0.84746, -1.2e-05, 0.0, 0.0, 0.0, 1.0],
                [0.851876, 0.107895, 0.512512, 0.124994, 0.068616, -0.993108, 0.09502, -0.002831, 0.51923, -0.04578, -0.853411, -1.2e-05, 0.0, 0.0, 0.0, 1.0],
                [0.856185, 0.092621, 0.508302, 0.124994, 0.066837, -0.995389, 0.068796, -0.002831, 0.512328, -0.02493, -0.858431, -1.2e-05, 0.0, 0.0, 0.0, 1.0],
                [0.860089, 0.077885, 0.504166, 0.124994, 0.065019, -0.996953, 0.043092, -0.002831, 0.505984, -0.004284, -0.862535, -1.2e-05, 0.0, 0.0, 0.0, 1.0],
                [0.863604, 0.063566, 0.500151, 0.124994, 0.063203, -0.997844, 0.017687, -0.002831, 0.500195, 0.016335, -0.865763, -1.2e-05, 0.0, 0.0, 0.0, 1.0],
                [0.866746, 0.049882, 0.496252, 0.124994, 0.061428, -0.998087, -0.006966, -0.002831, 0.494953, 0.03652, -0.868155, -1.2e-05, 0.0, 0.0, 0.0, 1.0],
                [0.869531, 0.036758, 0.49251, 0.124994, 0.059728, -0.997734, -0.030987, -0.002831, 0.490253, 0.05636, -0.86976, -1.2e-05, 0.0, 0.0, 0.0, 1.0],
                [0.871975, 0.024284, 0.48895, 0.124994, 0.058134, -0.996838, -0.054167, -0.002831, 0.486086, 0.075656, -0.870633, -1.2e-05, 0.0, 0.0, 0.0, 1.0],
                [0.874092, 0.012508, 0.485601, 0.124994, 0.056672, -0.995468, -0.076371, -0.002831, 0.482443, 0.094274, -0.870843, -1.2e-05, 0.0, 0.0, 0.0, 1.0],
                [0.875895, 0.001505, 0.482501, 0.124994, 0.055365, -0.993704, -0.097407, -0.002831, 0.479315, 0.112031, -0.870467, -1.2e-05, 0.0, 0.0, 0.0, 1.0],
                [0.877397, -0.008629, 0.47969, 0.124994, 0.05423, -0.991647, -0.117032, -0.002831, 0.476691, 0.128696, -0.869603, -1.2e-05, 0.0, 0.0, 0.0, 1.0],
                [0.878607, -0.017746, 0.477217, 0.124994, 0.053283, -0.989426, -0.134895, -0.002831, 0.474563, 0.143946, -0.868375, -1.2e-05, 0.0, 0.0, 0.0, 1.0],
                [0.879537, -0.025614, 0.475143, 0.124994, 0.052535, -0.987218, -0.150468, -0.002831, 0.472922, 0.157303, -0.866953, -1.2e-05, 0.0, 0.0, 0.0, 1.0],
                [0.880193, -0.031866, 0.473547, 0.124994, 0.051996, -0.985264, -0.162948, -0.002831, 0.471759, 0.168047, -0.865569, -1.2e-05, 0.0, 0.0, 0.0, 1.0],
                [0.880584, -0.035989, 0.472525, 0.124994, 0.051671, -0.983876, -0.171228, -0.002831, 0.471066, 0.175195, -0.864529, -1.2e-05, 0.0, 0.0, 0.0, 1.0],
                [0.880713, -0.037443, 0.472171, 0.124994, 0.051562, -0.983367, -0.174158, -0.002831, 0.470836, 0.177728, -0.864137, -1.2e-05, 0.0, 0.0, 0.0, 1.0],
                [0.880713, -0.037443, 0.472171, 0.124994, 0.051562, -0.983367, -0.174158, -0.002831, 0.470836, 0.177728, -0.864137, -1.2e-05, 0.0, 0.0, 0.0, 1.0]
            ]
        },
        {
            "name": "Leg_R",
            "time": [0.0, 0.0167, 0.0333, 0.05, 0.0667, 0.0833, 0.1, 0.1167, 0.1333, 0.15, 0.1667, 0.1833, 0.2, 0.2167, 0.2333, 0.25, 0.2667, 0.2833, 0.3, 0.3167, 0.3333, 0.35, 0.3667, 0.3833, 0.4, 0.4167, 0.4333, 0.45, 0.4667, 0.4833, 0.5, 0.5167, 0.5333, 0.55, 0.5667, 0.5833, 0.6, 0.6167, 0.6333, 0.65, 0.6667, 0.6833, 0.7, 0.7167, 0.7333, 0.75, 0.7667, 0.7833, 0.8, 0.8167, 0.8333, 0.85, 0.8667, 0.8833, 0.9, 0.9167, 0.9333, 0.95, 0.9667, 0.9833, 1.0, 1.0167, 1.0333, 1.05, 1.0667, 1.0833, 1.1, 1.1167, 1.1333, 1.15, 1.1667, 1.1833, 1.2, 1.2167, 1.2333, 1.25, 1.2667, 1.2833, 1.3, 1.3167, 1.3333, 1.35, 1.3667, 1.3833, 1.4, 1.4167, 1.4333, 1.45, 1.4667, 1.4833, 1.5, 1.5167, 1.5333, 1.55, 1.5667, 1.5833, 1.6, 1.6167, 1.6333, 1.65, 1.6667, 1.6833, 1.7, 1.7167, 1.7333, 1.75, 1.7667, 1.7833, 1.8, 2.0],
            "transform": [
                [1.0, -0.000136, -0.000123, -0.0, 0.00015, 0.992613, 0.121323, 0.375166, 0.000106, -0.121324, 0.992613, 0.0, 0.0, 0.0, 0.0, 1.0],
                [1.0, -0.000146, -0.000125, -0.0, 0.000161, 0.991424, 0.130684, 0.375166, 0.000105, -0.130685, 0.991424, 0.0, 0.0, 0.0, 0.0, 1.0],
                [1.0, -0.000174, -0.000129, 0.0, 0.000192, 0.98786, 0.155352, 0.375166, 0.0001, -0.155352, 0.987859, 0.0, 0.0, 0.0, 0.0, 1.0],
                [1.0, -0.000211, -0.000135, -0.0, 0.000233, 0.981959, 0.189098, 0.375166, 9.3e-05, -0.189097, 0.981958, 0.0, 0.0, 0.0, 0.0, 1.0],
                [1.0, -0.000254, -0.000144, -0.0, 0.00028, 0.973815, 0.227346, 0.375166, 8.3e-05, -0.227345, 0.973814, -0.0, 0.0, 0.0, 0.0, 1.0],
                [1.0, -0.000299, -0.000156, 0.0, 0.00033, 0.963573, 0.267446, 0.375166, 7e-05, -0.267445, 0.963573, -0.0, 0.0, 0.0, 0.0, 1.0],
                [1.0, -0.000344, -0.000169, 0.0, 0.00038, 0.951438, 0.307844, 0.375166, 5.5e-05, -0.307843, 0.951437, 0.0, 0.0, 0.0, 0.0, 1.0],
                [1.0, -0.000389, -0.000185, 0.0, 0.000429, 0.937667, 0.347538, 0.375166, 3.8e-05, -0.347536, 0.937666, 0.0, 0.0, 0.0, 0.0, 1.0],
                [1.0, -0.000431, -0.000202, 0.0, 0.000476, 0.922605, 0.385748, 0.375166, 2e-05, -0.385746, 0.922605, 0.0, 0.0, 0.0, 0.0, 1.0],
                [0.999999, -0.000472, -0.00022, 0.0, 0.000521, 0.906446, 0.422323, 0.375166, -0.0, -0.422321, 0.906445, 0.0, 0.0, 0.0, 0.0, 1.0],
                [1.0, -0.000511, -0.000238, 0.0, 0.000563, 0.889676, 0.456594, 0.375166, -2.1e-05, -0.456592, 0.889675, 0.0, 0.0, 0.0, 0.0, 1.0],
                [1.0, -0.000546, -0.000257, 0.0, 0.000602, 0.872769, 0.488136, 0.375166, -4.2e-05, -0.488133, 0.872768, 0.0, 0.0, 0.0, 0.0, 1.0],
                [1.0, -0.000578, -0.000276, -0.0, 0.000638, 0.855954, 0.517054, 0.375166, -6.3e-05, -0.517051, 0.855953, -0.0, 0.0, 0.0, 0.0, 1.0],
                [0.999999, -0.000607, -0.000294, -0.0, 0.00067, 0.839817, 0.542872, 0.375166, -8.2e-05, -0.542869, 0.839816, -0.0, 0.0, 0.0, 0.0, 1.0],
                [1.0, -0.000633, -0.000311, -0.0, 0.000698, 0.82465, 0.565645, 0.375166, -0.000101, -0.565641, 0.824649, -0.0, 0.0, 0.0, 0.0, 1.0],
                [1.0, -0.000654, -0.000327, 0.0, 0.000722, 0.810882, 0.585211, 0.375166, -0.000118, -0.585208, 0.810881, 0.0, 0.0, 0.0, 0.0, 1.0],
                [1.0, -0.000673, -0.00034, 0.0, 0.000742, 0.79878, 0.601626, 0.375166, -0.000133, -0.601622, 0.798778, 0.0, 0.0, 0.0, 0.0, 1.0],
                [1.0, -0.000688, -0.000351, -0.0, 0.000758, 0.788585, 0.614927, 0.375166, -0.000146, -0.614924, 0.788584, -0.0, 0.0, 0.0, 0.0, 1.0],
                [1.0, -0.000699, -0.000361, -0.0, 0.000771, 0.780511, 0.625145, 0.375166, -0.000156, -0.625141, 0.78051, 0.0, 0.0, 0.0, 0.0, 1.0],
                [1.0, -0.000707, -0.000367, -0.0, 0.00078, 0.774584, 0.632473, 0.375166, -0.000163, -0.632469, 0.774583, 0.0, 0.0, 0.0, 0.0, 1.0],
                [1.0, -0.000713, -0.000371, -0.0, 0.000786, 0.770658, 0.637251, 0.375166, -0.000168, -0.637248, 0.770657, 0.0, 0.0, 0.0, 0.0, 1.0],
                [1.0, -0.000715, -0.000373, 0.0, 0.000788, 0.768917, 0.639351, 0.375166, -0.00017, -0.639347, 0.768916, 0.0, 0.0, 0.0, 0.0, 1.0],
                [1.0, -0.000715, -0.000373, 0.0, 0.000788, 0.769079, 0.639155, 0.375166, -0.00017, -0.639152, 0.769078, -0.0, 0.0, 0.0, 0.0, 1.0],
                [1.0, -0.000712, -0.000371, -0.0, 0.000786, 0.770913, 0.636943, 0.375166, -0.000167, -0.636939, 0.770912, 0.0, 0.0, 0.0, 0.0, 1.0],
                [1.0, -0.000708, -0.000367, -0.0, 0.000781, 0.774261, 0.632869, 0.375166, -0.000163, -0.632866, 0.77426, 0.0, 0.0, 0.0, 0.0, 1.0],
                [1.0, -0.000702, -0.000363, 0.0, 0.000774, 0.778533, 0.627606, 0.375166, -0.000158, -0.627603, 0.778532, 0.0, 0.0, 0.0, 0.0, 1.0],
                [1.0, -0.000695, -0.000357, -0.0, 0.000766, 0.78353, 0.621356, 0.375166, -0.000152, -0.621353, 0.783529, -0.0, 0.0, 0.0, 0.0, 1.0],
                [1.0, -0.000687, -0.000351, -0.0, 0.000758, 0.788917, 0.614502, 0.375166, -0.000145, -0.614499, 0.788916, 0.0, 0.0, 0.0, 0.0, 1.0],
                [1.0, -0.000679, -0.000345, 0.0, 0.000749, 0.794378, 0.607426, 0.375166, -0.000139, -0.607423, 0.794377, 0.0, 0.0, 0.0, 0.0, 1.0],
                [1.0, -0.000672, -0.000339, 0.0, 0.000741, 0.799573, 0.600571, 0.375166, -0.000132, -0.600568, 0.799572, -0.0, 0.0, 0.0, 0.0, 1.0],
                [1.0, -0.000665, -0.000334, -0.0, 0.000733, 0.804217, 0.594337, 0.375166, -0.000126, -0.594334, 0.804216, 0.0, 0.0, 0.0, 0.0, 1.0],
                [1.0, -0.000659, -0.00033, 0.0, 0.000726, 0.80807, 0.589088, 0.375166, -0.000122, -0.589085, 0.808069, -0.0, 0.0, 0.0, 0.0, 1.0],
