{
    "animation": [
        {
            "name": "Root",
            "time": [0.0, 0.0167, 0.0333, 0.05, 0.0667, 0.0833, 0.1, 0.1167, 0.1333, 0.15, 0.1667, 0.1833, 0.2, 0.2167, 0.2333, 0.25, 0.2667, 0.2833, 0.3, 0.3167, 0.3333, 0.35, 0.3667, 0.3833, 0.4, 0.4167, 0.4333, 0.45, 0.4667, 0.4833, 0.5, 0.5167, 0.5333, 0.55, 0.5667, 0.5833, 0.6, 0.6167, 0.6333, 0.65, 0.6667, 0.6833, 0.7, 0.7167, 0.7333, 0.75, 0.7667, 0.7833, 0.8, 0.8167, 0.8333, 0.85, 0.8667, 0.8833, 0.9, 0.9167, 0.9333, 0.95, 0.9667, 0.9833, 1.0, 1.0167, 1.0333, 1.05, 1.0667, 1.0833, 1.1, 1.1167, 1.1333, 1.15, 1.1667, 1.1833, 1.2, 1.2167, 1.2333, 1.25, 1.2667, 1.2833, 1.3, 1.3167, 1.3333, 1.35, 1.3667, 1.3833, 1.4, 1.4167, 1.4333, 1.45, 1.4667, 1.4833, 1.5, 1.5167, 1.5333, 1.55, 1.5667, 1.5833, 1.6, 1.6167, 1.6333, 1.65, 1.6667, 1.6833, 1.7, 1.7167, 1.7333, 1.75, 1.7667, 1.7833, 1.8, 1.8167, 1.8333, 1.85, 1.8667, 1.8833, 1.9, 1.9167, 1.9333, 1.95, 1.9667, 1.9833, 2.0, 2.0167, 2.0333, 2.05, 2.0667, 2.0833, 2.1, 2.1167, 2.1333, 2.15, 2.1667, 2.1833, 2.2, 2.2167, 2.2333, 2.25, 2.2667, 2.2833, 2.3, 2.3167, 2.3333, 2.35, 2.3667, 2.3833, 2.4, 2.4167, 2.4333, 2.45, 2.4667, 2.4833, 2.5, 2.5167, 2.5333, 2.55, 2.5667, 2.5833, 2.6, 2.6167, 2.6333, 2.65, 2.6667, 2.6833, 2.7, 2.7167, 2.7333, 2.75, 2.7667, 2.7833, 2.8, 2.8167, 2.8333, 2.85, 2.8667, 2.8833, 2.9, 2.9167, 2.9333, 2.95, 2.9667, 2.9833, 3.0, 3.0167, 3.0333, 3.05, 3.0667, 3.0833, 3.1, 3.1167, 3.1333, 3.15, 3.1667, 3.1833, 3.2, 3.2167, 3.2333, 3.25, 3.2667, 3.2833, 3.3, 3.3167, 3.3333, 3.35, 3.3667, 3.3833, 3.4, 3.4167, 3.4333, 3.45, 3.4667, 3.4833, 3.5, 3.5167, 3.5333, 3.55, 3.5667, 3.5833, 3.6, 3.6167, 3.6333, 3.65, 3.6667, 3.6833, 3.7, 3.7167, 3.7333, 3.75, 3.7667, 3.7833, 3.8, 3.8167, 3.8333, 3.85, 3.8667, 3.8833, 3.9, 3.9167, 3.9333, 3.95, 3.9667, 3.9833, 4.0],
            "transform": [
                [0.990031, 0.0, -0.140847, 0.014911, -0.140847, 0.0, -0.990031, -0.004564, 0.0, 1.0, 0.0, 0.739346, 0.0, 0.0, 0.0, 1.0],
                [0.99001, 1.8e-05, -0.141, 0.01491, -0.141, -2e-06, -0.99001, -0.004566, -1.8e-05, 1.0, 0.0, 0.739346, 0.0, 0.0, 0.0, 1.0],
                [0.989945, 6.9e-05, -0.141452, 0.014908, -0.141452, -1e-05, -0.989945, -0.004572, -7e-05, 1.0, 0.0, 0.739345, 0.0, 0.0, 0.0, 1.0],
                [0.989839, 0.000154, -0.142193, 0.014903, -0.142192, -2.2e-05, -0.989839, -0.004582, -0.000156, 1.0, 0.0, 0.739344, 0.0, 0.0, 0.0, 1.0],
                [0.989692, 0.000271, -0.143211, 0.014898, -0.143211, -3.9e-05, -0.989692, -0.004596, -0.000273, 1.0, 0.0, 0.739342, 0.0, 0.0, 0.0, 1.0],
                [0.989505, 0.000418, -0.144498, 0.01489, -0.144498, -6e-05, -0.989505, -0.004614, -0.000422, 1.0, 1e-06, 0.73934, 0.0, 0.0, 0.0, 1.0],
                [0.989278, 0.000595, -0.146042, 0.014881, -0.146042, -8.6e-05, -0.989278, -0.004636, -0.000601, 1.0, 2e-06, 0.739338, 0.0, 0.0, 0.0, 1.0],
                [0.989012, 0.0008, -0.147833, 0.014871, -0.147833, -0.000117, -0.989012, -0.004661, -0.000808, 1.0, 3e-06, 0.739335, 0.0, 0.0, 0.0, 1.0],
                [0.988707, 0.001032, -0.149861, 0.01486, -0.149861, -0.000152, -0.988707, -0.004691, -0.001043, 0.999999, 5e-06, 0.739332, 0.0, 0.0, 0.0, 1.0],
                [0.988362, 0.00129, -0.152115, 0.014847, -0.152115, -0.000191, -0.988363, -0.004725, -0.001304, 0.999999, 7e-06, 0.739328, 0.0, 0.0, 0.0, 1.0],
                [0.987978, 0.001573, -0.154585, 0.014833, -0.154585, -0.000235, -0.98798, -0.004763, -0.00159, 0.999999, 1.1e-05, 0.739324, 0.0, 0.0, 0.0, 1.0],
                [0.987556, 0.001879, -0.157259, 0.014817, -0.157259, -0.000283, -0.987557, -0.004805, -0.0019, 0.999998, 1.6e-05, 0.739319, 0.0, 0.0, 0.0, 1.0],
                [0.987094, 0.002207, -0.160129, 0.014801, -0.160128, -0.000336, -0.987096, -0.004851, -0.002233, 0.999997, 2.2e-05, 0.739314, 0.0, 0.0, 0.0, 1.0],
                [0.986593, 0.002557, -0.163182, 0.014783, -0.163182, -0.000393, -0.986596, -0.0049, -0.002587, 0.999997, 2.9e-05, 0.739309, 0.0, 0.0, 0.0, 1.0],
                [0.986053, 0.002926, -0.166409, 0.014765, -0.166408, -0.000455, -0.986057, -0.004953, -0.002961, 0.999996, 3.8e-05, 0.739303, 0.0, 0.0, 0.0, 1.0],
                [0.985473, 0.003314, -0.169799, 0.014745, -0.169798, -0.000521, -0.985479, -0.00501, -0.003355, 0.999994, 4.9e-05, 0.739296, 0.0, 0.0, 0.0, 1.0],
                [0.984855, 0.00372, -0.173341, 0.014725, -0.17334, -0.000592, -0.984862, -0.00507, -0.003766, 0.999993, 6.2e-05, 0.73929, 0.0, 0.0, 0.0, 1.0],
                [0.984198, 0.004142, -0.177025, 0.014704, -0.177024, -0.000667, -0.984206, -0.005133, -0.004194, 0.999991, 7.7e-05, 0.739283, 0.0, 0.0, 0.0, 1.0],
                [0.983502, 0.004579, -0.180841, 0.014682, -0.180839, -0.000746, -0.983512, -0.0052, -0.004638, 0.999989, 9.4e-05, 0.739275, 0.0, 0.0, 0.0, 1.0],
                [0.982768, 0.005029, -0.184777, 0.01466, -0.184775, -0.00083, -0.98278, -0.00527, -0.005096, 0.999987, 0.000113, 0.739268, 0.0, 0.0, 0.0, 1.0],
                [0.981996, 0.005492, -0.188823, 0.014637, -0.188821, -0.000918, -0.982011, -0.005342, -0.005567, 0.999985, 0.000135, 0.73926, 0.0, 0.0, 0.0, 1.0],
                [0.981187, 0.005967, -0.192969, 0.014613, -0.192966, -0.00101, -0.981205, -0.005417, -0.00605, 0.999982, 0.00016, 0.739252, 0.0, 0.0, 0.0, 1.0],
                [0.980341, 0.006452, -0.197204, 0.014589, -0.197201, -0.001107, -0.980363, -0.005494, -0.006543, 0.999979, 0.000187, 0.739243, 0.0, 0.0, 0.0, 1.0],
                [0.97946, 0.006946, -0.201517, 0.014564, -0.201513, -0.001207, -0.979485, -0.005574, -0.007046, 0.999975, 0.000217, 0.739234, 0.0, 0.0, 0.0, 1.0],
                [0.978545, 0.007447, -0.205898, 0.014539, -0.205894, -0.001312, -0.978574, -0.005656, -0.007558, 0.999971, 0.00025, 0.739225, 0.0, 0.0, 0.0, 1.0],
                [0.977597, 0.007955, -0.210336, 0.014513, -0.210332, -0.00142, -0.977629, -0.005739, -0.008076, 0.999967, 0.000285, 0.739216, 0.0, 0.0, 0.0, 1.0],
                [0.976617, 0.008469, -0.214821, 0.014488, -0.214816, -0.001532, -0.976653, -0.005823, -0.0086, 0.999963, 0.000323, 0.739207, 0.0, 0.0, 0.0, 1.0],
                [0.975606, 0.008986, -0.219343, 0.014462, -0.219337, -0.001647, -0.975648, -0.005909, -0.009129, 0.999958, 0.000365, 0.739198, 0.0, 0.0, 0.0, 1.0],
                [0.974568, 0.009507, -0.223891, 0.014436, -0.223884, -0.001765, -0.974614, -0.005995, -0.009661, 0.999953, 0.000408, 0.739188, 0.0, 0.0, 0.0, 1.0],
                [0.973503, 0.010029, -0.228454, 0.01441, -0.228446, -0.001886, -0.973555, -0.006082, -0.010195, 0.999948, 0.000455, 0.739179, 0.0, 0.0, 0.0, 1.0],
                [0.972414, 0.010552, -0.233022, 0.014384, -0.233014, -0.00201, -0.972471, -0.006169, -0.01073, 0.999942, 0.000504, 0.739169, 0.0, 0.0, 0.0, 1.0],
                [0.971304, 0.011075, -0.237585, 0.014357, -0.237576, -0.002137, -0.971367, -0.006256, -0.011265, 0.999936, 0.000556, 0.73916, 0.0, 0.0, 0.0, 1.0],
                [0.970174, 0.011595, -0.242133, 0.014331, -0.242123, -0.002265, -0.970243, -0.006342, -0.011799, 0.99993, 0.00061, 0.73915, 0.0, 0.0, 0.0, 1.0],
                [0.969028, 0.012113, -0.246655, 0.014306, -0.246644, -0.002396, -0.969103, -0.006428, -0.01233, 0.999924, 0.000666, 0.739141, 0.0, 0.0, 0.0, 1.0],
                [0.967868, 0.012627, -0.251141, 0.01428, -0.251129, -0.002528, -0.96795, -0.006512, -0.012857, 0.999917, 0.000724, 0.739132, 0.0, 0.0, 0.0, 1.0],
                [0.966698, 0.013135, -0.255581, 0.014254, -0.255568, -0.002661, -0.966787, -0.006596, -0.013379, 0.99991, 0.000784, 0.739122, 0.0, 0.0, 0.0, 1.0],
                [0.965522, 0.013637, -0.259965, 0.014229, -0.259951, -0.002795, -0.965618, -0.006678, -0.013895, 0.999903, 0.000846, 0.739113, 0.0, 0.0, 0.0, 1.0],
                [0.964342, 0.014131, -0.264283, 0.014205, -0.264268, -0.002929, -0.964445, -0.006758, -0.014403, 0.999896, 0.00091, 0.739105, 0.0, 0.0, 0.0, 1.0],
                [0.963162, 0.014617, -0.268525, 0.01418, -0.268509, -0.003063, -0.963272, -0.006835, -0.014903, 0.999888, 0.000974, 0.739096, 0.0, 0.0, 0.0, 1.0],
                [0.961986, 0.015093, -0.272681, 0.014157, -0.272665, -0.003197, -0.962104, -0.006911, -0.015393, 0.999881, 0.00104, 0.739088, 0.0, 0.0, 0.0, 1.0],
                [0.960818, 0.015557, -0.276742, 0.014133, -0.276724, -0.00333, -0.960944, -0.006984, -0.015871, 0.999873, 0.001106, 0.73908, 0.0, 0.0, 0.0, 1.0],
                [0.959663, 0.01601, -0.280697, 0.014111, -0.280678, -0.003461, -0.959796, -0.007054, -0.016338, 0.999866, 0.001172, 0.739072, 0.0, 0.0, 0.0, 1.0],
                [0.958524, 0.01645, -0.284537, 0.014089, -0.284517, -0.003591, -0.958664, -0.007122, -0.016792, 0.999858, 0.001238, 0.739065, 0.0, 0.0, 0.0, 1.0],
                [0.957406, 0.016875, -0.288252, 0.014067, -0.288231, -0.003718, -0.957554, -0.007186, -0.017231, 0.999851, 0.001304, 0.739058, 0.0, 0.0, 0.0, 1.0],
                [0.956313, 0.017285, -0.291833, 0.014047, -0.29181, -0.003842, -0.956468, -0.007247, -0.017654, 0.999843, 0.001369, 0.739051, 0.0, 0.0, 0.0, 1.0],
                [0.955251, 0.017679, -0.295269, 0.014027, -0.295246, -0.003963, -0.955413, -0.007304, -0.018061, 0.999836, 0.001434, 0.739045, 0.0, 0.0, 0.0, 1.0],
                [0.954222, 0.018054, -0.298552, 0.014008, -0.298528, -0.00408, -0.954392, -0.007359, -0.018449, 0.999829, 0.001496, 0.739039, 0.0, 0.0, 0.0, 1.0],
                [0.953234, 0.018412, -0.301673, 0.013991, -0.301648, -0.004192, -0.95341, -0.007409, -0.018819, 0.999822, 0.001557, 0.739033, 0.0, 0.0, 0.0, 1.0],
                [0.952289, 0.018749, -0.304621, 0.013974, -0.304595, -0.0043, -0.952472, -0.007456, -0.019168, 0.999815, 0.001616, 0.739028, 0.0, 0.0, 0.0, 1.0],
                [0.951394, 0.019066, -0.307387, 0.013958, -0.30736, -0.004402, -0.951583, -0.007499, -0.019496, 0.999809, 0.001672, 0.739023, 0.0, 0.0, 0.0, 1.0],
                [0.950552, 0.019361, -0.309962, 0.013943, -0.309934, -0.004497, -0.950747, -0.007539, -0.019801, 0.999802, 0.001726, 0.739019, 0.0, 0.0, 0.0, 1.0],
                [0.949769, 0.019632, -0.312336, 0.01393, -0.312308, -0.004586, -0.94997, -0.007574, -0.020083, 0.999797, 0.001775, 0.739015, 0.0, 0.0, 0.0, 1.0],
                [0.949049, 0.01988, -0.314501, 0.013917, -0.314472, -0.004668, -0.949255, -0.007606, -0.02034, 0.999791, 0.001822, 0.739011, 0.0, 0.0, 0.0, 1.0],
                [0.948397, 0.020103, -0.316447, 0.013906, -0.316417, -0.004742, -0.948608, -0.007634, -0.02057, 0.999787, 0.001863, 0.739008, 0.0, 0.0, 0.0, 1.0],
                [0.947818, 0.0203, -0.318164, 0.013896, -0.318133, -0.004808, -0.948034, -0.007658, -0.020774, 0.999782, 0.001901, 0.739006, 0.0, 0.0, 0.0, 1.0],
                [0.947317, 0.020469, -0.319643, 0.013888, -0.319611, -0.004865, -0.947536, -0.007678, -0.02095, 0.999779, 0.001933, 0.739003, 0.0, 0.0, 0.0, 1.0],
                [0.946898, 0.02061, -0.320874, 0.013881, -0.320842, -0.004913, -0.94712, -0.007695, -0.021096, 0.999776, 0.001961, 0.739001, 0.0, 0.0, 0.0, 1.0],
                [0.946564, 0.020721, -0.321849, 0.013875, -0.321817, -0.00495, -0.946789, -0.007708, -0.021212, 0.999773, 0.001983, 0.739, 0.0, 0.0, 0.0, 1.0],
                [0.946322, 0.020802, -0.322557, 0.013871, -0.322524, -0.004978, -0.946548, -0.007717, -0.021296, 0.999771, 0.001998, 0.738999, 0.0, 0.0, 0.0, 1.0],
                [0.946173, 0.020852, -0.322989, 0.013869, -0.322956, -0.004995, -0.946401, -0.007722, -0.021348, 0.99977, 0.002008, 0.738998, 0.0, 0.0, 0.0, 1.0],
                [0.946123, 0.020869, -0.323135, 0.013868, -0.323102, -0.005001, -0.946351, -0.007724, -0.021365, 0.99977, 0.002011, 0.738998, 0.0, 0.0, 0.0, 1.0],
                [0.947135, 0.02053, -0.320177, 0.013885, -0.320146, -0.004886, -0.947356, -0.007673, -0.021013, 0.999777, 0.001945, 0.739004, 0.0, 0.0, 0.0, 1.0],
                [0.948139, 0.020191, -0.317216, 0.013902, -0.317185, -0.004772, -0.948352, -0.007622, -0.020662, 0.999785, 0.00188, 0.739009, 0.0, 0.0, 0.0, 1.0],
                [0.949133, 0.019852, -0.314251, 0.013919, -0.314221, -0.004659, -0.949338, -0.007571, -0.02031, 0.999792, 0.001816, 0.739015, 0.0, 0.0, 0.0, 1.0],
                [0.950117, 0.019512, -0.311282, 0.013936, -0.311254, -0.004547, -0.950316, -0.007519, -0.019958, 0.999799, 0.001753, 0.739021, 0.0, 0.0, 0.0, 1.0],
                [0.951093, 0.019172, -0.30831, 0.013953, -0.308283, -0.004436, -0.951284, -0.007468, -0.019605, 0.999806, 0.001691, 0.739026, 0.0, 0.0, 0.0, 1.0],
                [0.952059, 0.018831, -0.305335, 0.01397, -0.305309, -0.004326, -0.952244, -0.007417, -0.019252, 0.999813, 0.001631, 0.739032, 0.0, 0.0, 0.0, 1.0],
                [0.953016, 0.01849, -0.302357, 0.013987, -0.302331, -0.004217, -0.953194, -0.007365, -0.0189, 0.99982, 0.001571, 0.739038, 0.0, 0.0, 0.0, 1.0],
                [0.953963, 0.018149, -0.299375, 0.014004, -0.29935, -0.00411, -0.954134, -0.007314, -0.018546, 0.999827, 0.001512, 0.739043, 0.0, 0.0, 0.0, 1.0],
                [0.954901, 0.017807, -0.296389, 0.014021, -0.296366, -0.004003, -0.955066, -0.007263, -0.018193, 0.999833, 0.001455, 0.739049, 0.0, 0.0, 0.0, 1.0],
                [0.95583, 0.017465, -0.293401, 0.014038, -0.293379, -0.003897, -0.955988, -0.007211, -0.017839, 0.99984, 0.001399, 0.739055, 0.0, 0.0, 0.0, 1.0],
                [0.956749, 0.017122, -0.290409, 0.014055, -0.290388, -0.003793, -0.956902, -0.007159, -0.017486, 0.999846, 0.001343, 0.73906, 0.0, 0.0, 0.0, 1.0],
                [0.957659, 0.016779, -0.287415, 0.014072, -0.287394, -0.003689, -0.957805, -0.007108, -0.017132, 0.999852, 0.001289, 0.739066, 0.0, 0.0, 0.0, 1.0],
                [0.95856, 0.016436, -0.284417, 0.014089, -0.284397, -0.003587, -0.9587, -0.007056, -0.016777, 0.999858, 0.001236, 0.739072, 0.0, 0.0, 0.0, 1.0],
                [0.959451, 0.016093, -0.281416, 0.014107, -0.281397, -0.003486, -0.959585, -0.007004, -0.016423, 0.999864, 0.001184, 0.739077, 0.0, 0.0, 0.0, 1.0],
                [0.960333, 0.015749, -0.278412, 0.014124, -0.278394, -0.003385, -0.960461, -0.006952, -0.016069, 0.99987, 0.001133, 0.739083, 0.0, 0.0, 0.0, 1.0],
                [0.961205, 0.015404, -0.275405, 0.014141, -0.275388, -0.003286, -0.961328, -0.006901, -0.015714, 0.999876, 0.001084, 0.739089, 0.0, 0.0, 0.0, 1.0],
                [0.962068, 0.01506, -0.272395, 0.014158, -0.272379, -0.003188, -0.962185, -0.006849, -0.015359, 0.999882, 0.001035, 0.739094, 0.0, 0.0, 0.0, 1.0],
                [0.962921, 0.014715, -0.269383, 0.014175, -0.269367, -0.003091, -0.963033, -0.006797, -0.015004, 0.999887, 0.000987, 0.7391, 0.0, 0.0, 0.0, 1.0],
                [0.963765, 0.01437, -0.266367, 0.014193, -0.266352, -0.002995, -0.963871, -0.006745, -0.014648, 0.999892, 0.000941, 0.739106, 0.0, 0.0, 0.0, 1.0],
                [0.964599, 0.014024, -0.263349, 0.01421, -0.263334, -0.0029, -0.9647, -0.006693, -0.014293, 0.999897, 0.000896, 0.739111, 0.0, 0.0, 0.0, 1.0],
                [0.965423, 0.013678, -0.260328, 0.014227, -0.260314, -0.002806, -0.96552, -0.00664, -0.013937, 0.999902, 0.000852, 0.739117, 0.0, 0.0, 0.0, 1.0],
                [0.966239, 0.013332, -0.257304, 0.014245, -0.257291, -0.002713, -0.96633, -0.006588, -0.013581, 0.999907, 0.000809, 0.739123, 0.0, 0.0, 0.0, 1.0],
                [0.967044, 0.012986, -0.254277, 0.014262, -0.254265, -0.002622, -0.967131, -0.006536, -0.013226, 0.999912, 0.000767, 0.739129, 0.0, 0.0, 0.0, 1.0],
                [0.96784, 0.012639, -0.251249, 0.014279, -0.251237, -0.002531, -0.967922, -0.006484, -0.012869, 0.999917, 0.000726, 0.739134, 0.0, 0.0, 0.0, 1.0],
                [0.968626, 0.012292, -0.248217, 0.014297, -0.248206, -0.002442, -0.968704, -0.006431, -0.012513, 0.999922, 0.000686, 0.73914, 0.0, 0.0, 0.0, 1.0],
                [0.969403, 0.011945, -0.245183, 0.014314, -0.245172, -0.002353, -0.969477, -0.006379, -0.012157, 0.999926, 0.000647, 0.739146, 0.0, 0.0, 0.0, 1.0],
                [0.97017, 0.011597, -0.242146, 0.014331, -0.242136, -0.002266, -0.97024, -0.006326, -0.0118, 0.99993, 0.00061, 0.739152, 0.0, 0.0, 0.0, 1.0],
                [0.970928, 0.011249, -0.239107, 0.014349, -0.239098, -0.00218, -0.970993, -0.006274, -0.011444, 0.999934, 0.000573, 0.739158, 0.0, 0.0, 0.0, 1.0],
                [0.971676, 0.010901, -0.236066, 0.014366, -0.236057, -0.002094, -0.971737, -0.006221, -0.011087, 0.999938, 0.000538, 0.739163, 0.0, 0.0, 0.0, 1.0],
                [0.972414, 0.010552, -0.233022, 0.014384, -0.233014, -0.00201, -0.972471, -0.006169, -0.01073, 0.999942, 0.000504, 0.739169, 0.0, 0.0, 0.0, 1.0],
                [0.973143, 0.010204, -0.229976, 0.014401, -0.229968, -0.001927, -0.973196, -0.006116, -0.010373, 0.999946, 0.000471, 0.739175, 0.0, 0.0, 0.0, 1.0],
                [0.973862, 0.009855, -0.226928, 0.014418, -0.22692, -0.001845, -0.973912, -0.006063, -0.010016, 0.99995, 0.000439, 0.739181, 0.0, 0.0, 0.0, 1.0],
                [0.974571, 0.009505, -0.223877, 0.014436, -0.22387, -0.001765, -0.974617, -0.00601, -0.009659, 0.999953, 0.000408, 0.739187, 0.0, 0.0, 0.0, 1.0],
                [0.975271, 0.009156, -0.220824, 0.014453, -0.220818, -0.001685, -0.975313, -0.005958, -0.009302, 0.999957, 0.000379, 0.739192, 0.0, 0.0, 0.0, 1.0],
                [0.97596, 0.008806, -0.21777, 0.014471, -0.217764, -0.001606, -0.976, -0.005905, -0.008945, 0.99996, 0.00035, 0.739198, 0.0, 0.0, 0.0, 1.0],
                [0.976641, 0.008456, -0.214713, 0.014488, -0.214708, -0.001529, -0.976677, -0.005852, -0.008587, 0.999963, 0.000323, 0.739204, 0.0, 0.0, 0.0, 1.0],
                [0.977311, 0.008106, -0.211654, 0.014506, -0.211649, -0.001452, -0.977345, -0.005799, -0.00823, 0.999966, 0.000296, 0.73921, 0.0, 0.0, 0.0, 1.0],
                [0.977972, 0.007756, -0.208593, 0.014523, -0.208589, -0.001377, -0.978002, -0.005746, -0.007872, 0.999969, 0.000271, 0.739216, 0.0, 0.0, 0.0, 1.0],
                [0.978623, 0.007405, -0.20553, 0.014541, -0.205526, -0.001303, -0.978651, -0.005693, -0.007515, 0.999972, 0.000247, 0.739222, 0.0, 0.0, 0.0, 1.0],
                [0.979264, 0.007054, -0.202466, 0.014558, -0.202462, -0.00123, -0.979289, -0.005639, -0.007157, 0.999974, 0.000224, 0.739227, 0.0, 0.0, 0.0, 1.0],
                [0.979895, 0.006703, -0.199399, 0.014576, -0.199396, -0.001158, -0.979918, -0.005586, -0.006799, 0.999977, 0.000202, 0.739233, 0.0, 0.0, 0.0, 1.0],
                [0.980517, 0.006352, -0.196331, 0.014594, -0.196328, -0.001087, -0.980538, -0.005533, -0.006442, 0.999979, 0.000181, 0.739239, 0.0, 0.0, 0.0, 1.0],
                [0.981129, 0.006, -0.193261, 0.014611, -0.193258, -0.001017, -0.981147, -0.00548, -0.006084, 0.999981, 0.000162, 0.739245, 0.0, 0.0, 0.0, 1.0],
                [0.981731, 0.005649, -0.190189, 0.014629, -0.190187, -0.000948, -0.981748, -0.005426, -0.005726, 0.999984, 0.000143, 0.739251, 0.0, 0.0, 0.0, 1.0],
                [0.982324, 0.005297, -0.187115, 0.014646, -0.187113, -0.000881, -0.982338, -0.005373, -0.005368, 0.999986, 0.000126, 0.739257, 0.0, 0.0, 0.0, 1.0],
                [0.982906, 0.004945, -0.18404, 0.014664, -0.184039, -0.000814, -0.982919, -0.005319, -0.00501, 0.999987, 0.00011, 0.739263, 0.0, 0.0, 0.0, 1.0],
                [0.983479, 0.004593, -0.180964, 0.014682, -0.180962, -0.000749, -0.98349, -0.005266, -0.004652, 0.999989, 9.5e-05, 0.739269, 0.0, 0.0, 0.0, 1.0],
                [0.984042, 0.00424, -0.177886, 0.014699, -0.177884, -0.000685, -0.984051, -0.005212, -0.004294, 0.999991, 8.1e-05, 0.739274, 0.0, 0.0, 0.0, 1.0],
                [0.984595, 0.003888, -0.174806, 0.014717, -0.174805, -0.000621, -0.984603, -0.005158, -0.003936, 0.999992, 6.8e-05, 0.73928, 0.0, 0.0, 0.0, 1.0],
                [0.985139, 0.003535, -0.171725, 0.014734, -0.171724, -0.000559, -0.985145, -0.005105, -0.003579, 0.999994, 5.6e-05, 0.739286, 0.0, 0.0, 0.0, 1.0],
                [0.985672, 0.003182, -0.168643, 0.014752, -0.168642, -0.000498, -0.985677, -0.005051, -0.003221, 0.999995, 4.5e-05, 0.739292, 0.0, 0.0, 0.0, 1.0],
                [0.986196, 0.002829, -0.165559, 0.01477, -0.165559, -0.000439, -0.9862, -0.004997, -0.002863, 0.999996, 3.6e-05, 0.739298, 0.0, 0.0, 0.0, 1.0],
                [0.98671, 0.002476, -0.162474, 0.014787, -0.162474, -0.00038, -0.986713, -0.004943, -0.002505, 0.999997, 2.7e-05, 0.739304, 0.0, 0.0, 0.0, 1.0],
                [0.987214, 0.002123, -0.159388, 0.014805, -0.159388, -0.000322, -0.987216, -0.004889, -0.002147, 0.999998, 2e-05, 0.73931, 0.0, 0.0, 0.0, 1.0],
                [0.987708, 0.001769, -0.1563, 0.014823, -0.1563, -0.000266, -0.98771, -0.004835, -0.001789, 0.999998, 1.4e-05, 0.739316, 0.0, 0.0, 0.0, 1.0],
                [0.988192, 0.001416, -0.153212, 0.01484, -0.153212, -0.00021, -0.988193, -0.004781, -0.001431, 0.999999, 9e-06, 0.739322, 0.0, 0.0, 0.0, 1.0],
                [0.988667, 0.001062, -0.150122, 0.014858, -0.150122, -0.000156, -0.988667, -0.004727, -0.001073, 0.999999, 5e-06, 0.739328, 0.0, 0.0, 0.0, 1.0],
                [0.989132, 0.000708, -0.147031, 0.014876, -0.147031, -0.000103, -0.989132, -0.004673, -0.000715, 1.0, 2e-06, 0.739334, 0.0, 0.0, 0.0, 1.0],
                [0.989586, 0.000354, -0.14394, 0.014893, -0.14394, -5.1e-05, -0.989586, -0.004619, -0.000358, 1.0, 1e-06, 0.73934, 0.0, 0.0, 0.0, 1.0],
                [0.990031, 0.0, -0.140847, 0.014911, -0.140847, 0.0, -0.990031, -0.004564, 0.0, 1.0, 0.0, 0.739346, 0.0, 0.0, 0.0, 1.0],
                [0.990015, -0.000592, -0.140959, 0.014941, -0.140959, 8.4e-05, -0.990015, -0.004521, 0.000598, 1.0, -0.0, 0.739346, 0.0, 0.0, 0.0, 1.0],
                [0.989967, -0.001188, -0.14129, 0.014971, -0.14129, 0.000169, -0.989968, -0.004477, 0.0012, 0.999999, -0.0, 0.739346, 0.0, 0.0, 0.0, 1.0],
                [0.989889, -0.001786, -0.141833, 0.015001, -0.141833, 0.000255, -0.989891, -0.004433, 0.001804, 0.999998, -1e-06, 0.739346, 0.0, 0.0, 0.0, 1.0],
                [0.98978, -0.002387, -0.14258, 0.015031, -0.14258, 0.000342, -0.989783, -0.004388, 0.002412, 0.999997, -2e-06, 0.739346, 0.0, 0.0, 0.0, 1.0],
                [0.989642, -0.00299, -0.143523, 0.015061, -0.143523, 0.00043, -0.989647, -0.004342, 0.003021, 0.999995, -4e-06, 0.739346, 0.0, 0.0, 0.0, 1.0],
                [0.989476, -0.003595, -0.144655, 0.015091, -0.144654, 0.000518, -0.989482, -0.004297, 0.003632, 0.999993, -7e-06, 0.739346, 0.0, 0.0, 0.0, 1.0],
                [0.98928, -0.004201, -0.145968, 0.015121, -0.145967, 0.000609, -0.989289, -0.00425, 0.004244, 0.999991, -1.1e-05, 0.739346, 0.0, 0.0, 0.0, 1.0],
                [0.989057, -0.004807, -0.147455, 0.015152, -0.147453, 0.0007, -0.989069, -0.004203, 0.004857, 0.999988, -1.6e-05, 0.739346, 0.0, 0.0, 0.0, 1.0],
                [0.988806, -0.005413, -0.149107, 0.015182, -0.149105, 0.000793, -0.988821, -0.004156, 0.005471, 0.999985, -2.3e-05, 0.739347, 0.0, 0.0, 0.0, 1.0],
                [0.988528, -0.006019, -0.150918, 0.015212, -0.150915, 0.000888, -0.988546, -0.004109, 0.006084, 0.999981, -3.1e-05, 0.739347, 0.0, 0.0, 0.0, 1.0],
                [0.988223, -0.006624, -0.152879, 0.015242, -0.152876, 0.000984, -0.988245, -0.004061, 0.006697, 0.999978, -4.1e-05, 0.739347, 0.0, 0.0, 0.0, 1.0],
                [0.987891, -0.007228, -0.154983, 0.015273, -0.154979, 0.001081, -0.987917, -0.004013, 0.007308, 0.999973, -5.2e-05, 0.739347, 0.0, 0.0, 0.0, 1.0],
                [0.987532, -0.00783, -0.157222, 0.015303, -0.157217, 0.00118, -0.987563, -0.003965, 0.007918, 0.999969, -6.6e-05, 0.739347, 0.0, 0.0, 0.0, 1.0],
                [0.987148, -0.008429, -0.159588, 0.015333, -0.159583, 0.001281, -0.987184, -0.003917, 0.008526, 0.999964, -8.1e-05, 0.739348, 0.0, 0.0, 0.0, 1.0],
                [0.986737, -0.009026, -0.162075, 0.015363, -0.162069, 0.001383, -0.986778, -0.003868, 0.009131, 0.999958, -9.8e-05, 0.739348, 0.0, 0.0, 0.0, 1.0],
                [0.986301, -0.00962, -0.164673, 0.015392, -0.164667, 0.001487, -0.986348, -0.00382, 0.009734, 0.999953, -0.000117, 0.739348, 0.0, 0.0, 0.0, 1.0],
                [0.98584, -0.01021, -0.167376, 0.015422, -0.167369, 0.001593, -0.985893, -0.003772, 0.010332, 0.999947, -0.000139, 0.739348, 0.0, 0.0, 0.0, 1.0],
                [0.985355, -0.010796, -0.170176, 0.015451, -0.170168, 0.0017, -0.985414, -0.003723, 0.010927, 0.99994, -0.000162, 0.739349, 0.0, 0.0, 0.0, 1.0],
                [0.984845, -0.011377, -0.173065, 0.01548, -0.173056, 0.001808, -0.98491, -0.003675, 0.011518, 0.999934, -0.000188, 0.739349, 0.0, 0.0, 0.0, 1.0],
                [0.984311, -0.011953, -0.176035, 0.015509, -0.176025, 0.001918, -0.984384, -0.003628, 0.012104, 0.999927, -0.000216, 0.739349, 0.0, 0.0, 0.0, 1.0],
                [0.983755, -0.012523, -0.179079, 0.015537, -0.179068, 0.00203, -0.983835, -0.00358, 0.012684, 0.99992, -0.000246, 0.73935, 0.0, 0.0, 0.0, 1.0],
                [0.983176, -0.013087, -0.182189, 0.015566, -0.182177, 0.002142, -0.983263, -0.003533, 0.013258, 0.999912, -0.000278, 0.73935, 0.0, 0.0, 0.0, 1.0],
                [0.982576, -0.013645, -0.185357, 0.015593, -0.185344, 0.002256, -0.982671, -0.003486, 0.013827, 0.999904, -0.000312, 0.739351, 0.0, 0.0, 0.0, 1.0],
                [0.981956, -0.014195, -0.188576, 0.015621, -0.188562, 0.002371, -0.982058, -0.003441, 0.014388, 0.999896, -0.000348, 0.739351, 0.0, 0.0, 0.0, 1.0],
                [0.981316, -0.014739, -0.191838, 0.015648, -0.191823, 0.002487, -0.981426, -0.003395, 0.014942, 0.999888, -0.000386, 0.739351, 0.0, 0.0, 0.0, 1.0],
                [0.980657, -0.015274, -0.195136, 0.015675, -0.195119, 0.002604, -0.980776, -0.003351, 0.015488, 0.99988, -0.000427, 0.739352, 0.0, 0.0, 0.0, 1.0],
                [0.979981, -0.015801, -0.198461, 0.015701, -0.198443, 0.002721, -0.980109, -0.003307, 0.016027, 0.999871, -0.000469, 0.739352, 0.0, 0.0, 0.0, 1.0],
                [0.979289, -0.016319, -0.201807, 0.015727, -0.201788, 0.002839, -0.979425, -0.003264, 0.016556, 0.999863, -0.000512, 0.739353, 0.0, 0.0, 0.0, 1.0],
                [0.978583, -0.016827, -0.205165, 0.015753, -0.205144, 0.002957, -0.978727, -0.003222, 0.017076, 0.999854, -0.000558, 0.739353, 0.0, 0.0, 0.0, 1.0],
                [0.977863, -0.017326, -0.208528, 0.015778, -0.208506, 0.003076, -0.978016, -0.003181, 0.017587, 0.999845, -0.000605, 0.739354, 0.0, 0.0, 0.0, 1.0],
                [0.977131, -0.017815, -0.211889, 0.015802, -0.211866, 0.003194, -0.977293, -0.003141, 0.018087, 0.999836, -0.000653, 0.739354, 0.0, 0.0, 0.0, 1.0],
                [0.97639, -0.018293, -0.21524, 0.015826, -0.215215, 0.003312, -0.976561, -0.003102, 0.018577, 0.999827, -0.000703, 0.739354, 0.0, 0.0, 0.0, 1.0],
                [0.97564, -0.01876, -0.218573, 0.015849, -0.218547, 0.00343, -0.97582, -0.003065, 0.019056, 0.999818, -0.000754, 0.739355, 0.0, 0.0, 0.0, 1.0],
                [0.974884, -0.019216, -0.221881, 0.015872, -0.221854, 0.003547, -0.975073, -0.003029, 0.019524, 0.999809, -0.000805, 0.739355, 0.0, 0.0, 0.0, 1.0],
                [0.974124, -0.019659, -0.225157, 0.015894, -0.225129, 0.003663, -0.974322, -0.002994, 0.019979, 0.9998, -0.000858, 0.739356, 0.0, 0.0, 0.0, 1.0],
                [0.973362, -0.020091, -0.228393, 0.015916, -0.228364, 0.003778, -0.973569, -0.002961, 0.020422, 0.999791, -0.000911, 0.739356, 0.0, 0.0, 0.0, 1.0],
                [0.972599, -0.020509, -0.231582, 0.015937, -0.231551, 0.003891, -0.972815, -0.002928, 0.020853, 0.999782, -0.000964, 0.739357, 0.0, 0.0, 0.0, 1.0],
                [0.971839, -0.020914, -0.234716, 0.015957, -0.234684, 0.004003, -0.972063, -0.002898, 0.021269, 0.999773, -0.001018, 0.739357, 0.0, 0.0, 0.0, 1.0],
                [0.971083, -0.021305, -0.237788, 0.015976, -0.237755, 0.004113, -0.971316, -0.002869, 0.021672, 0.999765, -0.001071, 0.739358, 0.0, 0.0, 0.0, 1.0],
                [0.970335, -0.021683, -0.240791, 0.015995, -0.240757, 0.004221, -0.970576, -0.002841, 0.022061, 0.999756, -0.001125, 0.739358, 0.0, 0.0, 0.0, 1.0],
                [0.969596, -0.022046, -0.243717, 0.016013, -0.243682, 0.004326, -0.969846, -0.002815, 0.022435, 0.999748, -0.001178, 0.739358, 0.0, 0.0, 0.0, 1.0],
                [0.968869, -0.022394, -0.24656, 0.016031, -0.246523, 0.004428, -0.969127, -0.00279, 0.022794, 0.999739, -0.00123, 0.739359, 0.0, 0.0, 0.0, 1.0],
                [0.968157, -0.022727, -0.249311, 0.016048, -0.249274, 0.004528, -0.968423, -0.002767, 0.023138, 0.999731, -0.001282, 0.739359, 0.0, 0.0, 0.0, 1.0],
                [0.967462, -0.023044, -0.251965, 0.016063, -0.251926, 0.004624, -0.967736, -0.002746, 0.023465, 0.999724, -0.001332, 0.73936, 0.0, 0.0, 0.0, 1.0],
                [0.966788, -0.023345, -0.254512, 0.016078, -0.254472, 0.004716, -0.967069, -0.002726, 0.023776, 0.999716, -0.001381, 0.73936, 0.0, 0.0, 0.0, 1.0],
                [0.966136, -0.023629, -0.256947, 0.016093, -0.256906, 0.004805, -0.966424, -0.002707, 0.02407, 0.999709, -0.001429, 0.73936, 0.0, 0.0, 0.0, 1.0],
                [0.965511, -0.023897, -0.259263, 0.016106, -0.259221, 0.004889, -0.965806, -0.00269, 0.024347, 0.999702, -0.001474, 0.739361, 0.0, 0.0, 0.0, 1.0],
                [0.964915, -0.024147, -0.261451, 0.016119, -0.261408, 0.004969, -0.965216, -0.002675, 0.024606, 0.999696, -0.001518, 0.739361, 0.0, 0.0, 0.0, 1.0],
                [0.96435, -0.024379, -0.263505, 0.01613, -0.263462, 0.005043, -0.964657, -0.002661, 0.024847, 0.99969, -0.001559, 0.739361, 0.0, 0.0, 0.0, 1.0],
                [0.96382, -0.024594, -0.265419, 0.016141, -0.265374, 0.005113, -0.964132, -0.002648, 0.025069, 0.999684, -0.001598, 0.739362, 0.0, 0.0, 0.0, 1.0],
                [0.963327, -0.02479, -0.267183, 0.016151, -0.267138, 0.005178, -0.963644, -0.002637, 0.025272, 0.999679, -0.001634, 0.739362, 0.0, 0.0, 0.0, 1.0],
                [0.962874, -0.024967, -0.268793, 0.01616, -0.268747, 0.005236, -0.963197, -0.002627, 0.025455, 0.999675, -0.001668, 0.739362, 0.0, 0.0, 0.0, 1.0],
                [0.962465, -0.025124, -0.27024, 0.016167, -0.270193, 0.005289, -0.962792, -0.002618, 0.025619, 0.99967, -0.001698, 0.739362, 0.0, 0.0, 0.0, 1.0],
                [0.962102, -0.025262, -0.271517, 0.016174, -0.27147, 0.005336, -0.962432, -0.002611, 0.025762, 0.999667, -0.001724, 0.739362, 0.0, 0.0, 0.0, 1.0],
                [0.961788, -0.02538, -0.272618, 0.01618, -0.27257, 0.005376, -0.962121, -0.002605, 0.025884, 0.999663, -0.001747, 0.739363, 0.0, 0.0, 0.0, 1.0],
                [0.961525, -0.025477, -0.273534, 0.016185, -0.273486, 0.005409, -0.961861, -0.0026, 0.025985, 0.999661, -0.001767, 0.739363, 0.0, 0.0, 0.0, 1.0],
                [0.961316, -0.025554, -0.27426, 0.016189, -0.274212, 0.005435, -0.961654, -0.002596, 0.026065, 0.999659, -0.001782, 0.739363, 0.0, 0.0, 0.0, 1.0],
                [0.961164, -0.025609, -0.274787, 0.016192, -0.274739, 0.005454, -0.961504, -0.002594, 0.026122, 0.999657, -0.001793, 0.739363, 0.0, 0.0, 0.0, 1.0],
                [0.961071, -0.025642, -0.275109, 0.016193, -0.27506, 0.005466, -0.961412, -0.002592, 0.026157, 0.999656, -0.0018, 0.739363, 0.0, 0.0, 0.0, 1.0],
                [0.96104, -0.025654, -0.275217, 0.016194, -0.275169, 0.00547, -0.96138, -0.002592, 0.026168, 0.999656, -0.001802, 0.739363, 0.0, 0.0, 0.0, 1.0],
                [0.961679, -0.025233, -0.273016, 0.016173, -0.272969, 0.00535, -0.962008, -0.002623, 0.025735, 0.999667, -0.001743, 0.739362, 0.0, 0.0, 0.0, 1.0],
                [0.962312, -0.024813, -0.270812, 0.016152, -0.270767, 0.005231, -0.962631, -0.002655, 0.025302, 0.999678, -0.001684, 0.739362, 0.0, 0.0, 0.0, 1.0],
                [0.962941, -0.024392, -0.268608, 0.016131, -0.268564, 0.005113, -0.963248, -0.002686, 0.024869, 0.999689, -0.001627, 0.739361, 0.0, 0.0, 0.0, 1.0],
                [0.963564, -0.02397, -0.266401, 0.01611, -0.266359, 0.004996, -0.963861, -0.002718, 0.024435, 0.9997, -0.00157, 0.739361, 0.0, 0.0, 0.0, 1.0],
                [0.964182, -0.023549, -0.264193, 0.016089, -0.264152, 0.00488, -0.964469, -0.002749, 0.024002, 0.999711, -0.001515, 0.73936, 0.0, 0.0, 0.0, 1.0],
                [0.964795, -0.023127, -0.261983, 0.016068, -0.261944, 0.004765, -0.965071, -0.002781, 0.023568, 0.999721, -0.00146, 0.73936, 0.0, 0.0, 0.0, 1.0],
                [0.965403, -0.022705, -0.259772, 0.016046, -0.259734, 0.004651, -0.965669, -0.002813, 0.023134, 0.999731, -0.001407, 0.739359, 0.0, 0.0, 0.0, 1.0],
                [0.966006, -0.022282, -0.257559, 0.016025, -0.257523, 0.004538, -0.966261, -0.002844, 0.0227, 0.999741, -0.001354, 0.739359, 0.0, 0.0, 0.0, 1.0],
                [0.966603, -0.02186, -0.255345, 0.016004, -0.25531, 0.004426, -0.966849, -0.002876, 0.022265, 0.999751, -0.001303, 0.739358, 0.0, 0.0, 0.0, 1.0],
                [0.967195, -0.021437, -0.25313, 0.015983, -0.253096, 0.004315, -0.967432, -0.002908, 0.021831, 0.999761, -0.001252, 0.739358, 0.0, 0.0, 0.0, 1.0],
                [0.967782, -0.021013, -0.250912, 0.015962, -0.25088, 0.004204, -0.968009, -0.00294, 0.021396, 0.99977, -0.001203, 0.739357, 0.0, 0.0, 0.0, 1.0],
                [0.968363, -0.02059, -0.248694, 0.015941, -0.248663, 0.004095, -0.968581, -0.002972, 0.020961, 0.99978, -0.001154, 0.739357, 0.0, 0.0, 0.0, 1.0],
                [0.96894, -0.020166, -0.246474, 0.015919, -0.246444, 0.003987, -0.969149, -0.003004, 0.020526, 0.999789, -0.001107, 0.739356, 0.0, 0.0, 0.0, 1.0],
                [0.969511, -0.019742, -0.244252, 0.015898, -0.244224, 0.003879, -0.969711, -0.003036, 0.020091, 0.999798, -0.00106, 0.739356, 0.0, 0.0, 0.0, 1.0],
                [0.970077, -0.019317, -0.242029, 0.015877, -0.242002, 0.003773, -0.970268, -0.003068, 0.019656, 0.999806, -0.001015, 0.739355, 0.0, 0.0, 0.0, 1.0],
                [0.970637, -0.018893, -0.239805, 0.015856, -0.239779, 0.003668, -0.970821, -0.0031, 0.019221, 0.999815, -0.00097, 0.739355, 0.0, 0.0, 0.0, 1.0],
                [0.971192, -0.018468, -0.237579, 0.015835, -0.237555, 0.003563, -0.971368, -0.003133, 0.018786, 0.999823, -0.000927, 0.739355, 0.0, 0.0, 0.0, 1.0],
                [0.971743, -0.018043, -0.235353, 0.015813, -0.235329, 0.00346, -0.97191, -0.003165, 0.01835, 0.999831, -0.000884, 0.739354, 0.0, 0.0, 0.0, 1.0],
                [0.972287, -0.017617, -0.233124, 0.015792, -0.233102, 0.003357, -0.972447, -0.003197, 0.017915, 0.999839, -0.000842, 0.739354, 0.0, 0.0, 0.0, 1.0],
                [0.972827, -0.017192, -0.230895, 0.015771, -0.230873, 0.003256, -0.972978, -0.00323, 0.017479, 0.999847, -0.000802, 0.739353, 0.0, 0.0, 0.0, 1.0],
                [0.973361, -0.016766, -0.228664, 0.015749, -0.228643, 0.003155, -0.973505, -0.003262, 0.017043, 0.999854, -0.000762, 0.739353, 0.0, 0.0, 0.0, 1.0],
                [0.97389, -0.01634, -0.226432, 0.015728, -0.226412, 0.003056, -0.974027, -0.003294, 0.016607, 0.999862, -0.000724, 0.739353, 0.0, 0.0, 0.0, 1.0],
                [0.974414, -0.015913, -0.224198, 0.015707, -0.22418, 0.002957, -0.974543, -0.003327, 0.016171, 0.999869, -0.000686, 0.739352, 0.0, 0.0, 0.0, 1.0],
                [0.974932, -0.015487, -0.221963, 0.015686, -0.221946, 0.002859, -0.975055, -0.00336, 0.015735, 0.999876, -0.00065, 0.739352, 0.0, 0.0, 0.0, 1.0],
                [0.975445, -0.01506, -0.219728, 0.015664, -0.219711, 0.002763, -0.975561, -0.003392, 0.015299, 0.999883, -0.000614, 0.739352, 0.0, 0.0, 0.0, 1.0],
                [0.975953, -0.014633, -0.217491, 0.015643, -0.217475, 0.002667, -0.976062, -0.003425, 0.014862, 0.999889, -0.000579, 0.739351, 0.0, 0.0, 0.0, 1.0],
                [0.976455, -0.014205, -0.215252, 0.015621, -0.215238, 0.002572, -0.976558, -0.003457, 0.014426, 0.999896, -0.000546, 0.739351, 0.0, 0.0, 0.0, 1.0],
                [0.976952, -0.013778, -0.213013, 0.0156, -0.212999, 0.002479, -0.977049, -0.00349, 0.013989, 0.999902, -0.000513, 0.739351, 0.0, 0.0, 0.0, 1.0],
                [0.977444, -0.01335, -0.210772, 0.015579, -0.210759, 0.002386, -0.977535, -0.003523, 0.013553, 0.999908, -0.000482, 0.73935, 0.0, 0.0, 0.0, 1.0],
                [0.977931, -0.012922, -0.208531, 0.015557, -0.208519, 0.002294, -0.978016, -0.003556, 0.013116, 0.999914, -0.000451, 0.73935, 0.0, 0.0, 0.0, 1.0],
                [0.978412, -0.012494, -0.206288, 0.015536, -0.206276, 0.002203, -0.978491, -0.003589, 0.01268, 0.99992, -0.000422, 0.73935, 0.0, 0.0, 0.0, 1.0],
                [0.978887, -0.012065, -0.204044, 0.015514, -0.204033, 0.002113, -0.978962, -0.003622, 0.012243, 0.999925, -0.000393, 0.73935, 0.0, 0.0, 0.0, 1.0],
                [0.979358, -0.011637, -0.201799, 0.015493, -0.201789, 0.002025, -0.979427, -0.003655, 0.011806, 0.99993, -0.000365, 0.739349, 0.0, 0.0, 0.0, 1.0],
                [0.979823, -0.011208, -0.199553, 0.015472, -0.199544, 0.001937, -0.979887, -0.003688, 0.011369, 0.999935, -0.000339, 0.739349, 0.0, 0.0, 0.0, 1.0],
                [0.980283, -0.010779, -0.197306, 0.01545, -0.197297, 0.00185, -0.980342, -0.003721, 0.010932, 0.99994, -0.000313, 0.739349, 0.0, 0.0, 0.0, 1.0],
                [0.980737, -0.01035, -0.195058, 0.015429, -0.19505, 0.001764, -0.980792, -0.003754, 0.010495, 0.999945, -0.000289, 0.739349, 0.0, 0.0, 0.0, 1.0],
                [0.981186, -0.00992, -0.192809, 0.015407, -0.192802, 0.001679, -0.981236, -0.003787, 0.010058, 0.999949, -0.000265, 0.739348, 0.0, 0.0, 0.0, 1.0],
                [0.98163, -0.009491, -0.190559, 0.015386, -0.190552, 0.001595, -0.981676, -0.00382, 0.009621, 0.999954, -0.000243, 0.739348, 0.0, 0.0, 0.0, 1.0],
                [0.982068, -0.009061, -0.188308, 0.015364, -0.188302, 0.001512, -0.98211, -0.003854, 0.009184, 0.999958, -0.000221, 0.739348, 0.0, 0.0, 0.0, 1.0],
                [0.982501, -0.008631, -0.186056, 0.015343, -0.18605, 0.00143, -0.982539, -0.003887, 0.008747, 0.999962, -0.0002, 0.739348, 0.0, 0.0, 0.0, 1.0],
                [0.982929, -0.008201, -0.183803, 0.015321, -0.183798, 0.001349, -0.982963, -0.00392, 0.008309, 0.999965, -0.000181, 0.739348, 0.0, 0.0, 0.0, 1.0],
                [0.983351, -0.007771, -0.181549, 0.0153, -0.181545, 0.00127, -0.983382, -0.003954, 0.007872, 0.999969, -0.000162, 0.739347, 0.0, 0.0, 0.0, 1.0],
                [0.983768, -0.00734, -0.179294, 0.015278, -0.179291, 0.001191, -0.983795, -0.003987, 0.007435, 0.999972, -0.000145, 0.739347, 0.0, 0.0, 0.0, 1.0],
                [0.98418, -0.00691, -0.177039, 0.015257, -0.177035, 0.001113, -0.984204, -0.004021, 0.006997, 0.999976, -0.000128, 0.739347, 0.0, 0.0, 0.0, 1.0],
                [0.984586, -0.006479, -0.174782, 0.015235, -0.174779, 0.001036, -0.984607, -0.004055, 0.00656, 0.999978, -0.000113, 0.739347, 0.0, 0.0, 0.0, 1.0],
                [0.984986, -0.006048, -0.172525, 0.015214, -0.172523, 0.00096, -0.985005, -0.004088, 0.006123, 0.999981, -9.8e-05, 0.739347, 0.0, 0.0, 0.0, 1.0],
                [0.985382, -0.005617, -0.170267, 0.015192, -0.170265, 0.000885, -0.985398, -0.004122, 0.005685, 0.999984, -8.5e-05, 0.739347, 0.0, 0.0, 0.0, 1.0],
                [0.985772, -0.005186, -0.168008, 0.01517, -0.168006, 0.000811, -0.985786, -0.004156, 0.005248, 0.999986, -7.2e-05, 0.739347, 0.0, 0.0, 0.0, 1.0],
                [0.986157, -0.004754, -0.165749, 0.015149, -0.165747, 0.000738, -0.986168, -0.004189, 0.004811, 0.999988, -6.1e-05, 0.739346, 0.0, 0.0, 0.0, 1.0],
                [0.986536, -0.004323, -0.163488, 0.015127, -0.163487, 0.000666, -0.986545, -0.004223, 0.004373, 0.99999, -5e-05, 0.739346, 0.0, 0.0, 0.0, 1.0],
                [0.98691, -0.003891, -0.161227, 0.015106, -0.161226, 0.000595, -0.986917, -0.004257, 0.003936, 0.999992, -4.1e-05, 0.739346, 0.0, 0.0, 0.0, 1.0],
                [0.987278, -0.003459, -0.158965, 0.015084, -0.158965, 0.000524, -0.987284, -0.004291, 0.003499, 0.999994, -3.2e-05, 0.739346, 0.0, 0.0, 0.0, 1.0],
                [0.987641, -0.003027, -0.156703, 0.015063, -0.156702, 0.000455, -0.987646, -0.004325, 0.003061, 0.999995, -2.5e-05, 0.739346, 0.0, 0.0, 0.0, 1.0],
                [0.987999, -0.002595, -0.15444, 0.015041, -0.154439, 0.000387, -0.988002, -0.004359, 0.002624, 0.999997, -1.8e-05, 0.739346, 0.0, 0.0, 0.0, 1.0],
                [0.988351, -0.002163, -0.152176, 0.015019, -0.152175, 0.00032, -0.988353, -0.004393, 0.002186, 0.999998, -1.3e-05, 0.739346, 0.0, 0.0, 0.0, 1.0],
