{
    "animation": [
        {
            "name": "Root",
            "time": [0.0, 0.0167, 0.0333, 0.05, 0.0667, 0.0833, 0.1, 0.1167, 0.1333, 0.15, 0.1667, 0.1833, 0.2, 0.2167, 0.2333, 0.25, 0.2667, 0.2833, 0.3, 0.3167, 0.3333, 0.35, 0.3667, 0.3833, 0.4, 0.4167, 0.4333, 0.45, 0.4667, 0.4833, 0.5, 0.5167, 0.5333, 0.55, 0.5667, 0.5833, 0.6, 0.6167, 0.6333, 0.65, 0.6667, 0.6833, 0.7, 0.7167, 0.7333, 0.75, 0.7667, 0.7833, 0.8, 0.8167, 0.8333, 0.85, 0.8667, 0.8833, 0.9, 0.9167, 0.9333, 0.95, 0.9667, 0.9833, 1.0, 1.0167, 1.0333, 1.05, 1.0667, 1.0833, 1.1, 1.1167, 1.1333, 1.15, 1.1667, 1.1833, 1.2, 1.2167, 1.2333, 1.25, 1.2667, 1.2833, 1.3, 1.3167, 1.3333, 1.35, 1.3667, 1.3833, 1.4, 1.4167, 1.4333, 1.45, 1.4667, 1.4833, 1.5, 1.5167, 1.5333, 1.55, 1.5667, 1.5833, 1.6, 1.6167, 1.6333, 1.65, 1.6667, 1.6833, 1.7, 1.7167, 1.7333, 1.75, 1.7667, 1.7833, 1.8, 1.8167, 1.8333, 1.85, 1.8667, 1.8833, 1.9, 1.9167, 1.9333, 1.95, 1.9667, 1.9833, 2.0],
            "transform": [
                [0.990031, 0.0, -0.140847, 0.014911, -0.140847, 0.0, -0.990031, -0.004564, 0.0, 1.0, 0.0, 0.739346, 0.0, 0.0, 0.0, 1.0],
                [0.990031, 0.0, -0.140847, 0.014911, -0.140847, 0.0, -0.990031, -0.004564, 0.0, 1.0, 0.0, 0.739338, 0.0, 0.0, 0.0, 1.0],
                [0.990031, 0.0, -0.140847, 0.014911, -0.140847, 0.0, -0.990031, -0.004564, 0.0, 1.0, 0.0, 0.739315, 0.0, 0.0, 0.0, 1.0],
                [0.990031, 0.0, -0.140847, 0.014911, -0.140847, 0.0, -0.990031, -0.004564, 0.0, 1.0, 0.0, 0.739277, 0.0, 0.0, 0.0, 1.0],
                [0.990031, 0.0, -0.140847, 0.014911, -0.140847, 0.0, -0.990031, -0.004564, 0.0, 1.0, 0.0, 0.739222, 0.0, 0.0, 0.0, 1.0],
                [0.990031, 0.0, -0.140847, 0.014911, -0.140847, 0.0, -0.990031, -0.004564, 0.0, 1.0, 0.0, 0.739153, 0.0, 0.0, 0.0, 1.0],
                [0.990031, 0.0, -0.140847, 0.014911, -0.140847, 0.0, -0.990031, -0.004564, 0.0, 1.0, 0.0, 0.739067, 0.0, 0.0, 0.0, 1.0],
                [0.990031, 0.0, -0.140847, 0.014911, -0.140847, 0.0, -0.990031, -0.004564, 0.0, 1.0, 0.0, 0.738966, 0.0, 0.0, 0.0, 1.0],
                [0.990031, 0.0, -0.140847, 0.014911, -0.140847, 0.0, -0.990031, -0.004564, 0.0, 1.0, 0.0, 0.738849, 0.0, 0.0, 0.0, 1.0],
                [0.990031, 0.0, -0.140847, 0.014911, -0.140847, 0.0, -0.990031, -0.004564, 0.0, 1.0, 0.0, 0.738717, 0.0, 0.0, 0.0, 1.0],
                [0.990031, 0.0, -0.140847, 0.014911, -0.140847, 0.0, -0.990031, -0.004564, 0.0, 1.0, 0.0, 0.738569, 0.0, 0.0, 0.0, 1.0],
                [0.990031, 0.0, -0.140847, 0.014911, -0.140847, 0.0, -0.990031, -0.004564, 0.0, 1.0, 0.0, 0.738406, 0.0, 0.0, 0.0, 1.0],
                [0.990031, 0.0, -0.140847, 0.014911, -0.140847, 0.0, -0.990031, -0.004564, 0.0, 1.0, 0.0, 0.738228, 0.0, 0.0, 0.0, 1.0],
                [0.990031, 0.0, -0.140847, 0.014911, -0.140847, 0.0, -0.990031, -0.004564, 0.0, 1.0, 0.0, 0.738036, 0.0, 0.0, 0.0, 1.0],
                [0.990031, 0.0, -0.140847, 0.014911, -0.140847, 0.0, -0.990031, -0.004564, 0.0, 1.0, 0.0, 0.737829, 0.0, 0.0, 0.0, 1.0],
                [0.990031, 0.0, -0.140847, 0.014911, -0.140847, 0.0, -0.990031, -0.004564, 0.0, 1.0, 0.0, 0.737608, 0.0, 0.0, 0.0, 1.0],
                [0.990031, 0.0, -0.140847, 0.014911, -0.140847, 0.0, -0.990031, -0.004564, 0.0, 1.0, 0.0, 0.737373, 0.0, 0.0, 0.0, 1.0],
                [0.990031, 0.0, -0.140847, 0.014911, -0.140847, 0.0, -0.990031, -0.004564, 0.0, 1.0, 0.0, 0.737125, 0.0, 0.0, 0.0, 1.0],
                [0.990031, 0.0, -0.140847, 0.014911, -0.140847, 0.0, -0.990031, -0.004564, 0.0, 1.0, 0.0, 0.736865, 0.0, 0.0, 0.0, 1.0],
                [0.990031, 0.0, -0.140847, 0.014911, -0.140847, 0.0, -0.990031, -0.004564, 0.0, 1.0, 0.0, 0.736593, 0.0, 0.0, 0.0, 1.0],
                [0.990031, 0.0, -0.140847, 0.014911, -0.140847, 0.0, -0.990031, -0.004564, 0.0, 1.0, 0.0, 0.73631, 0.0, 0.0, 0.0, 1.0],
                [0.990031, 0.0, -0.140847, 0.014911, -0.140847, 0.0, -0.990031, -0.004564, 0.0, 1.0, 0.0, 0.736016, 0.0, 0.0, 0.0, 1.0],
                [0.990031, 0.0, -0.140847, 0.014911, -0.140847, 0.0, -0.990031, -0.004564, 0.0, 1.0, 0.0, 0.735713, 0.0, 0.0, 0.0, 1.0],
                [0.990031, 0.0, -0.140847, 0.014911, -0.140847, 0.0, -0.990031, -0.004564, 0.0, 1.0, 0.0, 0.735401, 0.0, 0.0, 0.0, 1.0],
                [0.990031, 0.0, -0.140847, 0.014911, -0.140847, 0.0, -0.990031, -0.004564, 0.0, 1.0, 0.0, 0.735081, 0.0, 0.0, 0.0, 1.0],
                [0.990031, 0.0, -0.140847, 0.014911, -0.140847, 0.0, -0.990031, -0.004564, 0.0, 1.0, 0.0, 0.734755, 0.0, 0.0, 0.0, 1.0],
                [0.990031, 0.0, -0.140847, 0.014911, -0.140847, 0.0, -0.990031, -0.004564, 0.0, 1.0, 0.0, 0.734423, 0.0, 0.0, 0.0, 1.0],
                [0.990031, 0.0, -0.140847, 0.014911, -0.140847, 0.0, -0.990031, -0.004564, 0.0, 1.0, 0.0, 0.734087, 0.0, 0.0, 0.0, 1.0],
                [0.990031, 0.0, -0.140847, 0.014911, -0.140847, 0.0, -0.990031, -0.004564, 0.0, 1.0, 0.0, 0.733747, 0.0, 0.0, 0.0, 1.0],
                [0.990031, 0.0, -0.140847, 0.014911, -0.140847, 0.0, -0.990031, -0.004564, 0.0, 1.0, 0.0, 0.733404, 0.0, 0.0, 0.0, 1.0],
                [0.990031, 0.0, -0.140847, 0.014911, -0.140847, 0.0, -0.990031, -0.004564, 0.0, 1.0, 0.0, 0.733061, 0.0, 0.0, 0.0, 1.0],
                [0.990031, 0.0, -0.140847, 0.014911, -0.140847, 0.0, -0.990031, -0.004564, 0.0, 1.0, 0.0, 0.732718, 0.0, 0.0, 0.0, 1.0],
                [0.990031, 0.0, -0.140847, 0.014911, -0.140847, 0.0, -0.990031, -0.004564, 0.0, 1.0, 0.0, 0.732375, 0.0, 0.0, 0.0, 1.0],
                [0.990031, 0.0, -0.140847, 0.014911, -0.140847, 0.0, -0.990031, -0.004564, 0.0, 1.0, 0.0, 0.732035, 0.0, 0.0, 0.0, 1.0],
                [0.990031, 0.0, -0.140847, 0.014911, -0.140847, 0.0, -0.990031, -0.004564, 0.0, 1.0, 0.0, 0.731699, 0.0, 0.0, 0.0, 1.0],
                [0.990031, 0.0, -0.140847, 0.014911, -0.140847, 0.0, -0.990031, -0.004564, 0.0, 1.0, 0.0, 0.731367, 0.0, 0.0, 0.0, 1.0],
                [0.990031, 0.0, -0.140847, 0.014911, -0.140847, 0.0, -0.990031, -0.004564, 0.0, 1.0, 0.0, 0.731041, 0.0, 0.0, 0.0, 1.0],
                [0.990031, 0.0, -0.140847, 0.014911, -0.140847, 0.0, -0.990031, -0.004564, 0.0, 1.0, 0.0, 0.730721, 0.0, 0.0, 0.0, 1.0],
                [0.990031, 0.0, -0.140847, 0.014911, -0.140847, 0.0, -0.990031, -0.004564, 0.0, 1.0, 0.0, 0.730409, 0.0, 0.0, 0.0, 1.0],
                [0.990031, 0.0, -0.140847, 0.014911, -0.140847, 0.0, -0.990031, -0.004564, 0.0, 1.0, 0.0, 0.730106, 0.0, 0.0, 0.0, 1.0],
                [0.990031, 0.0, -0.140847, 0.014911, -0.140847, 0.0, -0.990031, -0.004564, 0.0, 1.0, 0.0, 0.729812, 0.0, 0.0, 0.0, 1.0],
                [0.990031, 0.0, -0.140847, 0.014911, -0.140847, 0.0, -0.990031, -0.004564, 0.0, 1.0, 0.0, 0.729529, 0.0, 0.0, 0.0, 1.0],
                [0.990031, 0.0, -0.140847, 0.014911, -0.140847, 0.0, -0.990031, -0.004564, 0.0, 1.0, 0.0, 0.729257, 0.0, 0.0, 0.0, 1.0],
                [0.990031, 0.0, -0.140847, 0.014911, -0.140847, 0.0, -0.990031, -0.004564, 0.0, 1.0, 0.0, 0.728997, 0.0, 0.0, 0.0, 1.0],
                [0.990031, 0.0, -0.140847, 0.014911, -0.140847, 0.0, -0.990031, -0.004564, 0.0, 1.0, 0.0, 0.728749, 0.0, 0.0, 0.0, 1.0],
                [0.990031, 0.0, -0.140847, 0.014911, -0.140847, 0.0, -0.990031, -0.004564, 0.0, 1.0, 0.0, 0.728514, 0.0, 0.0, 0.0, 1.0],
                [0.990031, 0.0, -0.140847, 0.014911, -0.140847, 0.0, -0.990031, -0.004564, 0.0, 1.0, 0.0, 0.728293, 0.0, 0.0, 0.0, 1.0],
                [0.990031, 0.0, -0.140847, 0.014911, -0.140847, 0.0, -0.990031, -0.004564, 0.0, 1.0, 0.0, 0.728086, 0.0, 0.0, 0.0, 1.0],
                [0.990031, 0.0, -0.140847, 0.014911, -0.140847, 0.0, -0.990031, -0.004564, 0.0, 1.0, 0.0, 0.727893, 0.0, 0.0, 0.0, 1.0],
                [0.990031, 0.0, -0.140847, 0.014911, -0.140847, 0.0, -0.990031, -0.004564, 0.0, 1.0, 0.0, 0.727715, 0.0, 0.0, 0.0, 1.0],
                [0.990031, 0.0, -0.140847, 0.014911, -0.140847, 0.0, -0.990031, -0.004564, 0.0, 1.0, 0.0, 0.727553, 0.0, 0.0, 0.0, 1.0],
                [0.990031, 0.0, -0.140847, 0.014911, -0.140847, 0.0, -0.990031, -0.004564, 0.0, 1.0, 0.0, 0.727405, 0.0, 0.0, 0.0, 1.0],
                [0.990031, 0.0, -0.140847, 0.014911, -0.140847, 0.0, -0.990031, -0.004564, 0.0, 1.0, 0.0, 0.727273, 0.0, 0.0, 0.0, 1.0],
                [0.990031, 0.0, -0.140847, 0.014911, -0.140847, 0.0, -0.990031, -0.004564, 0.0, 1.0, 0.0, 0.727156, 0.0, 0.0, 0.0, 1.0],
                [0.990031, 0.0, -0.140847, 0.014911, -0.140847, 0.0, -0.990031, -0.004564, 0.0, 1.0, 0.0, 0.727055, 0.0, 0.0, 0.0, 1.0],
                [0.990031, 0.0, -0.140847, 0.014911, -0.140847, 0.0, -0.990031, -0.004564, 0.0, 1.0, 0.0, 0.726969, 0.0, 0.0, 0.0, 1.0],
                [0.990031, 0.0, -0.140847, 0.014911, -0.140847, 0.0, -0.990031, -0.004564, 0.0, 1.0, 0.0, 0.7269, 0.0, 0.0, 0.0, 1.0],
                [0.990031, 0.0, -0.140847, 0.014911, -0.140847, 0.0, -0.990031, -0.004564, 0.0, 1.0, 0.0, 0.726845, 0.0, 0.0, 0.0, 1.0],
                [0.990031, 0.0, -0.140847, 0.014911, -0.140847, 0.0, -0.990031, -0.004564, 0.0, 1.0, 0.0, 0.726807, 0.0, 0.0, 0.0, 1.0],
                [0.990031, 0.0, -0.140847, 0.014911, -0.140847, 0.0, -0.990031, -0.004564, 0.0, 1.0, 0.0, 0.726784, 0.0, 0.0, 0.0, 1.0],
                [0.990031, 0.0, -0.140847, 0.014911, -0.140847, 0.0, -0.990031, -0.004564, 0.0, 1.0, 0.0, 0.726776, 0.0, 0.0, 0.0, 1.0],
                [0.990031, 0.0, -0.140847, 0.014911, -0.140847, 0.0, -0.990031, -0.004564, 0.0, 1.0, 0.0, 0.726784, 0.0, 0.0, 0.0, 1.0],
                [0.990031, 0.0, -0.140847, 0.014911, -0.140847, 0.0, -0.990031, -0.004564, 0.0, 1.0, 0.0, 0.726807, 0.0, 0.0, 0.0, 1.0],
                [0.990031, 0.0, -0.140847, 0.014911, -0.140847, 0.0, -0.990031, -0.004564, 0.0, 1.0, 0.0, 0.726845, 0.0, 0.0, 0.0, 1.0],
                [0.990031, 0.0, -0.140847, 0.014911, -0.140847, 0.0, -0.990031, -0.004564, 0.0, 1.0, 0.0, 0.7269, 0.0, 0.0, 0.0, 1.0],
                [0.990031, 0.0, -0.140847, 0.014911, -0.140847, 0.0, -0.990031, -0.004564, 0.0, 1.0, 0.0, 0.726969, 0.0, 0.0, 0.0, 1.0],
                [0.990031, 0.0, -0.140847, 0.014911, -0.140847, 0.0, -0.990031, -0.004564, 0.0, 1.0, 0.0, 0.727055, 0.0, 0.0, 0.0, 1.0],
                [0.990031, 0.0, -0.140847, 0.014911, -0.140847, 0.0, -0.990031, -0.004564, 0.0, 1.0, 0.0, 0.727156, 0.0, 0.0, 0.0, 1.0],
                [0.990031, 0.0, -0.140847, 0.014911, -0.140847, 0.0, -0.990031, -0.004564, 0.0, 1.0, 0.0, 0.727273, 0.0, 0.0, 0.0, 1.0],
                [0.990031, 0.0, -0.140847, 0.014911, -0.140847, 0.0, -0.990031, -0.004564, 0.0, 1.0, 0.0, 0.727405, 0.0, 0.0, 0.0, 1.0],
                [0.990031, 0.0, -0.140847, 0.014911, -0.140847, 0.0, -0.990031, -0.004564, 0.0, 1.0, 0.0, 0.727553, 0.0, 0.0, 0.0, 1.0],
                [0.990031, 0.0, -0.140847, 0.014911, -0.140847, 0.0, -0.990031, -0.004564, 0.0, 1.0, 0.0, 0.727715, 0.0, 0.0, 0.0, 1.0],
                [0.990031, 0.0, -0.140847, 0.014911, -0.140847, 0.0, -0.990031, -0.004564, 0.0, 1.0, 0.0, 0.727893, 0.0, 0.0, 0.0, 1.0],
                [0.990031, 0.0, -0.140847, 0.014911, -0.140847, 0.0, -0.990031, -0.004564, 0.0, 1.0, 0.0, 0.728086, 0.0, 0.0, 0.0, 1.0],
                [0.990031, 0.0, -0.140847, 0.014911, -0.140847, 0.0, -0.990031, -0.004564, 0.0, 1.0, 0.0, 0.728293, 0.0, 0.0, 0.0, 1.0],
                [0.990031, 0.0, -0.140847, 0.014911, -0.140847, 0.0, -0.990031, -0.004564, 0.0, 1.0, 0.0, 0.728514, 0.0, 0.0, 0.0, 1.0],
                [0.990031, 0.0, -0.140847, 0.014911, -0.140847, 0.0, -0.990031, -0.004564, 0.0, 1.0, 0.0, 0.728749, 0.0, 0.0, 0.0, 1.0],
                [0.990031, 0.0, -0.140847, 0.014911, -0.140847, 0.0, -0.990031, -0.004564, 0.0, 1.0, 0.0, 0.728997, 0.0, 0.0, 0.0, 1.0],
                [0.990031, 0.0, -0.140847, 0.014911, -0.140847, 0.0, -0.990031, -0.004564, 0.0, 1.0, 0.0, 0.729257, 0.0, 0.0, 0.0, 1.0],
                [0.990031, 0.0, -0.140847, 0.014911, -0.140847, 0.0, -0.990031, -0.004564, 0.0, 1.0, 0.0, 0.729529, 0.0, 0.0, 0.0, 1.0],
                [0.990031, 0.0, -0.140847, 0.014911, -0.140847, 0.0, -0.990031, -0.004564, 0.0, 1.0, 0.0, 0.729812, 0.0, 0.0, 0.0, 1.0],
                [0.990031, 0.0, -0.140847, 0.014911, -0.140847, 0.0, -0.990031, -0.004564, 0.0, 1.0, 0.0, 0.730106, 0.0, 0.0, 0.0, 1.0],
                [0.990031, 0.0, -0.140847, 0.014911, -0.140847, 0.0, -0.990031, -0.004564, 0.0, 1.0, 0.0, 0.730409, 0.0, 0.0, 0.0, 1.0],
                [0.990031, 0.0, -0.140847, 0.014911, -0.140847, 0.0, -0.990031, -0.004564, 0.0, 1.0, 0.0, 0.730721, 0.0, 0.0, 0.0, 1.0],
                [0.990031, 0.0, -0.140847, 0.014911, -0.140847, 0.0, -0.990031, -0.004564, 0.0, 1.0, 0.0, 0.731041, 0.0, 0.0, 0.0, 1.0],
                [0.990031, 0.0, -0.140847, 0.014911, -0.140847, 0.0, -0.990031, -0.004564, 0.0, 1.0, 0.0, 0.731367, 0.0, 0.0, 0.0, 1.0],
                [0.990031, 0.0, -0.140847, 0.014911, -0.140847, 0.0, -0.990031, -0.004564, 0.0, 1.0, 0.0, 0.731699, 0.0, 0.0, 0.0, 1.0],
                [0.990031, 0.0, -0.140847, 0.014911, -0.140847, 0.0, -0.990031, -0.004564, 0.0, 1.0, 0.0, 0.732035, 0.0, 0.0, 0.0, 1.0],
                [0.990031, 0.0, -0.140847, 0.014911, -0.140847, 0.0, -0.990031, -0.004564, 0.0, 1.0, 0.0, 0.732375, 0.0, 0.0, 0.0, 1.0],
                [0.990031, 0.0, -0.140847, 0.014911, -0.140847, 0.0, -0.990031, -0.004564, 0.0, 1.0, 0.0, 0.732718, 0.0, 0.0, 0.0, 1.0],
                [0.990031, 0.0, -0.140847, 0.014911, -0.140847, 0.0, -0.990031, -0.004564, 0.0, 1.0, 0.0, 0.733061, 0.0, 0.0, 0.0, 1.0],
                [0.990031, 0.0, -0.140847, 0.014911, -0.140847, 0.0, -0.990031, -0.004564, 0.0, 1.0, 0.0, 0.733404, 0.0, 0.0, 0.0, 1.0],
                [0.990031, 0.0, -0.140847, 0.014911, -0.140847, 0.0, -0.990031, -0.004564, 0.0, 1.0, 0.0, 0.733747, 0.0, 0.0, 0.0, 1.0],
                [0.990031, 0.0, -0.140847, 0.014911, -0.140847, 0.0, -0.990031, -0.004564, 0.0, 1.0, 0.0, 0.734087, 0.0, 0.0, 0.0, 1.0],
                [0.990031, 0.0, -0.140847, 0.014911, -0.140847, 0.0, -0.990031, -0.004564, 0.0, 1.0, 0.0, 0.734423, 0.0, 0.0, 0.0, 1.0],
                [0.990031, 0.0, -0.140847, 0.014911, -0.140847, 0.0, -0.990031, -0.004564, 0.0, 1.0, 0.0, 0.734755, 0.0, 0.0, 0.0, 1.0],
                [0.990031, 0.0, -0.140847, 0.014911, -0.140847, 0.0, -0.990031, -0.004564, 0.0, 1.0, 0.0, 0.735081, 0.0, 0.0, 0.0, 1.0],
                [0.990031, 0.0, -0.140847, 0.014911, -0.140847, 0.0, -0.990031, -0.004564, 0.0, 1.0, 0.0, 0.735401, 0.0, 0.0, 0.0, 1.0],
                [0.990031, 0.0, -0.140847, 0.014911, -0.140847, 0.0, -0.990031, -0.004564, 0.0, 1.0, 0.0, 0.735713, 0.0, 0.0, 0.0, 1.0],
                [0.990031, 0.0, -0.140847, 0.014911, -0.140847, 0.0, -0.990031, -0.004564, 0.0, 1.0, 0.0, 0.736016, 0.0, 0.0, 0.0, 1.0],
                [0.990031, 0.0, -0.140847, 0.014911, -0.140847, 0.0, -0.990031, -0.004564, 0.0, 1.0, 0.0, 0.73631, 0.0, 0.0, 0.0, 1.0],
                [0.990031, 0.0, -0.140847, 0.014911, -0.140847, 0.0, -0.990031, -0.004564, 0.0, 1.0, 0.0, 0.736593, 0.0, 0.0, 0.0, 1.0],
                [0.990031, 0.0, -0.140847, 0.014911, -0.140847, 0.0, -0.990031, -0.004564, 0.0, 1.0, 0.0, 0.736865, 0.0, 0.0, 0.0, 1.0],
                [0.990031, 0.0, -0.140847, 0.014911, -0.140847, 0.0, -0.990031, -0.004564, 0.0, 1.0, 0.0, 0.737125, 0.0, 0.0, 0.0, 1.0],
                [0.990031, 0.0, -0.140847, 0.014911, -0.140847, 0.0, -0.990031, -0.004564, 0.0, 1.0, 0.0, 0.737373, 0.0, 0.0, 0.0, 1.0],
                [0.990031, 0.0, -0.140847, 0.014911, -0.140847, 0.0, -0.990031, -0.004564, 0.0, 1.0, 0.0, 0.737608, 0.0, 0.0, 0.0, 1.0],
                [0.990031, 0.0, -0.140847, 0.014911, -0.140847, 0.0, -0.990031, -0.004564, 0.0, 1.0, 0.0, 0.737829, 0.0, 0.0, 0.0, 1.0],
                [0.990031, 0.0, -0.140847, 0.014911, -0.140847, 0.0, -0.990031, -0.004564, 0.0, 1.0, 0.0, 0.738036, 0.0, 0.0, 0.0, 1.0],
                [0.990031, 0.0, -0.140847, 0.014911, -0.140847, 0.0, -0.990031, -0.004564, 0.0, 1.0, 0.0, 0.738228, 0.0, 0.0, 0.0, 1.0],
                [0.990031, 0.0, -0.140847, 0.014911, -0.140847, 0.0, -0.990031, -0.004564, 0.0, 1.0, 0.0, 0.738406, 0.0, 0.0, 0.0, 1.0],
                [0.990031, 0.0, -0.140847, 0.014911, -0.140847, 0.0, -0.990031, -0.004564, 0.0, 1.0, 0.0, 0.738569, 0.0, 0.0, 0.0, 1.0],
                [0.990031, 0.0, -0.140847, 0.014911, -0.140847, 0.0, -0.990031, -0.004564, 0.0, 1.0, 0.0, 0.738717, 0.0, 0.0, 0.0, 1.0],
                [0.990031, 0.0, -0.140847, 0.014911, -0.140847, 0.0, -0.990031, -0.004564, 0.0, 1.0, 0.0, 0.738849, 0.0, 0.0, 0.0, 1.0],
                [0.990031, 0.0, -0.140847, 0.014911, -0.140847, 0.0, -0.990031, -0.004564, 0.0, 1.0, 0.0, 0.738966, 0.0, 0.0, 0.0, 1.0],
                [0.990031, 0.0, -0.140847, 0.014911, -0.140847, 0.0, -0.990031, -0.004564, 0.0, 1.0, 0.0, 0.739067, 0.0, 0.0, 0.0, 1.0],
                [0.990031, 0.0, -0.140847, 0.014911, -0.140847, 0.0, -0.990031, -0.004564, 0.0, 1.0, 0.0, 0.739153, 0.0, 0.0, 0.0, 1.0],
                [0.990031, 0.0, -0.140847, 0.014911, -0.140847, 0.0, -0.990031, -0.004564, 0.0, 1.0, 0.0, 0.739222, 0.0, 0.0, 0.0, 1.0],
                [0.990031, 0.0, -0.140847, 0.014911, -0.140847, 0.0, -0.990031, -0.004564, 0.0, 1.0, 0.0, 0.739277, 0.0, 0.0, 0.0, 1.0],
                [0.990031, 0.0, -0.140847, 0.014911, -0.140847, 0.0, -0.990031, -0.004564, 0.0, 1.0, 0.0, 0.739315, 0.0, 0.0, 0.0, 1.0],
                [0.990031, 0.0, -0.140847, 0.014911, -0.140847, 0.0, -0.990031, -0.004564, 0.0, 1.0, 0.0, 0.739338, 0.0, 0.0, 0.0, 1.0],
                [0.990031, 0.0, -0.140847, 0.014911, -0.140847, 0.0, -0.990031, -0.004564, 0.0, 1.0, 0.0, 0.739346, 0.0, 0.0, 0.0, 1.0]
            ]
        },
        {
            "name": "Thigh_R",
            "time": [0.0, 0.0167, 0.0333, 0.05, 0.0667, 0.0833, 0.1, 0.1167, 0.1333, 0.15, 0.1667, 0.1833, 0.2, 0.2167, 0.2333, 0.25, 0.2667, 0.2833, 0.3, 0.3167, 0.3333, 0.35, 0.3667, 0.3833, 0.4, 0.4167, 0.4333, 0.45, 0.4667, 0.4833, 0.5, 0.5167, 0.5333, 0.55, 0.5667, 0.5833, 0.6, 0.6167, 0.6333, 0.65, 0.6667, 0.6833, 0.7, 0.7167, 0.7333, 0.75, 0.7667, 0.7833, 0.8, 0.8167, 0.8333, 0.85, 0.8667, 0.8833, 0.9, 0.9167, 0.9333, 0.95, 0.9667, 0.9833, 1.0, 1.0167, 1.0333, 1.05, 1.0667, 1.0833, 1.1, 1.1167, 1.1333, 1.15, 1.1667, 1.1833, 1.2, 1.2167, 1.2333, 1.25, 1.2667, 1.2833, 1.3, 1.3167, 1.3333, 1.35, 1.3667, 1.3833, 1.4, 1.4167, 1.4333, 1.45, 1.4667, 1.4833, 1.5, 1.5167, 1.5333, 1.55, 1.5667, 1.5833, 1.6, 1.6167, 1.6333, 1.65, 1.6667, 1.6833, 1.7, 1.7167, 1.7333, 1.75, 1.7667, 1.7833, 1.8, 1.8167, 1.8333, 1.85, 1.8667, 1.8833, 1.9, 1.9167, 1.9333, 1.95, 1.9667, 1.9833, 2.0],
            "transform": [
                [0.880713, -0.037443, 0.472171, 0.124994, 0.051562, -0.983367, -0.174157, -0.002831, 0.470836, 0.177727, -0.864137, -1.2e-05, 0.0, 0.0, 0.0, 1.0],
                [0.880713, -0.037367, 0.472177, 0.124994, 0.051563, -0.983395, -0.174, -0.002831, 0.470836, 0.17759, -0.864165, -1.2e-05, 0.0, 0.0, 0.0, 1.0],
                [0.880712, -0.037138, 0.472196, 0.124994, 0.051565, -0.983478, -0.173527, -0.002831, 0.470837, 0.177175, -0.86425, -1.2e-05, 0.0, 0.0, 0.0, 1.0],
                [0.880712, -0.036758, 0.472227, 0.124994, 0.051569, -0.983616, -0.172744, -0.002831, 0.470838, 0.176489, -0.86439, -1.2e-05, 0.0, 0.0, 0.0, 1.0],
                [0.880711, -0.036235, 0.472269, 0.124994, 0.051574, -0.983805, -0.171662, -0.002831, 0.470839, 0.17554, -0.864582, -1.2e-05, 0.0, 0.0, 0.0, 1.0],
                [0.880709, -0.035574, 0.472321, 0.124994, 0.051581, -0.984042, -0.170298, -0.002831, 0.47084, 0.174345, -0.864824, -1.2e-05, 0.0, 0.0, 0.0, 1.0],
                [0.880708, -0.034783, 0.472383, 0.124994, 0.05159, -0.984323, -0.168664, -0.002831, 0.470842, 0.172913, -0.86511, -1.2e-05, 0.0, 0.0, 0.0, 1.0],
                [0.880706, -0.033872, 0.472453, 0.124994, 0.0516, -0.984643, -0.166783, -0.002831, 0.470844, 0.171265, -0.865437, -1.2e-05, 0.0, 0.0, 0.0, 1.0],
                [0.880704, -0.032853, 0.472528, 0.124994, 0.051611, -0.984996, -0.164678, -0.002831, 0.470847, 0.169419, -0.865798, -1.2e-05, 0.0, 0.0, 0.0, 1.0],
                [0.880702, -0.031734, 0.472609, 0.124994, 0.051624, -0.985379, -0.162367, -0.002831, 0.470849, 0.167394, -0.866191, -1.2e-05, 0.0, 0.0, 0.0, 1.0],
                [0.880699, -0.030526, 0.472693, 0.124994, 0.051639, -0.985786, -0.159874, -0.002831, 0.470853, 0.165209, -0.866608, -1.2e-05, 0.0, 0.0, 0.0, 1.0],
                [0.880697, -0.02924, 0.47278, 0.124994, 0.051654, -0.986212, -0.157219, -0.002831, 0.470856, 0.162882, -0.867047, -1.2e-05, 0.0, 0.0, 0.0, 1.0],
                [0.880693, -0.027886, 0.472867, 0.124994, 0.051672, -0.986653, -0.154423, -0.002831, 0.47086, 0.160432, -0.867501, -1.2e-05, 0.0, 0.0, 0.0, 1.0],
                [0.88069, -0.026472, 0.472955, 0.124994, 0.05169, -0.987105, -0.151503, -0.002831, 0.470864, 0.157873, -0.867968, -1.2e-05, 0.0, 0.0, 0.0, 1.0],
                [0.880687, -0.025007, 0.473041, 0.124994, 0.05171, -0.987563, -0.148478, -0.002831, 0.470869, 0.155222, -0.868444, -1.2e-05, 0.0, 0.0, 0.0, 1.0],
                [0.880683, -0.023498, 0.473126, 0.124994, 0.05173, -0.988025, -0.145365, -0.002831, 0.470874, 0.152494, -0.868924, -1.2e-05, 0.0, 0.0, 0.0, 1.0],
                [0.880678, -0.021954, 0.473208, 0.124994, 0.051752, -0.988488, -0.142177, -0.002831, 0.470879, 0.149701, -0.869407, -1.2e-05, 0.0, 0.0, 0.0, 1.0],
                [0.880674, -0.02038, 0.473286, 0.124994, 0.051776, -0.988948, -0.138929, -0.002831, 0.470885, 0.146855, -0.869889, -1.2e-05, 0.0, 0.0, 0.0, 1.0],
                [0.880669, -0.018786, 0.473361, 0.124994, 0.0518, -0.989403, -0.135638, -0.002831, 0.470891, 0.143971, -0.870368, -1.2e-05, 0.0, 0.0, 0.0, 1.0],
                [0.880665, -0.017173, 0.473431, 0.124994, 0.051825, -0.989853, -0.132311, -0.002831, 0.470897, 0.141056, -0.870842, -1.2e-05, 0.0, 0.0, 0.0, 1.0],
                [0.88066, -0.01555, 0.473497, 0.124994, 0.051851, -0.990293, -0.128962, -0.002831, 0.470904, 0.138122, -0.871308, -1.2e-05, 0.0, 0.0, 0.0, 1.0],
                [0.880654, -0.013922, 0.473557, 0.124994, 0.051878, -0.990723, -0.125603, -0.002831, 0.47091, 0.135179, -0.871766, -1.2e-05, 0.0, 0.0, 0.0, 1.0],
                [0.880649, -0.012293, 0.473612, 0.124994, 0.051906, -0.991142, -0.122242, -0.002831, 0.470918, 0.132234, -0.872214, -1.2e-05, 0.0, 0.0, 0.0, 1.0],
                [0.880643, -0.010668, 0.473662, 0.124994, 0.051934, -0.991548, -0.118891, -0.002831, 0.470925, 0.129299, -0.87265, -1.2e-05, 0.0, 0.0, 0.0, 1.0],
                [0.880638, -0.009052, 0.473706, 0.124994, 0.051963, -0.991941, -0.115557, -0.002831, 0.470932, 0.126378, -0.873074, -1.2e-05, 0.0, 0.0, 0.0, 1.0],
                [0.880632, -0.007448, 0.473745, 0.124994, 0.051993, -0.992319, -0.112251, -0.002831, 0.47094, 0.123481, -0.873484, -1.2e-05, 0.0, 0.0, 0.0, 1.0],
                [0.880626, -0.005861, 0.473779, 0.124994, 0.052023, -0.992682, -0.108978, -0.002831, 0.470948, 0.120615, -0.87388, -1.2e-05, 0.0, 0.0, 0.0, 1.0],
                [0.88062, -0.004294, 0.473807, 0.124994, 0.052053, -0.99303, -0.105748, -0.002831, 0.470956, 0.117785, -0.874262, -1.2e-05, 0.0, 0.0, 0.0, 1.0],
                [0.880613, -0.002751, 0.47383, 0.124994, 0.052084, -0.993362, -0.102567, -0.002831, 0.470964, 0.114999, -0.874628, -1.2e-05, 0.0, 0.0, 0.0, 1.0],
                [0.880607, -0.001235, 0.473848, 0.124994, 0.052114, -0.993678, -0.099443, -0.002831, 0.470973, 0.112263, -0.874979, -1.2e-05, 0.0, 0.0, 0.0, 1.0],
                [0.880601, 0.00025, 0.473861, 0.124994, 0.052145, -0.993978, -0.096382, -0.002831, 0.470981, 0.109583, -0.875314, -1.2e-05, 0.0, 0.0, 0.0, 1.0],
                [0.880595, 0.001702, 0.473869, 0.124994, 0.052176, -0.994262, -0.09339, -0.002831, 0.470989, 0.106962, -0.875634, -1.2e-05, 0.0, 0.0, 0.0, 1.0],
                [0.880588, 0.003118, 0.473874, 0.124994, 0.052207, -0.99453, -0.090472, -0.002831, 0.470998, 0.104407, -0.875938, -1.2e-05, 0.0, 0.0, 0.0, 1.0],
                [0.880582, 0.004496, 0.473874, 0.124994, 0.052237, -0.994782, -0.087633, -0.002831, 0.471006, 0.101921, -0.876226, -1.2e-05, 0.0, 0.0, 0.0, 1.0],
                [0.880576, 0.005833, 0.473871, 0.124994, 0.052267, -0.99502, -0.084879, -0.002831, 0.471014, 0.099509, -0.876499, -1.2e-05, 0.0, 0.0, 0.0, 1.0],
                [0.88057, 0.007128, 0.473865, 0.124994, 0.052297, -0.995242, -0.082213, -0.002831, 0.471022, 0.097174, -0.876756, -1.2e-05, 0.0, 0.0, 0.0, 1.0],
                [0.880564, 0.008378, 0.473856, 0.124994, 0.052326, -0.99545, -0.079638, -0.002831, 0.47103, 0.09492, -0.876999, -1.2e-05, 0.0, 0.0, 0.0, 1.0],
                [0.880558, 0.009581, 0.473844, 0.124994, 0.052354, -0.995643, -0.077161, -0.002831, 0.471038, 0.092751, -0.877227, -1.2e-05, 0.0, 0.0, 0.0, 1.0],
                [0.880552, 0.010736, 0.47383, 0.124994, 0.052382, -0.995823, -0.074783, -0.002831, 0.471046, 0.090669, -0.87744, -1.2e-05, 0.0, 0.0, 0.0, 1.0],
                [0.880547, 0.011842, 0.473814, 0.124994, 0.052409, -0.99599, -0.072507, -0.002831, 0.471053, 0.088676, -0.87764, -1.2e-05, 0.0, 0.0, 0.0, 1.0],
                [0.880541, 0.012898, 0.473796, 0.124994, 0.052435, -0.996145, -0.070333, -0.002831, 0.471061, 0.086773, -0.877826, -1.2e-05, 0.0, 0.0, 0.0, 1.0],
                [0.880536, 0.013903, 0.473778, 0.124994, 0.05246, -0.996287, -0.068264, -0.002831, 0.471067, 0.084962, -0.878, -1.2e-05, 0.0, 0.0, 0.0, 1.0],
                [0.880531, 0.014857, 0.473758, 0.124994, 0.052484, -0.996418, -0.066302, -0.002831, 0.471074, 0.083244, -0.87816, -1.2e-05, 0.0, 0.0, 0.0, 1.0],
                [0.880526, 0.015758, 0.473738, 0.124994, 0.052507, -0.996539, -0.064446, -0.002831, 0.471081, 0.08162, -0.878309, -1.2e-05, 0.0, 0.0, 0.0, 1.0],
                [0.880521, 0.016607, 0.473718, 0.124994, 0.052529, -0.996649, -0.062699, -0.002831, 0.471087, 0.080091, -0.878447, -1.2e-05, 0.0, 0.0, 0.0, 1.0],
                [0.880517, 0.017404, 0.473697, 0.124994, 0.05255, -0.99675, -0.061061, -0.002831, 0.471093, 0.078657, -0.878573, -1.2e-05, 0.0, 0.0, 0.0, 1.0],
                [0.880513, 0.018146, 0.473677, 0.124994, 0.052569, -0.996841, -0.059533, -0.002831, 0.471098, 0.07732, -0.878689, -1.2e-05, 0.0, 0.0, 0.0, 1.0],
                [0.880509, 0.018836, 0.473657, 0.124994, 0.052588, -0.996924, -0.058115, -0.002831, 0.471104, 0.076078, -0.878795, -1.2e-05, 0.0, 0.0, 0.0, 1.0],
                [0.880506, 0.019473, 0.473638, 0.124994, 0.052605, -0.996999, -0.056805, -0.002831, 0.471108, 0.074932, -0.878891, -1.2e-05, 0.0, 0.0, 0.0, 1.0],
                [0.880502, 0.020057, 0.47362, 0.124994, 0.052621, -0.997065, -0.055605, -0.002831, 0.471113, 0.073881, -0.878977, -1.2e-05, 0.0, 0.0, 0.0, 1.0],
                [0.880499, 0.020586, 0.473603, 0.124994, 0.052635, -0.997125, -0.054516, -0.002831, 0.471117, 0.072928, -0.879054, -1.2e-05, 0.0, 0.0, 0.0, 1.0],
                [0.880496, 0.021061, 0.473587, 0.124994, 0.052648, -0.997177, -0.053539, -0.002831, 0.471121, 0.072073, -0.879123, -1.2e-05, 0.0, 0.0, 0.0, 1.0],
                [0.880494, 0.021484, 0.473573, 0.124994, 0.05266, -0.997223, -0.052669, -0.002831, 0.471124, 0.071312, -0.879183, -1.2e-05, 0.0, 0.0, 0.0, 1.0],
                [0.880492, 0.021856, 0.47356, 0.124994, 0.05267, -0.997262, -0.051905, -0.002831, 0.471127, 0.070643, -0.879236, -1.2e-05, 0.0, 0.0, 0.0, 1.0],
                [0.88049, 0.022177, 0.473548, 0.124994, 0.052679, -0.997296, -0.051245, -0.002831, 0.471129, 0.070065, -0.879281, -1.2e-05, 0.0, 0.0, 0.0, 1.0],
                [0.880488, 0.022447, 0.473539, 0.124994, 0.052687, -0.997324, -0.05069, -0.002831, 0.471132, 0.069579, -0.879318, -1.2e-05, 0.0, 0.0, 0.0, 1.0],
                [0.880487, 0.022667, 0.473531, 0.124994, 0.052693, -0.997346, -0.050237, -0.002831, 0.471133, 0.069183, -0.879348, -1.2e-05, 0.0, 0.0, 0.0, 1.0],
                [0.880486, 0.022838, 0.473524, 0.124994, 0.052698, -0.997364, -0.049887, -0.002831, 0.471135, 0.068877, -0.879372, -1.2e-05, 0.0, 0.0, 0.0, 1.0],
                [0.880485, 0.022959, 0.47352, 0.124994, 0.052701, -0.997376, -0.049638, -0.002831, 0.471136, 0.068659, -0.879388, -1.2e-05, 0.0, 0.0, 0.0, 1.0],
                [0.880485, 0.023031, 0.473517, 0.124994, 0.052703, -0.997383, -0.049489, -0.002831, 0.471136, 0.068529, -0.879398, -1.2e-05, 0.0, 0.0, 0.0, 1.0],
                [0.880484, 0.023055, 0.473516, 0.124994, 0.052704, -0.997386, -0.04944, -0.002831, 0.471137, 0.068486, -0.879401, -1.2e-05, 0.0, 0.0, 0.0, 1.0],
                [0.880485, 0.023031, 0.473517, 0.124994, 0.052703, -0.997383, -0.049489, -0.002831, 0.471136, 0.068529, -0.879398, -1.2e-05, 0.0, 0.0, 0.0, 1.0],
                [0.880485, 0.022959, 0.47352, 0.124994, 0.052701, -0.997376, -0.049638, -0.002831, 0.471136, 0.068659, -0.879388, -1.2e-05, 0.0, 0.0, 0.0, 1.0],
                [0.880486, 0.022838, 0.473524, 0.124994, 0.052698, -0.997364, -0.049887, -0.002831, 0.471135, 0.068877, -0.879372, -1.2e-05, 0.0, 0.0, 0.0, 1.0],
                [0.880487, 0.022667, 0.473531, 0.124994, 0.052693, -0.997346, -0.050237, -0.002831, 0.471133, 0.069183, -0.879348, -1.2e-05, 0.0, 0.0, 0.0, 1.0],
                [0.880488, 0.022447, 0.473539, 0.124994, 0.052687, -0.997324, -0.05069, -0.002831, 0.471132, 0.069579, -0.879318, -1.2e-05, 0.0, 0.0, 0.0, 1.0],
                [0.88049, 0.022177, 0.473548, 0.124994, 0.052679, -0.997296, -0.051245, -0.002831, 0.471129, 0.070065, -0.879281, -1.2e-05, 0.0, 0.0, 0.0, 1.0],
                [0.880492, 0.021856, 0.47356, 0.124994, 0.05267, -0.997262, -0.051905, -0.002831, 0.471127, 0.070643, -0.879236, -1.2e-05, 0.0, 0.0, 0.0, 1.0],
                [0.880494, 0.021484, 0.473573, 0.124994, 0.05266, -0.997223, -0.052669, -0.002831, 0.471124, 0.071312, -0.879183, -1.2e-05, 0.0, 0.0, 0.0, 1.0],
                [0.880496, 0.021061, 0.473587, 0.124994, 0.052648, -0.997177, -0.053539, -0.002831, 0.471121, 0.072073, -0.879123, -1.2e-05, 0.0, 0.0, 0.0, 1.0],
                [0.880499, 0.020586, 0.473603, 0.124994, 0.052635, -0.997125, -0.054516, -0.002831, 0.471117, 0.072928, -0.879054, -1.2e-05, 0.0, 0.0, 0.0, 1.0],
                [0.880502, 0.020057, 0.47362, 0.124994, 0.052621, -0.997065, -0.055605, -0.002831, 0.471113, 0.073881, -0.878977, -1.2e-05, 0.0, 0.0, 0.0, 1.0],
                [0.880506, 0.019473, 0.473638, 0.124994, 0.052605, -0.996999, -0.056805, -0.002831, 0.471108, 0.074932, -0.878891, -1.2e-05, 0.0, 0.0, 0.0, 1.0],
                [0.880509, 0.018836, 0.473657, 0.124994, 0.052588, -0.996924, -0.058115, -0.002831, 0.471104, 0.076078, -0.878795, -1.2e-05, 0.0, 0.0, 0.0, 1.0],
                [0.880513, 0.018146, 0.473677, 0.124994, 0.052569, -0.996841, -0.059533, -0.002831, 0.471098, 0.07732, -0.878689, -1.2e-05, 0.0, 0.0, 0.0, 1.0],
                [0.880517, 0.017404, 0.473697, 0.124994, 0.05255, -0.99675, -0.061061, -0.002831, 0.471093, 0.078657, -0.878573, -1.2e-05, 0.0, 0.0, 0.0, 1.0],
                [0.880521, 0.016607, 0.473718, 0.124994, 0.052529, -0.996649, -0.062699, -0.002831, 0.471087, 0.080091, -0.878447, -1.2e-05, 0.0, 0.0, 0.0, 1.0],
                [0.880526, 0.015758, 0.473738, 0.124994, 0.052507, -0.996539, -0.064446, -0.002831, 0.471081, 0.08162, -0.878309, -1.2e-05, 0.0, 0.0, 0.0, 1.0],
                [0.880531, 0.014857, 0.473758, 0.124994, 0.052484, -0.996418, -0.066302, -0.002831, 0.471074, 0.083244, -0.87816, -1.2e-05, 0.0, 0.0, 0.0, 1.0],
                [0.880536, 0.013903, 0.473778, 0.124994, 0.05246, -0.996287, -0.068264, -0.002831, 0.471067, 0.084962, -0.878, -1.2e-05, 0.0, 0.0, 0.0, 1.0],
                [0.880541, 0.012898, 0.473796, 0.124994, 0.052435, -0.996145, -0.070333, -0.002831, 0.471061, 0.086773, -0.877826, -1.2e-05, 0.0, 0.0, 0.0, 1.0],
                [0.880547, 0.011842, 0.473814, 0.124994, 0.052409, -0.99599, -0.072507, -0.002831, 0.471053, 0.088676, -0.87764, -1.2e-05, 0.0, 0.0, 0.0, 1.0],
                [0.880552, 0.010736, 0.47383, 0.124994, 0.052382, -0.995823, -0.074783, -0.002831, 0.471046, 0.090669, -0.87744, -1.2e-05, 0.0, 0.0, 0.0, 1.0],
                [0.880558, 0.009581, 0.473844, 0.124994, 0.052354, -0.995643, -0.077161, -0.002831, 0.471038, 0.092751, -0.877227, -1.2e-05, 0.0, 0.0, 0.0, 1.0],
                [0.880564, 0.008378, 0.473856, 0.124994, 0.052326, -0.99545, -0.079638, -0.002831, 0.47103, 0.09492, -0.876999, -1.2e-05, 0.0, 0.0, 0.0, 1.0],
                [0.88057, 0.007128, 0.473865, 0.124994, 0.052297, -0.995242, -0.082213, -0.002831, 0.471022, 0.097174, -0.876756, -1.2e-05, 0.0, 0.0, 0.0, 1.0],
                [0.880576, 0.005833, 0.473871, 0.124994, 0.052267, -0.99502, -0.084879, -0.002831, 0.471014, 0.099509, -0.876499, -1.2e-05, 0.0, 0.0, 0.0, 1.0],
                [0.880582, 0.004496, 0.473874, 0.124994, 0.052237, -0.994782, -0.087633, -0.002831, 0.471006, 0.101921, -0.876226, -1.2e-05, 0.0, 0.0, 0.0, 1.0],
                [0.880588, 0.003118, 0.473874, 0.124994, 0.052207, -0.99453, -0.090472, -0.002831, 0.470998, 0.104407, -0.875938, -1.2e-05, 0.0, 0.0, 0.0, 1.0],
                [0.880595, 0.001702, 0.473869, 0.124994, 0.052176, -0.994262, -0.09339, -0.002831, 0.470989, 0.106962, -0.875634, -1.2e-05, 0.0, 0.0, 0.0, 1.0],
                [0.880601, 0.00025, 0.473861, 0.124994, 0.052145, -0.993978, -0.096382, -0.002831, 0.470981, 0.109583, -0.875314, -1.2e-05, 0.0, 0.0, 0.0, 1.0],
                [0.880607, -0.001235, 0.473848, 0.124994, 0.052114, -0.993678, -0.099443, -0.002831, 0.470973, 0.112263, -0.874979, -1.2e-05, 0.0, 0.0, 0.0, 1.0],
                [0.880613, -0.002751, 0.47383, 0.124994, 0.052084, -0.993362, -0.102567, -0.002831, 0.470964, 0.114999, -0.874628, -1.2e-05, 0.0, 0.0, 0.0, 1.0],
                [0.88062, -0.004294, 0.473807, 0.124994, 0.052053, -0.99303, -0.105748, -0.002831, 0.470956, 0.117785, -0.874262, -1.2e-05, 0.0, 0.0, 0.0, 1.0],
                [0.880626, -0.005861, 0.473779, 0.124994, 0.052023, -0.992682, -0.108978, -0.002831, 0.470948, 0.120615, -0.87388, -1.2e-05, 0.0, 0.0, 0.0, 1.0],
                [0.880632, -0.007448, 0.473745, 0.124994, 0.051993, -0.992319, -0.112251, -0.002831, 0.47094, 0.123481, -0.873484, -1.2e-05, 0.0, 0.0, 0.0, 1.0],
                [0.880638, -0.009052, 0.473706, 0.124994, 0.051963, -0.991941, -0.115557, -0.002831, 0.470932, 0.126378, -0.873074, -1.2e-05, 0.0, 0.0, 0.0, 1.0],
                [0.880643, -0.010668, 0.473662, 0.124994, 0.051934, -0.991548, -0.118891, -0.002831, 0.470925, 0.129299, -0.87265, -1.2e-05, 0.0, 0.0, 0.0, 1.0],
                [0.880649, -0.012293, 0.473612, 0.124994, 0.051906, -0.991142, -0.122242, -0.002831, 0.470918, 0.132234, -0.872214, -1.2e-05, 0.0, 0.0, 0.0, 1.0],
                [0.880654, -0.013922, 0.473557, 0.124994, 0.051878, -0.990723, -0.125603, -0.002831, 0.47091, 0.135179, -0.871766, -1.2e-05, 0.0, 0.0, 0.0, 1.0],
                [0.88066, -0.01555, 0.473497, 0.124994, 0.051851, -0.990293, -0.128962, -0.002831, 0.470904, 0.138122, -0.871308, -1.2e-05, 0.0, 0.0, 0.0, 1.0],
                [0.880665, -0.017173, 0.473431, 0.124994, 0.051825, -0.989853, -0.132311, -0.002831, 0.470897, 0.141056, -0.870842, -1.2e-05, 0.0, 0.0, 0.0, 1.0],
                [0.880669, -0.018786, 0.473361, 0.124994, 0.0518, -0.989403, -0.135638, -0.002831, 0.470891, 0.143971, -0.870368, -1.2e-05, 0.0, 0.0, 0.0, 1.0],
                [0.880674, -0.02038, 0.473286, 0.124994, 0.051776, -0.988948, -0.138929, -0.002831, 0.470885, 0.146855, -0.869889, -1.2e-05, 0.0, 0.0, 0.0, 1.0],
                [0.880678, -0.021954, 0.473208, 0.124994, 0.051752, -0.988488, -0.142177, -0.002831, 0.470879, 0.149701, -0.869407, -1.2e-05, 0.0, 0.0, 0.0, 1.0],
                [0.880683, -0.023498, 0.473126, 0.124994, 0.05173, -0.988025, -0.145365, -0.002831, 0.470874, 0.152494, -0.868924, -1.2e-05, 0.0, 0.0, 0.0, 1.0],
                [0.880687, -0.025007, 0.473041, 0.124994, 0.05171, -0.987563, -0.148478, -0.002831, 0.470869, 0.155222, -0.868444, -1.2e-05, 0.0, 0.0, 0.0, 1.0],
                [0.88069, -0.026472, 0.472955, 0.124994, 0.05169, -0.987105, -0.151503, -0.002831, 0.470864, 0.157873, -0.867968, -1.2e-05, 0.0, 0.0, 0.0, 1.0],
                [0.880693, -0.027886, 0.472867, 0.124994, 0.051672, -0.986653, -0.154423, -0.002831, 0.47086, 0.160432, -0.867501, -1.2e-05, 0.0, 0.0, 0.0, 1.0],
                [0.880697, -0.02924, 0.47278, 0.124994, 0.051654, -0.986212, -0.157219, -0.002831, 0.470856, 0.162882, -0.867047, -1.2e-05, 0.0, 0.0, 0.0, 1.0],
                [0.880699, -0.030526, 0.472693, 0.124994, 0.051639, -0.985786, -0.159874, -0.002831, 0.470853, 0.165209, -0.866608, -1.2e-05, 0.0, 0.0, 0.0, 1.0],
                [0.880702, -0.031734, 0.472609, 0.124994, 0.051624, -0.985379, -0.162367, -0.002831, 0.470849, 0.167394, -0.866191, -1.2e-05, 0.0, 0.0, 0.0, 1.0],
                [0.880704, -0.032853, 0.472528, 0.124994, 0.051611, -0.984996, -0.164678, -0.002831, 0.470847, 0.169419, -0.865798, -1.2e-05, 0.0, 0.0, 0.0, 1.0],
                [0.880706, -0.033872, 0.472453, 0.124994, 0.0516, -0.984643, -0.166783, -0.002831, 0.470844, 0.171265, -0.865437, -1.2e-05, 0.0, 0.0, 0.0, 1.0],
                [0.880708, -0.034783, 0.472383, 0.124994, 0.05159, -0.984323, -0.168664, -0.002831, 0.470842, 0.172913, -0.86511, -1.2e-05, 0.0, 0.0, 0.0, 1.0],
                [0.880709, -0.035574, 0.472321, 0.124994, 0.051581, -0.984042, -0.170298, -0.002831, 0.47084, 0.174345, -0.864824, -1.2e-05, 0.0, 0.0, 0.0, 1.0],
                [0.880711, -0.036235, 0.472269, 0.124994, 0.051574, -0.983805, -0.171662, -0.002831, 0.470839, 0.17554, -0.864582, -1.2e-05, 0.0, 0.0, 0.0, 1.0],
                [0.880712, -0.036758, 0.472227, 0.124994, 0.051569, -0.983616, -0.172744, -0.002831, 0.470838, 0.176489, -0.86439, -1.2e-05, 0.0, 0.0, 0.0, 1.0],
                [0.880712, -0.037138, 0.472196, 0.124994, 0.051565, -0.983478, -0.173527, -0.002831, 0.470837, 0.177175, -0.86425, -1.2e-05, 0.0, 0.0, 0.0, 1.0],
                [0.880713, -0.037367, 0.472177, 0.124994, 0.051563, -0.983395, -0.174, -0.002831, 0.470836, 0.17759, -0.864165, -1.2e-05, 0.0, 0.0, 0.0, 1.0],
                [0.880713, -0.037443, 0.472171, 0.124994, 0.051562, -0.983367, -0.174157, -0.002831, 0.470836, 0.177727, -0.864137, -1.2e-05, 0.0, 0.0, 0.0, 1.0]
            ]
        },
        {
            "name": "Leg_R",
            "time": [0.0, 0.0167, 0.0333, 0.05, 0.0667, 0.0833, 0.1, 0.1167, 0.1333, 0.15, 0.1667, 0.1833, 0.2, 0.2167, 0.2333, 0.25, 0.2667, 0.2833, 0.3, 0.3167, 0.3333, 0.35, 0.3667, 0.3833, 0.4, 0.4167, 0.4333, 0.45, 0.4667, 0.4833, 0.5, 0.5167, 0.5333, 0.55, 0.5667, 0.5833, 0.6, 0.6167, 0.6333, 0.65, 0.6667, 0.6833, 0.7, 0.7167, 0.7333, 0.75, 0.7667, 0.7833, 0.8, 0.8167, 0.8333, 0.85, 0.8667, 0.8833, 0.9, 0.9167, 0.9333, 0.95, 0.9667, 0.9833, 1.0, 1.0167, 1.0333, 1.05, 1.0667, 1.0833, 1.1, 1.1167, 1.1333, 1.15, 1.1667, 1.1833, 1.2, 1.2167, 1.2333, 1.25, 1.2667, 1.2833, 1.3, 1.3167, 1.3333, 1.35, 1.3667, 1.3833, 1.4, 1.4167, 1.4333, 1.45, 1.4667, 1.4833, 1.5, 1.5167, 1.5333, 1.55, 1.5667, 1.5833, 1.6, 1.6167, 1.6333, 1.65, 1.6667, 1.6833, 1.7, 1.7167, 1.7333, 1.75, 1.7667, 1.7833, 1.8, 1.8167, 1.8333, 1.85, 1.8667, 1.8833, 1.9, 1.9167, 1.9333, 1.95, 1.9667, 1.9833, 2.0],
            "transform": [
                [1.0, -0.000136, -0.000123, -0.0, 0.00015, 0.992613, 0.121323, 0.375166, 0.000106, -0.121324, 0.992613, 0.0, 0.0, 0.0, 0.0, 1.0],
                [1.0, -0.000136, -0.000123, 0.0, 0.00015, 0.992574, 0.121645, 0.375166, 0.000106, -0.121646, 0.992574, -0.0, 0.0, 0.0, 0.0, 1.0],
                [1.0, -0.000137, -0.000123, -0.0, 0.000151, 0.992455, 0.122614, 0.375166, 0.000106, -0.122614, 0.992455, -0.0, 0.0, 0.0, 0.0, 1.0],
                [1.0, -0.000139, -0.000124, -0.0, 0.000153, 0.992256, 0.124217, 0.375166, 0.000106, -0.124218, 0.992255, -0.0, 0.0, 0.0, 0.0, 1.0],
                [1.0, -0.000141, -0.000124, 0.0, 0.000156, 0.991976, 0.126432, 0.375166, 0.000105, -0.126433, 0.991975, 0.0, 0.0, 0.0, 0.0, 1.0],
                [1.0, -0.000145, -0.000124, -0.0, 0.000159, 0.991616, 0.129224, 0.375166, 0.000105, -0.129224, 0.991615, -0.0, 0.0, 0.0, 0.0, 1.0],
