{
    "animation": [
        {
            "name": "Root",
            "time": [0.0, 0.0167, 0.0333, 0.05, 0.0667, 0.0833, 0.1, 0.1167, 0.1333, 0.15, 0.1667, 0.1833, 0.2, 0.2167, 0.2333, 0.25, 0.2667, 0.2833, 0.3, 0.3167, 0.3333, 0.35, 0.3667, 0.3833, 0.4, 0.4167, 0.4333, 0.45, 0.4667, 0.4833, 0.5, 0.5167, 0.5333, 0.55, 0.5667, 0.5833, 0.6, 0.6167, 0.6333, 0.65, 0.6667, 0.6833, 0.7, 0.7167, 0.7333, 0.75, 0.7667, 0.7833, 0.8, 0.8167, 0.8333, 0.85, 0.8667, 0.8833, 0.9, 0.9167, 0.9333, 0.95, 0.9667, 0.9833, 1.0, 1.0167, 1.0333, 1.05, 1.0667, 1.0833, 1.1, 1.1167, 1.1333, 1.15, 1.1667, 1.1833, 1.2, 1.2167, 1.2333, 1.25, 1.2667, 1.2833, 1.3, 1.3167, 1.3333, 1.35, 1.3667, 1.3833, 1.4, 1.4167, 1.4333, 1.45, 1.4667, 1.4833, 1.5, 1.5167, 1.5333, 1.55, 1.5667, 1.5833, 1.6],
            "transform": [
                [0.990031, 0.0, -0.140847, 0.014911, -0.140847, 0.0, -0.990031, -0.004564, 0.0, 1.0, 0.0, 0.739346, 0.0, 0.0, 0.0, 1.0],
                [0.990344, 0.0, -0.13863, 0.014923, -0.13863, 0.0, -0.990344, -0.0034, 0.0, 1.0, 0.0, 0.738262, 0.0, 0.0, 0.0, 1.0],
                [0.991234, 0.0, -0.132121, 0.014959, -0.132121, 0.0, -0.991234, 1.3e-05, 0.0, 1.0, 0.0, 0.735159, 0.0, 0.0, 0.0, 1.0],
                [0.99259, 0.0, -0.121515, 0.015016, -0.121515, 0.0, -0.99259, 0.005554, 0.0, 1.0, 0.0, 0.730261, 0.0, 0.0, 0.0, 1.0],
                [0.99426, 0.0, -0.106992, 0.015091, -0.106992, 0.0, -0.99426, 0.013101, 0.0, 1.0, 0.0, 0.723794, 0.0, 0.0, 0.0, 1.0],
                [0.996056, 0.0, -0.088721, 0.01518, -0.088721, 0.0, -0.996056, 0.022537, 0.0, 1.0, 0.0, 0.71598, 0.0, 0.0, 0.0, 1.0],
                [0.997762, 0.0, -0.066871, 0.01528, -0.066871, 0.0, -0.997762, 0.033739, 0.0, 1.0, 0.0, 0.707045, 0.0, 0.0, 0.0, 1.0],
                [0.999134, 0.0, -0.041614, 0.015386, -0.041614, 0.0, -0.999134, 0.046589, 0.0, 1.0, 0.0, 0.697213, 0.0, 0.0, 0.0, 1.0],
                [0.999914, 0.0, -0.013135, 0.015493, -0.013135, 0.0, -0.999914, 0.060966, 0.0, 1.0, 0.0, 0.686707, 0.0, 0.0, 0.0, 1.0],
                [0.999831, 0.0, 0.018362, 0.015598, 0.018362, 0.0, -0.999831, 0.076751, 0.0, 1.0, 0.0, 0.675754, 0.0, 0.0, 0.0, 1.0],
                [0.998613, 0.0, 0.05265, 0.015694, 0.05265, 0.0, -0.998613, 0.093822, 0.0, 1.0, 0.0, 0.664575, 0.0, 0.0, 0.0, 1.0],
                [0.995989, 0.0, 0.089472, 0.015777, 0.089472, 0.0, -0.995989, 0.112059, 0.0, 1.0, 0.0, 0.653397, 0.0, 0.0, 0.0, 1.0],
                [0.991704, 0.0, 0.128541, 0.015841, 0.128541, 0.0, -0.991704, 0.131339, 0.0, 1.0, 0.0, 0.642443, 0.0, 0.0, 0.0, 1.0],
                [0.985524, 0.0, 0.169535, 0.015882, 0.169535, 0.0, -0.985524, 0.15154, 0.0, 1.0, 0.0, 0.631938, 0.0, 0.0, 0.0, 1.0],
                [0.977248, 0.0, 0.212101, 0.015897, 0.212101, 0.0, -0.977248, 0.172541, 0.0, 1.0, 0.0, 0.622106, 0.0, 0.0, 0.0, 1.0],
                [0.966714, 0.0, 0.25586, 0.01588, 0.25586, 0.0, -0.966714, 0.194216, 0.0, 1.0, 0.0, 0.613171, 0.0, 0.0, 0.0, 1.0],
                [0.953811, 0.0, 0.300406, 0.015829, 0.300406, 0.0, -0.953811, 0.216443, 0.0, 1.0, 0.0, 0.605357, 0.0, 0.0, 0.0, 1.0],
                [0.938485, 0.0, 0.345319, 0.015741, 0.345319, 0.0, -0.938485, 0.239097, 0.0, 1.0, 0.0, 0.59889, 0.0, 0.0, 0.0, 1.0],
                [0.920742, 0.0, 0.390172, 0.015616, 0.390172, 0.0, -0.920742, 0.262053, 0.0, 1.0, 0.0, 0.593992, 0.0, 0.0, 0.0, 1.0],
                [0.900652, 0.0, 0.434542, 0.015452, 0.434542, 0.0, -0.900652, 0.285187, 0.0, 1.0, 0.0, 0.590889, 0.0, 0.0, 0.0, 1.0],
                [0.87835, 0.0, 0.478018, 0.015252, 0.478018, 0.0, -0.87835, 0.308373, 0.0, 1.0, 0.0, 0.589805, 0.0, 0.0, 0.0, 1.0],
                [0.854033, 0.0, 0.520219, 0.015015, 0.520219, 0.0, -0.854033, 0.331487, 0.0, 1.0, 0.0, 0.590536, 0.0, 0.0, 0.0, 1.0],
                [0.827954, 0.0, 0.560796, 0.014746, 0.560796, 0.0, -0.827954, 0.354405, 0.0, 1.0, 0.0, 0.592622, 0.0, 0.0, 0.0, 1.0],
                [0.800416, 0.0, 0.599445, 0.014448, 0.599445, 0.0, -0.800416, 0.377002, 0.0, 1.0, 0.0, 0.595904, 0.0, 0.0, 0.0, 1.0],
                [0.771762, 0.0, 0.635911, 0.014125, 0.635911, 0.0, -0.771762, 0.399157, 0.0, 1.0, 0.0, 0.600222, 0.0, 0.0, 0.0, 1.0],
                [0.742366, 0.0, 0.669995, 0.013782, 0.669995, 0.0, -0.742366, 0.420745, 0.0, 1.0, 0.0, 0.605417, 0.0, 0.0, 0.0, 1.0],
                [0.712621, 0.0, 0.701549, 0.013425, 0.701549, 0.0, -0.712621, 0.441646, 0.0, 1.0, 0.0, 0.611329, 0.0, 0.0, 0.0, 1.0],
                [0.682931, 0.0, 0.730483, 0.013061, 0.730483, 0.0, -0.682931, 0.46174, 0.0, 1.0, 0.0, 0.6178, 0.0, 0.0, 0.0, 1.0],
                [0.653699, 0.0, 0.756755, 0.012695, 0.756755, 0.0, -0.653699, 0.480904, 0.0, 1.0, 0.0, 0.624669, 0.0, 0.0, 0.0, 1.0],
                [0.625322, 0.0, 0.780367, 0.012333, 0.780367, 0.0, -0.625322, 0.499022, 0.0, 1.0, 0.0, 0.631777, 0.0, 0.0, 0.0, 1.0],
                [0.598184, 0.0, 0.801359, 0.011982, 0.801359, 0.0, -0.598184, 0.515973, 0.0, 1.0, 0.0, 0.638965, 0.0, 0.0, 0.0, 1.0],
                [0.57265, 0.0, 0.8198, 0.011647, 0.8198, 0.0, -0.57265, 0.53164, 0.0, 1.0, 0.0, 0.646073, 0.0, 0.0, 0.0, 1.0],
                [0.549064, 0.0, 0.83578, 0.011334, 0.83578, 0.0, -0.549064, 0.545905, 0.0, 1.0, 0.0, 0.652942, 0.0, 0.0, 0.0, 1.0],
                [0.52775, 0.0, 0.8494, 0.011048, 0.8494, 0.0, -0.52775, 0.558651, 0.0, 1.0, 0.0, 0.659413, 0.0, 0.0, 0.0, 1.0],
                [0.509008, 0.0, 0.860762, 0.010795, 0.860762, 0.0, -0.509008, 0.569759, 0.0, 1.0, 0.0, 0.665325, 0.0, 0.0, 0.0, 1.0],
                [0.49312, 0.0, 0.869961, 0.010579, 0.869961, 0.0, -0.49312, 0.579112, 0.0, 1.0, 0.0, 0.67052, 0.0, 0.0, 0.0, 1.0],
                [0.48035, 0.0, 0.877077, 0.010404, 0.877077, 0.0, -0.48035, 0.586593, 0.0, 1.0, 0.0, 0.674838, 0.0, 0.0, 0.0, 1.0],
                [0.470945, 0.0, 0.882163, 0.010275, 0.882163, 0.0, -0.470945, 0.592084, 0.0, 1.0, 0.0, 0.67812, 0.0, 0.0, 0.0, 1.0],
                [0.465139, 0.0, 0.885238, 0.010195, 0.885238, 0.0, -0.465139, 0.595466, 0.0, 1.0, 0.0, 0.680206, 0.0, 0.0, 0.0, 1.0],
                [0.463156, 0.0, 0.886277, 0.010168, 0.886277, 0.0, -0.463156, 0.59662, 0.0, 1.0, 0.0, 0.680937, 0.0, 0.0, 0.0, 1.0],
                [0.463156, 0.0, 0.886277, 0.010168, 0.886277, 0.0, -0.463156, 0.59662, 0.0, 1.0, 0.0, 0.680937, 0.0, 0.0, 0.0, 1.0],
                [0.463156, 0.0, 0.886277, 0.010168, 0.886277, 0.0, -0.463156, 0.59662, 0.0, 1.0, 0.0, 0.680937, 0.0, 0.0, 0.0, 1.0],
                [0.463156, 0.0, 0.886277, 0.010168, 0.886277, 0.0, -0.463156, 0.59662, 0.0, 1.0, 0.0, 0.680937, 0.0, 0.0, 0.0, 1.0],
                [0.463156, 0.0, 0.886277, 0.010168, 0.886277, 0.0, -0.463156, 0.59662, 0.0, 1.0, 0.0, 0.680937, 0.0, 0.0, 0.0, 1.0],
                [0.463156, 0.0, 0.886277, 0.010168, 0.886277, 0.0, -0.463156, 0.59662, 0.0, 1.0, 0.0, 0.680937, 0.0, 0.0, 0.0, 1.0],
                [0.463156, 0.0, 0.886277, 0.010168, 0.886277, 0.0, -0.463156, 0.59662, 0.0, 1.0, 0.0, 0.680937, 0.0, 0.0, 0.0, 1.0],
                [0.463156, 0.0, 0.886277, 0.010168, 0.886277, 0.0, -0.463156, 0.59662, 0.0, 1.0, 0.0, 0.680937, 0.0, 0.0, 0.0, 1.0],
                [0.463156, 0.0, 0.886277, 0.010168, 0.886277, 0.0, -0.463156, 0.59662, 0.0, 1.0, 0.0, 0.680937, 0.0, 0.0, 0.0, 1.0],
                [0.463156, 0.0, 0.886277, 0.010168, 0.886277, 0.0, -0.463156, 0.59662, 0.0, 1.0, 0.0, 0.680937, 0.0, 0.0, 0.0, 1.0],
                [0.463156, 0.0, 0.886277, 0.010168, 0.886277, 0.0, -0.463156, 0.59662, 0.0, 1.0, 0.0, 0.680937, 0.0, 0.0, 0.0, 1.0],
                [0.463156, 0.0, 0.886277, 0.010168, 0.886277, 0.0, -0.463156, 0.59662, 0.0, 1.0, 0.0, 0.680937, 0.0, 0.0, 0.0, 1.0],
                [0.463156, 0.0, 0.886277, 0.010168, 0.886277, 0.0, -0.463156, 0.59662, 0.0, 1.0, 0.0, 0.680937, 0.0, 0.0, 0.0, 1.0],
                [0.463156, 0.0, 0.886277, 0.010168, 0.886277, 0.0, -0.463156, 0.59662, 0.0, 1.0, 0.0, 0.680937, 0.0, 0.0, 0.0, 1.0],
                [0.463156, 0.0, 0.886277, 0.010168, 0.886277, 0.0, -0.463156, 0.59662, 0.0, 1.0, 0.0, 0.680937, 0.0, 0.0, 0.0, 1.0],
                [0.463156, 0.0, 0.886277, 0.010168, 0.886277, 0.0, -0.463156, 0.59662, 0.0, 1.0, 0.0, 0.680937, 0.0, 0.0, 0.0, 1.0],
                [0.463156, 0.0, 0.886277, 0.010168, 0.886277, 0.0, -0.463156, 0.59662, 0.0, 1.0, 0.0, 0.680937, 0.0, 0.0, 0.0, 1.0],
                [0.463156, 0.0, 0.886277, 0.010168, 0.886277, 0.0, -0.463156, 0.59662, 0.0, 1.0, 0.0, 0.680937, 0.0, 0.0, 0.0, 1.0],
                [0.463156, 0.0, 0.886277, 0.010168, 0.886277, 0.0, -0.463156, 0.59662, 0.0, 1.0, 0.0, 0.680937, 0.0, 0.0, 0.0, 1.0],
                [0.463156, 0.0, 0.886277, 0.010168, 0.886277, 0.0, -0.463156, 0.59662, 0.0, 1.0, 0.0, 0.680937, 0.0, 0.0, 0.0, 1.0],
                [0.463156, 0.0, 0.886277, 0.010168, 0.886277, 0.0, -0.463156, 0.59662, 0.0, 1.0, 0.0, 0.680937, 0.0, 0.0, 0.0, 1.0],
                [0.465357, 0.0, 0.885123, 0.010198, 0.885123, 0.0, -0.465357, 0.597593, 0.0, 1.0, 0.0, 0.681062, 0.0, 0.0, 0.0, 1.0],
                [0.471792, 0.0, 0.88171, 0.010287, 0.88171, 0.0, -0.471792, 0.600439, 0.0, 1.0, 0.0, 0.68143, 0.0, 0.0, 0.0, 1.0],
                [0.482199, 0.0, 0.876062, 0.010429, 0.876062, 0.0, -0.482199, 0.605051, 0.0, 1.0, 0.0, 0.682026, 0.0, 0.0, 0.0, 1.0],
                [0.4963, 0.0, 0.868151, 0.010622, 0.868151, 0.0, -0.4963, 0.611319, 0.0, 1.0, 0.0, 0.682837, 0.0, 0.0, 0.0, 1.0],
                [0.513803, 0.0, 0.857908, 0.01086, 0.857908, 0.0, -0.513803, 0.619132, 0.0, 1.0, 0.0, 0.683848, 0.0, 0.0, 0.0, 1.0],
                [0.534395, 0.0, 0.845235, 0.011137, 0.845235, 0.0, -0.534395, 0.628381, 0.0, 1.0, 0.0, 0.685046, 0.0, 0.0, 0.0, 1.0],
                [0.557738, 0.0, 0.830017, 0.011449, 0.830017, 0.0, -0.557738, 0.638955, 0.0, 1.0, 0.0, 0.686418, 0.0, 0.0, 0.0, 1.0],
                [0.583472, 0.0, 0.812133, 0.011789, 0.812133, 0.0, -0.583472, 0.650743, 0.0, 1.0, 0.0, 0.687948, 0.0, 0.0, 0.0, 1.0],
                [0.611208, 0.0, 0.79147, 0.012151, 0.79147, 0.0, -0.611208, 0.663635, 0.0, 1.0, 0.0, 0.689623, 0.0, 0.0, 0.0, 1.0],
                [0.640531, 0.0, 0.767932, 0.012528, 0.767932, 0.0, -0.640531, 0.677521, 0.0, 1.0, 0.0, 0.69143, 0.0, 0.0, 0.0, 1.0],
                [0.671002, 0.0, 0.741455, 0.012912, 0.741455, 0.0, -0.671002, 0.692292, 0.0, 1.0, 0.0, 0.693355, 0.0, 0.0, 0.0, 1.0],
                [0.702162, 0.0, 0.712017, 0.013298, 0.712017, 0.0, -0.702162, 0.707839, 0.0, 1.0, 0.0, 0.695383, 0.0, 0.0, 0.0, 1.0],
                [0.733541, 0.0, 0.679645, 0.013677, 0.679645, 0.0, -0.733541, 0.724053, 0.0, 1.0, 0.0, 0.697501, 0.0, 0.0, 0.0, 1.0],
                [0.764665, 0.0, 0.644428, 0.014043, 0.644428, 0.0, -0.764665, 0.740828, 0.0, 1.0, 0.0, 0.699696, 0.0, 0.0, 0.0, 1.0],
                [0.79507, 0.0, 0.606518, 0.014388, 0.606518, 0.0, -0.79507, 0.758059, 0.0, 1.0, 0.0, 0.701952, 0.0, 0.0, 0.0, 1.0],
                [0.824311, 0.0, 0.566138, 0.014707, 0.566138, 0.0, -0.824311, 0.77564, 0.0, 1.0, 0.0, 0.704257, 0.0, 0.0, 0.0, 1.0],
                [0.85198, 0.0, 0.523574, 0.014994, 0.523574, 0.0, -0.85198, 0.793467, 0.0, 1.0, 0.0, 0.706597, 0.0, 0.0, 0.0, 1.0],
                [0.877718, 0.0, 0.479177, 0.015246, 0.479177, 0.0, -0.877718, 0.811436, 0.0, 1.0, 0.0, 0.708958, 0.0, 0.0, 0.0, 1.0],
                [0.901225, 0.0, 0.433352, 0.015457, 0.433352, 0.0, -0.901225, 0.829446, 0.0, 1.0, 0.0, 0.711325, 0.0, 0.0, 0.0, 1.0],
                [0.922269, 0.0, 0.386548, 0.015627, 0.386548, 0.0, -0.922269, 0.847394, 0.0, 1.0, 0.0, 0.713685, 0.0, 0.0, 0.0, 1.0],
                [0.940698, 0.0, 0.339244, 0.015755, 0.339244, 0.0, -0.940698, 0.865178, 0.0, 1.0, 0.0, 0.716025, 0.0, 0.0, 0.0, 1.0],
                [0.956437, 0.0, 0.291938, 0.015841, 0.291938, 0.0, -0.956437, 0.882697, 0.0, 1.0, 0.0, 0.71833, 0.0, 0.0, 0.0, 1.0],
                [0.969491, 0.0, 0.245128, 0.015887, 0.245128, 0.0, -0.969491, 0.899847, 0.0, 1.0, 0.0, 0.720587, 0.0, 0.0, 0.0, 1.0],
                [0.979938, 0.0, 0.199304, 0.015895, 0.199304, 0.0, -0.979938, 0.916527, 0.0, 1.0, 0.0, 0.722781, 0.0, 0.0, 0.0, 1.0],
                [0.987925, 0.0, 0.154933, 0.015871, 0.154933, 0.0, -0.987925, 0.932634, 0.0, 1.0, 0.0, 0.724899, 0.0, 0.0, 0.0, 1.0],
                [0.993657, 0.0, 0.112451, 0.015817, 0.112451, 0.0, -0.993657, 0.948062, 0.0, 1.0, 0.0, 0.726928, 0.0, 0.0, 0.0, 1.0],
                [0.997386, 0.0, 0.072257, 0.01574, 0.072257, 0.0, -0.997386, 0.96271, 0.0, 1.0, 0.0, 0.728852, 0.0, 0.0, 0.0, 1.0],
                [0.999397, 0.0, 0.034709, 0.015646, 0.034709, 0.0, -0.999397, 0.97647, 0.0, 1.0, 0.0, 0.730659, 0.0, 0.0, 0.0, 1.0],
                [1.0, 0.0, 0.000128, 0.015539, 0.000128, 0.0, -1.0, 0.989236, 0.0, 1.0, 0.0, 0.732335, 0.0, 0.0, 0.0, 1.0],
                [0.999513, 0.0, -0.031206, 0.015426, -0.031206, 0.0, -0.999513, 1.000903, 0.0, 1.0, 0.0, 0.733865, 0.0, 0.0, 0.0, 1.0],
                [0.998255, 0.0, -0.059044, 0.015313, -0.059044, 0.0, -0.998255, 1.011364, 0.0, 1.0, 0.0, 0.735236, 0.0, 0.0, 0.0, 1.0],
                [0.996536, 0.0, -0.083162, 0.015206, -0.083162, 0.0, -0.996536, 1.020509, 0.0, 1.0, 0.0, 0.736434, 0.0, 0.0, 0.0, 1.0],
                [0.994645, 0.0, -0.103353, 0.015109, -0.103353, 0.0, -0.994645, 1.028233, 0.0, 1.0, 0.0, 0.737445, 0.0, 0.0, 0.0, 1.0],
                [0.992844, 0.0, -0.119422, 0.015027, -0.119422, 0.0, -0.992844, 1.034428, 0.0, 1.0, 0.0, 0.738256, 0.0, 0.0, 0.0, 1.0],
                [0.99136, 0.0, -0.131169, 0.014964, -0.131169, 0.0, -0.99136, 1.038985, 0.0, 1.0, 0.0, 0.738852, 0.0, 0.0, 0.0, 1.0],
                [0.990378, 0.0, -0.138386, 0.014925, -0.138386, 0.0, -0.990378, 1.041797, 0.0, 1.0, 0.0, 0.73922, 0.0, 0.0, 0.0, 1.0],
                [0.990031, 0.0, -0.140847, 0.014911, -0.140847, 0.0, -0.990031, 1.042758, 0.0, 1.0, 0.0, 0.739346, 0.0, 0.0, 0.0, 1.0]
            ]
        },
        {
            "name": "Thigh_R",
            "time": [0.0, 0.0167, 0.0333, 0.05, 0.0667, 0.0833, 0.1, 0.1167, 0.1333, 0.15, 0.1667, 0.1833, 0.2, 0.2167, 0.2333, 0.25, 0.2667, 0.2833, 0.3, 0.3167, 0.3333, 0.35, 0.3667, 0.3833, 0.4, 0.4167, 0.4333, 0.45, 0.4667, 0.4833, 0.5, 0.5167, 0.5333, 0.55, 0.5667, 0.5833, 0.6, 0.6167, 0.6333, 0.65, 0.6667, 0.6833, 0.7, 0.7167, 0.7333, 0.75, 0.7667, 0.7833, 0.8, 0.8167, 0.8333, 0.85, 0.8667, 0.8833, 0.9, 0.9167, 0.9333, 0.95, 0.9667, 0.9833, 1.0, 1.0167, 1.0333, 1.05, 1.0667, 1.0833, 1.1, 1.1167, 1.1333, 1.15, 1.1667, 1.1833, 1.2, 1.2167, 1.2333, 1.25, 1.2667, 1.2833, 1.3, 1.3167, 1.3333, 1.35, 1.3667, 1.3833, 1.4, 1.4167, 1.4333, 1.45, 1.4667, 1.4833, 1.5, 1.5167, 1.5333, 1.55, 1.5667, 1.5833, 1.6],
            "transform": [
                [0.880713, -0.037443, 0.472171, 0.124994, 0.051562, -0.983367, -0.174157, -0.002831, 0.470836, 0.177727, -0.864137, -1.2e-05, 0.0, 0.0, 0.0, 1.0],
                [0.880758, -0.020871, 0.473109, 0.124994, 0.052076, -0.988701, -0.140566, -0.002831, 0.470695, 0.148441, -0.869723, -1.2e-05, 0.0, 0.0, 0.0, 1.0],
                [0.880886, 0.009455, 0.473237, 0.124994, 0.053548, -0.995373, -0.079789, -0.002831, 0.47029, 0.095624, -0.877319, -1.2e-05, 0.0, 0.0, 0.0, 1.0],
                [0.881085, 0.042458, 0.47105, 0.124994, 0.055929, -0.998328, -0.014631, -0.002831, 0.469639, 0.039235, -0.88199, -1.2e-05, 0.0, 0.0, 0.0, 1.0],
                [0.881342, 0.076105, 0.466311, 0.124994, 0.059214, -0.996953, 0.05079, -0.002831, 0.468754, -0.017152, -0.883166, -1.2e-05, 0.0, 0.0, 0.0, 1.0],
                [0.88164, 0.109688, 0.459001, 0.124994, 0.063419, -0.99133, 0.115083, -0.002831, 0.467643, -0.072353, -0.880955, -1.2e-05, 0.0, 0.0, 0.0, 1.0],
                [0.881957, 0.142873, 0.449155, 0.124994, 0.068571, -0.981706, 0.177626, -0.002831, 0.466314, -0.125861, -0.875623, -1.2e-05, 0.0, 0.0, 0.0, 1.0],
                [0.882271, 0.175465, 0.43682, 0.124994, 0.074708, -0.968366, 0.238088, -0.002831, 0.464776, -0.177426, -0.867473, -1.2e-05, 0.0, 0.0, 0.0, 1.0],
                [0.882552, 0.207272, 0.422068, 0.124994, 0.081869, -0.951629, 0.296141, -0.002831, 0.463032, -0.226807, -0.856835, -1.2e-05, 0.0, 0.0, 0.0, 1.0],
                [0.882769, 0.238199, 0.404945, 0.124994, 0.090095, -0.931772, 0.351687, -0.002831, 0.461087, -0.273976, -0.844004, -1.2e-05, 0.0, 0.0, 0.0, 1.0],
                [0.882887, 0.268098, 0.385533, 0.124994, 0.099418, -0.909109, 0.404521, -0.002831, 0.458941, -0.318819, -0.829297, -1.2e-05, 0.0, 0.0, 0.0, 1.0],
                [0.882866, 0.296779, 0.363965, 0.124994, 0.109848, -0.884014, 0.454372, -0.002831, 0.456596, -0.36117, -0.81307, -1.2e-05, 0.0, 0.0, 0.0, 1.0],
                [0.88267, 0.324129, 0.340345, 0.124994, 0.121373, -0.856784, 0.501189, -0.002831, 0.45405, -0.401077, -0.795601, -1.2e-05, 0.0, 0.0, 0.0, 1.0],
                [0.882264, 0.349992, 0.314829, 0.124994, 0.133934, -0.827753, 0.544875, -0.002831, 0.4513, -0.438559, -0.777175, -1.2e-05, 0.0, 0.0, 0.0, 1.0],
                [0.881621, 0.374095, 0.287748, 0.124994, 0.147418, -0.797458, 0.585089, -0.002831, 0.448344, -0.47341, -0.758207, -1.2e-05, 0.0, 0.0, 0.0, 1.0],
                [0.880729, 0.39624, 0.259443, 0.124994, 0.161642, -0.766371, 0.62173, -0.002831, 0.445182, -0.505641, -0.739017, -1.2e-05, 0.0, 0.0, 0.0, 1.0],
                [0.879601, 0.416213, 0.230369, 0.124994, 0.176346, -0.735042, 0.654688, -0.002831, 0.441819, -0.535242, -0.719944, -1.2e-05, 0.0, 0.0, 0.0, 1.0],
                [0.878279, 0.433692, 0.201341, 0.124994, 0.19118, -0.704475, 0.683496, -0.002831, 0.438265, -0.561809, -0.701641, -1.2e-05, 0.0, 0.0, 0.0, 1.0],
                [0.876843, 0.44851, 0.173164, 0.124994, 0.205721, -0.67555, 0.708035, -0.002831, 0.43454, -0.585214, -0.684621, -1.2e-05, 0.0, 0.0, 0.0, 1.0],
                [0.875412, 0.460522, 0.146884, 0.124994, 0.219481, -0.649428, 0.72806, -0.002831, 0.430677, -0.605116, -0.669595, -1.2e-05, 0.0, 0.0, 0.0, 1.0],
                [0.874137, 0.46967, 0.123679, 0.124994, 0.231948, -0.627435, 0.743322, -0.002831, 0.426715, -0.62108, -0.657405, -1.2e-05, 0.0, 0.0, 0.0, 1.0],
                [0.873112, 0.476216, 0.104382, 0.124994, 0.242813, -0.610436, 0.75393, -0.002831, 0.422751, -0.632921, -0.648613, -1.2e-05, 0.0, 0.0, 0.0, 1.0],
                [0.872351, 0.480682, 0.089162, 0.124994, 0.252082, -0.59853, 0.760406, -0.002831, 0.418878, -0.640866, -0.643303, -1.2e-05, 0.0, 0.0, 0.0, 1.0],
                [0.871886, 0.483437, 0.078138, 0.124994, 0.259776, -0.591841, 0.763048, -0.002831, 0.415129, -0.644993, -0.641606, -1.2e-05, 0.0, 0.0, 0.0, 1.0],
                [0.871724, 0.484786, 0.071277, 0.124994, 0.26598, -0.590322, 0.762087, -0.002831, 0.411524, -0.645372, -0.643544, -1.2e-05, 0.0, 0.0, 0.0, 1.0],
                [0.871852, 0.484961, 0.068474, 0.124994, 0.270825, -0.593855, 0.757622, -0.002831, 0.408079, -0.641991, -0.649096, -1.2e-05, 0.0, 0.0, 0.0, 1.0],
                [0.87224, 0.484142, 0.069311, 0.124994, 0.27447, -0.601856, 0.749958, -0.002831, 0.404801, -0.635121, -0.657848, -1.2e-05, 0.0, 0.0, 0.0, 1.0],
                [0.87285, 0.482421, 0.073515, 0.124994, 0.277082, -0.613957, 0.73911, -0.002831, 0.401696, -0.624763, -0.669566, -1.2e-05, 0.0, 0.0, 0.0, 1.0],
                [0.873635, 0.479836, 0.080749, 0.124994, 0.278829, -0.629684, 0.725089, -0.002831, 0.398769, -0.610949, -0.683909, -1.2e-05, 0.0, 0.0, 0.0, 1.0],
                [0.874549, 0.476418, 0.090501, 0.124994, 0.27987, -0.648265, 0.708115, -0.002831, 0.396026, -0.593954, -0.700277, -1.2e-05, 0.0, 0.0, 0.0, 1.0],
                [0.875546, 0.472162, 0.102382, 0.124994, 0.280349, -0.6691, 0.688267, -0.002831, 0.393476, -0.573907, -0.718202, -1.2e-05, 0.0, 0.0, 0.0, 1.0],
                [0.876583, 0.467063, 0.115993, 0.124994, 0.280395, -0.691561, 0.665676, -0.002831, 0.391127, -0.550997, -0.737176, -1.2e-05, 0.0, 0.0, 0.0, 1.0],
                [0.877619, 0.461173, 0.130782, 0.124994, 0.280123, -0.714795, 0.640782, -0.002831, 0.388992, -0.525727, -0.756506, -1.2e-05, 0.0, 0.0, 0.0, 1.0],
                [0.878617, 0.454558, 0.146318, 0.124994, 0.279635, -0.738137, 0.61397, -0.002831, 0.387086, -0.49853, -0.775654, -1.2e-05, 0.0, 0.0, 0.0, 1.0],
                [0.879544, 0.44739, 0.162008, 0.124994, 0.279017, -0.760741, 0.586024, -0.002831, 0.385425, -0.470231, -0.793937, -1.2e-05, 0.0, 0.0, 0.0, 1.0],
                [0.880366, 0.439992, 0.177097, 0.124994, 0.27835, -0.781619, 0.558206, -0.002831, 0.384027, -0.442131, -0.810586, -1.2e-05, 0.0, 0.0, 0.0, 1.0],
                [0.881056, 0.432803, 0.190849, 0.124994, 0.277707, -0.799914, 0.531994, -0.002831, 0.382909, -0.415716, -0.824965, -1.2e-05, 0.0, 0.0, 0.0, 1.0],
                [0.881584, 0.426542, 0.202168, 0.124994, 0.277158, -0.814446, 0.509767, -0.002831, 0.382091, -0.39337, -0.836226, -1.2e-05, 0.0, 0.0, 0.0, 1.0],
                [0.881922, 0.422104, 0.209861, 0.124994, 0.276773, -0.82404, 0.494323, -0.002831, 0.381588, -0.377871, -0.843571, -1.2e-05, 0.0, 0.0, 0.0, 1.0],
                [0.882042, 0.420452, 0.212657, 0.124994, 0.276628, -0.827467, 0.488647, -0.002831, 0.381418, -0.372181, -0.846174, -1.2e-05, 0.0, 0.0, 0.0, 1.0],
                [0.882042, 0.420452, 0.212657, 0.124994, 0.276628, -0.827467, 0.488647, -0.002831, 0.381418, -0.372181, -0.846174, -1.2e-05, 0.0, 0.0, 0.0, 1.0],
                [0.882042, 0.420452, 0.212657, 0.124994, 0.276628, -0.827467, 0.488647, -0.002831, 0.381418, -0.372181, -0.846174, -1.2e-05, 0.0, 0.0, 0.0, 1.0],
                [0.882042, 0.420452, 0.212657, 0.124994, 0.276628, -0.827467, 0.488647, -0.002831, 0.381418, -0.372181, -0.846174, -1.2e-05, 0.0, 0.0, 0.0, 1.0],
                [0.882042, 0.420452, 0.212657, 0.124994, 0.276628, -0.827467, 0.488647, -0.002831, 0.381418, -0.372181, -0.846174, -1.2e-05, 0.0, 0.0, 0.0, 1.0],
                [0.882042, 0.420452, 0.212657, 0.124994, 0.276628, -0.827467, 0.488647, -0.002831, 0.381418, -0.372181, -0.846174, -1.2e-05, 0.0, 0.0, 0.0, 1.0],
                [0.882042, 0.420452, 0.212657, 0.124994, 0.276628, -0.827467, 0.488647, -0.002831, 0.381418, -0.372181, -0.846174, -1.2e-05, 0.0, 0.0, 0.0, 1.0],
                [0.882042, 0.420452, 0.212657, 0.124994, 0.276628, -0.827467, 0.488647, -0.002831, 0.381418, -0.372181, -0.846174, -1.2e-05, 0.0, 0.0, 0.0, 1.0],
                [0.882042, 0.420452, 0.212657, 0.124994, 0.276628, -0.827467, 0.488647, -0.002831, 0.381418, -0.372181, -0.846174, -1.2e-05, 0.0, 0.0, 0.0, 1.0],
                [0.882042, 0.420452, 0.212657, 0.124994, 0.276628, -0.827467, 0.488647, -0.002831, 0.381418, -0.372181, -0.846174, -1.2e-05, 0.0, 0.0, 0.0, 1.0],
                [0.882042, 0.420452, 0.212657, 0.124994, 0.276628, -0.827467, 0.488647, -0.002831, 0.381418, -0.372181, -0.846174, -1.2e-05, 0.0, 0.0, 0.0, 1.0],
                [0.882042, 0.420452, 0.212657, 0.124994, 0.276628, -0.827467, 0.488647, -0.002831, 0.381418, -0.372181, -0.846174, -1.2e-05, 0.0, 0.0, 0.0, 1.0],
                [0.882042, 0.420452, 0.212657, 0.124994, 0.276628, -0.827467, 0.488647, -0.002831, 0.381418, -0.372181, -0.846174, -1.2e-05, 0.0, 0.0, 0.0, 1.0],
                [0.882042, 0.420452, 0.212657, 0.124994, 0.276628, -0.827467, 0.488647, -0.002831, 0.381418, -0.372181, -0.846174, -1.2e-05, 0.0, 0.0, 0.0, 1.0],
                [0.882042, 0.420452, 0.212657, 0.124994, 0.276628, -0.827467, 0.488647, -0.002831, 0.381418, -0.372181, -0.846174, -1.2e-05, 0.0, 0.0, 0.0, 1.0],
                [0.882042, 0.420452, 0.212657, 0.124994, 0.276628, -0.827467, 0.488647, -0.002831, 0.381418, -0.372181, -0.846174, -1.2e-05, 0.0, 0.0, 0.0, 1.0],
                [0.882042, 0.420452, 0.212657, 0.124994, 0.276628, -0.827467, 0.488647, -0.002831, 0.381418, -0.372181, -0.846174, -1.2e-05, 0.0, 0.0, 0.0, 1.0],
                [0.882042, 0.420452, 0.212657, 0.124994, 0.276628, -0.827467, 0.488647, -0.002831, 0.381418, -0.372181, -0.846174, -1.2e-05, 0.0, 0.0, 0.0, 1.0],
                [0.882042, 0.420452, 0.212657, 0.124994, 0.276628, -0.827467, 0.488647, -0.002831, 0.381418, -0.372181, -0.846174, -1.2e-05, 0.0, 0.0, 0.0, 1.0],
                [0.882042, 0.420452, 0.212657, 0.124994, 0.276628, -0.827467, 0.488647, -0.002831, 0.381418, -0.372181, -0.846174, -1.2e-05, 0.0, 0.0, 0.0, 1.0],
                [0.882042, 0.420452, 0.212657, 0.124994, 0.276628, -0.827467, 0.488647, -0.002831, 0.381418, -0.372181, -0.846174, -1.2e-05, 0.0, 0.0, 0.0, 1.0],
                [0.882119, 0.419991, 0.213246, 0.124994, 0.276058, -0.827796, 0.488411, -0.002831, 0.381651, -0.371969, -0.846161, -1.2e-05, 0.0, 0.0, 0.0, 1.0],
                [0.882343, 0.418636, 0.214978, 0.124994, 0.274395, -0.828771, 0.487695, -0.002831, 0.382333, -0.371325, -0.846135, -1.2e-05, 0.0, 0.0, 0.0, 1.0],
                [0.882697, 0.416418, 0.217814, 0.124994, 0.271705, -0.830388, 0.48645, -0.002831, 0.383436, -0.370207, -0.846127, -1.2e-05, 0.0, 0.0, 0.0, 1.0],
                [0.883162, 0.413355, 0.221726, 0.124994, 0.268057, -0.832657, 0.484592, -0.002831, 0.384928, -0.368538, -0.846178, -1.2e-05, 0.0, 0.0, 0.0, 1.0],
                [0.883718, 0.409457, 0.226691, 0.124994, 0.263522, -0.835603, 0.482, -0.002831, 0.386781, -0.366214, -0.846342, -1.2e-05, 0.0, 0.0, 0.0, 1.0],
                [0.884339, 0.404726, 0.232686, 0.124994, 0.258175, -0.839248, 0.47855, -0.002831, 0.388961, -0.363127, -0.846673, -1.2e-05, 0.0, 0.0, 0.0, 1.0],
                [0.885002, 0.399161, 0.239672, 0.124994, 0.252089, -0.8436, 0.47412, -0.002831, 0.391436, -0.359179, -0.847216, -1.2e-05, 0.0, 0.0, 0.0, 1.0],
                [0.885683, 0.392783, 0.247565, 0.124994, 0.245341, -0.848616, 0.468678, -0.002831, 0.394175, -0.354362, -0.847975, -1.2e-05, 0.0, 0.0, 0.0, 1.0],
                [0.886358, 0.385529, 0.256395, 0.124994, 0.238007, -0.854391, 0.46192, -0.002831, 0.397143, -0.348403, -0.849058, -1.2e-05, 0.0, 0.0, 0.0, 1.0],
                [0.887005, 0.377407, 0.266058, 0.124994, 0.230164, -0.860861, 0.453809, -0.002831, 0.400309, -0.341295, -0.850457, -1.2e-05, 0.0, 0.0, 0.0, 1.0],
                [0.887604, 0.368402, 0.276477, 0.124994, 0.221887, -0.867994, 0.444244, -0.002831, 0.403639, -0.332967, -0.852183, -1.2e-05, 0.0, 0.0, 0.0, 1.0],
                [0.888138, 0.358499, 0.287559, 0.124994, 0.213254, -0.875737, 0.433137, -0.002831, 0.407104, -0.323363, -0.85423, -1.2e-05, 0.0, 0.0, 0.0, 1.0],
                [0.888592, 0.347686, 0.2992, 0.124994, 0.204338, -0.884022, 0.420419, -0.002831, 0.410672, -0.312444, -0.856583, -1.2e-05, 0.0, 0.0, 0.0, 1.0],
                [0.888953, 0.335956, 0.311284, 0.124994, 0.195213, -0.892762, 0.406041, -0.002831, 0.414313, -0.300185, -0.859209, -1.2e-05, 0.0, 0.0, 0.0, 1.0],
                [0.889213, 0.323307, 0.323688, 0.124994, 0.185949, -0.901857, 0.389971, -0.002831, 0.417999, -0.286579, -0.862065, -1.2e-05, 0.0, 0.0, 0.0, 1.0],
                [0.889366, 0.309748, 0.33628, 0.124994, 0.176616, -0.911193, 0.372203, -0.002831, 0.421704, -0.271633, -0.865095, -1.2e-05, 0.0, 0.0, 0.0, 1.0],
                [0.889411, 0.295296, 0.348927, 0.124994, 0.167278, -0.920644, 0.35275, -0.002831, 0.425401, -0.255373, -0.868231, -1.2e-05, 0.0, 0.0, 0.0, 1.0],
                [0.889347, 0.279979, 0.361491, 0.124994, 0.157998, -0.930079, 0.331647, -0.002831, 0.429068, -0.237835, -0.871403, -1.2e-05, 0.0, 0.0, 0.0, 1.0],
                [0.889176, 0.263805, 0.373863, 0.124994, 0.148836, -0.939388, 0.308867, -0.002831, 0.432681, -0.218994, -0.874548, -1.2e-05, 0.0, 0.0, 0.0, 1.0],
                [0.888907, 0.246909, 0.385853, 0.124994, 0.139845, -0.948363, 0.284694, -0.002831, 0.43622, -0.199108, -0.877539, -1.2e-05, 0.0, 0.0, 0.0, 1.0],
                [0.888545, 0.229293, 0.397384, 0.124994, 0.131078, -0.956925, 0.259063, -0.002831, 0.439667, -0.178102, -0.880329, -1.2e-05, 0.0, 0.0, 0.0, 1.0],
                [0.888101, 0.21105, 0.408334, 0.124994, 0.122582, -0.964931, 0.232123, -0.002831, 0.443002, -0.156095, -0.882831, -1.2e-05, 0.0, 0.0, 0.0, 1.0],
                [0.887585, 0.192276, 0.418597, 0.124994, 0.114401, -0.97226, 0.204017, -0.002831, 0.446211, -0.133195, -0.884964, -1.2e-05, 0.0, 0.0, 0.0, 1.0],
                [0.887012, 0.173051, 0.428094, 0.124994, 0.106576, -0.978811, 0.174844, -0.002831, 0.449278, -0.109465, -0.886664, -1.2e-05, 0.0, 0.0, 0.0, 1.0],
                [0.886394, 0.153534, 0.436732, 0.124994, 0.099144, -0.984471, 0.144868, -0.002831, 0.45219, -0.085111, -0.887855, -1.2e-05, 0.0, 0.0, 0.0, 1.0],
                [0.885746, 0.13378, 0.444476, 0.124994, 0.09214, -0.989186, 0.114113, -0.002831, 0.454933, -0.060122, -0.888497, -1.2e-05, 0.0, 0.0, 0.0, 1.0],
                [0.885082, 0.114033, 0.451252, 0.124994, 0.085594, -0.992866, 0.083017, -0.002831, 0.457497, -0.034853, -0.888531, -1.2e-05, 0.0, 0.0, 0.0, 1.0],
                [0.884417, 0.094307, 0.457072, 0.124994, 0.079537, -0.995501, 0.051497, -0.002831, 0.45987, -0.009192, -0.887943, -1.2e-05, 0.0, 0.0, 0.0, 1.0],
                [0.883766, 0.074877, 0.461901, 0.124994, 0.073997, -0.997057, 0.020048, -0.002831, 0.46204, 0.016461, -0.88671, -1.2e-05, 0.0, 0.0, 0.0, 1.0],
                [0.883145, 0.055819, 0.46577, 0.124994, 0.069001, -0.997553, -0.011285, -0.002831, 0.463998, 0.042104, -0.884839, -1.2e-05, 0.0, 0.0, 0.0, 1.0],
                [0.882566, 0.037358, 0.468704, 0.124994, 0.064574, -0.997023, -0.042126, -0.002831, 0.465734, 0.067444, -0.882355, -1.2e-05, 0.0, 0.0, 0.0, 1.0],
                [0.882044, 0.019706, 0.470758, 0.124994, 0.060744, -0.995543, -0.072141, -0.002831, 0.467236, 0.092226, -0.879313, -1.2e-05, 0.0, 0.0, 0.0, 1.0],
                [0.881591, 0.003151, 0.472005, 0.124994, 0.057537, -0.993238, -0.100836, -0.002831, 0.468494, 0.116052, -0.875815, -1.2e-05, 0.0, 0.0, 0.0, 1.0],
                [0.881221, -0.011883, 0.472557, 0.124994, 0.054981, -0.990322, -0.127433, -0.002831, 0.469496, 0.138278, -0.872043, -1.2e-05, 0.0, 0.0, 0.0, 1.0],
                [0.880945, -0.024677, 0.472578, 0.124994, 0.053109, -0.987175, -0.150552, -0.002831, 0.47023, 0.157725, -0.868339, -1.2e-05, 0.0, 0.0, 0.0, 1.0],
                [0.880772, -0.0339, 0.472328, 0.124994, 0.051956, -0.984494, -0.167546, -0.002831, 0.470682, 0.172109, -0.865357, -1.2e-05, 0.0, 0.0, 0.0, 1.0],
                [0.880713, -0.037443, 0.472171, 0.124994, 0.051562, -0.983367, -0.174157, -0.002831, 0.470836, 0.177727, -0.864137, -1.2e-05, 0.0, 0.0, 0.0, 1.0]
            ]
        },
        {
            "name": "Leg_R",
            "time": [0.0, 0.0167, 0.0333, 0.05, 0.0667, 0.0833, 0.1, 0.1167, 0.1333, 0.15, 0.1667, 0.1833, 0.2, 0.2167, 0.2333, 0.25, 0.2667, 0.2833, 0.3, 0.3167, 0.3333, 0.35, 0.3667, 0.3833, 0.4, 0.4167, 0.4333, 0.45, 0.4667, 0.4833, 0.5, 0.5167, 0.5333, 0.55, 0.5667, 0.5833, 0.6, 0.6167, 0.6333, 0.65, 0.6667, 0.6833, 0.7, 0.7167, 0.7333, 0.75, 0.7667, 0.7833, 0.8, 0.8167, 0.8333, 0.85, 0.8667, 0.8833, 0.9, 0.9167, 0.9333, 0.95, 0.9667, 0.9833, 1.0, 1.0167, 1.0333, 1.05, 1.0667, 1.0833, 1.1, 1.1167, 1.1333, 1.15, 1.1667, 1.1833, 1.2, 1.2167, 1.2333, 1.25, 1.2667, 1.2833, 1.3, 1.3167, 1.3333, 1.35, 1.3667, 1.3833, 1.4, 1.4167, 1.4333, 1.45, 1.4667, 1.4833, 1.5, 1.5167, 1.5333, 1.55, 1.5667, 1.5833, 1.6],
            "transform": [
                [1.0, -0.000136, -0.000123, -0.0, 0.00015, 0.992613, 0.121323, 0.375166, 0.000106, -0.121324, 0.992613, 0.0, 0.0, 0.0, 0.0, 1.0],
                [1.0, -0.00021, -0.000135, -0.0, 0.000232, 0.982158, 0.188061, 0.375166, 9.3e-05, -0.18806, 0.982157, 0.0, 0.0, 0.0, 0.0, 1.0],
                [1.0, -0.000341, -0.000168, 0.0, 0.000376, 0.952345, 0.305024, 0.375166, 5.6e-05, -0.305023, 0.952345, 0.0, 0.0, 0.0, 0.0, 1.0],
                [1.0, -0.000474, -0.000221, 0.0, 0.000523, 0.905731, 0.423855, 0.375166, -1e-06, -0.423853, 0.90573, -0.0, 0.0, 0.0, 0.0, 1.0],
                [1.0, -0.000598, -0.000288, 0.0, 0.00066, 0.844863, 0.534985, 0.375166, -7.6e-05, -0.534983, 0.844862, 0.0, 0.0, 0.0, 0.0, 1.0],
                [1.0, -0.00071, -0.000369, 0.0, 0.000783, 0.772551, 0.634955, 0.375166, -0.000165, -0.634952, 0.77255, 0.0, 0.0, 0.0, 0.0, 1.0],
                [0.999999, -0.000808, -0.00046, 0.0, 0.000891, 0.691563, 0.722319, 0.375166, -0.000265, -0.722315, 0.691561, 0.0, 0.0, 0.0, 0.0, 1.0],
                [1.0, -0.000891, -0.000557, 0.0, 0.000982, 0.604522, 0.79659, 0.375166, -0.000373, -0.796586, 0.604521, 0.0, 0.0, 0.0, 0.0, 1.0],
                [1.0, -0.000959, -0.000658, -0.0, 0.001058, 0.514081, 0.857744, 0.375166, -0.000484, -0.85774, 0.51408, -0.0, 0.0, 0.0, 0.0, 1.0],
                [0.999999, -0.001014, -0.000761, 0.0, 0.001118, 0.422449, 0.906388, 0.375166, -0.000597, -0.906384, 0.422448, 0.0, 0.0, 0.0, 0.0, 1.0],
                [0.999999, -0.001055, -0.000862, -0.0, 0.001163, 0.331854, 0.943332, 0.375166, -0.000709, -0.943328, 0.331853, 0.0, 0.0, 0.0, 0.0, 1.0],
                [0.999999, -0.001084, -0.00096, -0.0, 0.001196, 0.24448, 0.969656, 0.375166, -0.000817, -0.969652, 0.24448, 0.0, 0.0, 0.0, 0.0, 1.0],
                [0.999999, -0.001103, -0.001052, 0.0, 0.001217, 0.161885, 0.986811, 0.375166, -0.000919, -0.986807, 0.161885, 0.0, 0.0, 0.0, 0.0, 1.0],
                [0.999999, -0.001114, -0.001138, -0.0, 0.001229, 0.085475, 0.996341, 0.375166, -0.001013, -0.996337, 0.085475, 0.0, 0.0, 0.0, 0.0, 1.0],
                [0.999998, -0.001118, -0.001214, -0.0, 0.001233, 0.01687, 0.999859, 0.375166, -0.001097, -0.999855, 0.016871, 0.0, 0.0, 0.0, 0.0, 1.0],
                [0.999998, -0.001117, -0.001281, 0.0, 0.001232, -0.042981, 0.999077, 0.375166, -0.001171, -0.999073, -0.04298, -0.0, 0.0, 0.0, 0.0, 1.0],
                [0.999998, -0.001113, -0.001338, -0.0, 0.001228, -0.093312, 0.995638, 0.375166, -0.001233, -0.995635, -0.093311, 0.0, 0.0, 0.0, 0.0, 1.0],
                [0.999999, -0.001108, -0.001382, -0.0, 0.001222, -0.132792, 0.991145, 0.375166, -0.001282, -0.991142, -0.132791, 0.0, 0.0, 0.0, 0.0, 1.0],
                [0.999998, -0.001104, -0.001413, 0.0, 0.001217, -0.160846, 0.986981, 0.375166, -0.001317, -0.986977, -0.160845, 0.0, 0.0, 0.0, 0.0, 1.0],
                [0.999998, -0.001101, -0.001431, -0.0, 0.001214, -0.176629, 0.984278, 0.375166, -0.001336, -0.984276, -0.176628, -0.0, 0.0, 0.0, 0.0, 1.0],
                [0.999998, -0.0011, -0.001434, 0.0, 0.001213, -0.179194, 0.983815, 0.375166, -0.001339, -0.983812, -0.179193, 0.0, 0.0, 0.0, 0.0, 1.0],
                [0.999998, -0.001102, -0.001422, -0.0, 0.001216, -0.16873, 0.985664, 0.375166, -0.001326, -0.98566, -0.16873, -0.0, 0.0, 0.0, 0.0, 1.0],
                [0.999998, -0.001106, -0.001398, -0.0, 0.00122, -0.146862, 0.989158, 0.375166, -0.0013, -0.989155, -0.146861, 0.0, 0.0, 0.0, 0.0, 1.0],
                [0.999999, -0.001111, -0.001361, 0.0, 0.001225, -0.114579, 0.993415, 0.375166, -0.00126, -0.993412, -0.114578, 0.0, 0.0, 0.0, 0.0, 1.0],
                [0.999998, -0.001115, -0.001315, 0.0, 0.00123, -0.072793, 0.997348, 0.375166, -0.001208, -0.997345, -0.072793, 0.0, 0.0, 0.0, 0.0, 1.0],
                [0.999999, -0.001118, -0.001258, -0.0, 0.001233, -0.022216, 0.999754, 0.375166, -0.001146, -0.999751, -0.022216, -0.0, 0.0, 0.0, 0.0, 1.0],
                [0.999999, -0.001117, -0.001193, -0.0, 0.001233, 0.035733, 0.999362, 0.375166, -0.001074, -0.999359, 0.035734, 0.0, 0.0, 0.0, 0.0, 1.0],
                [0.999999, -0.001113, -0.001121, 0.0, 0.001227, 0.100196, 0.994969, 0.375166, -0.000995, -0.994965, 0.100196, -0.0, 0.0, 0.0, 0.0, 1.0],
                [0.999999, -0.001102, -0.001043, -0.0, 0.001215, 0.170163, 0.985417, 0.375166, -0.000908, -0.985414, 0.170163, -0.0, 0.0, 0.0, 0.0, 1.0],
                [0.999999, -0.001085, -0.00096, -0.0, 0.001196, 0.243969, 0.969784, 0.375166, -0.000817, -0.96978, 0.243968, -0.0, 0.0, 0.0, 0.0, 1.0],
                [0.999999, -0.001059, -0.000875, 0.0, 0.001168, 0.32024, 0.947338, 0.375166, -0.000723, -0.947334, 0.320239, -0.0, 0.0, 0.0, 0.0, 1.0],
                [0.999999, -0.001026, -0.000789, 0.0, 0.001132, 0.397475, 0.917614, 0.375166, -0.000628, -0.91761, 0.397474, 0.0, 0.0, 0.0, 0.0, 1.0],
                [0.999999, -0.000985, -0.000704, -0.0, 0.001086, 0.473545, 0.880771, 0.375166, -0.000534, -0.880767, 0.473544, -0.0, 0.0, 0.0, 0.0, 1.0],
                [1.0, -0.000936, -0.000622, -0.0, 0.001033, 0.546718, 0.837319, 0.375166, -0.000444, -0.837315, 0.546717, 0.0, 0.0, 0.0, 0.0, 1.0],
                [0.999999, -0.000882, -0.000546, 0.0, 0.000973, 0.614801, 0.788684, 0.375166, -0.00036, -0.78868, 0.6148, 0.0, 0.0, 0.0, 0.0, 1.0],
                [0.999999, -0.000825, -0.000478, 0.0, 0.00091, 0.675334, 0.737514, 0.375166, -0.000285, -0.73751, 0.675333, 0.0, 0.0, 0.0, 0.0, 1.0],
                [1.0, -0.000769, -0.000421, 0.0, 0.000848, 0.726378, 0.687298, 0.375166, -0.000222, -0.687294, 0.726376, 0.0, 0.0, 0.0, 0.0, 1.0],
                [1.0, -0.00072, -0.000377, -0.0, 0.000794, 0.765478, 0.643464, 0.375166, -0.000174, -0.64346, 0.765477, 0.0, 0.0, 0.0, 0.0, 1.0],
                [1.0, -0.000685, -0.000349, 0.0, 0.000755, 0.790507, 0.612456, 0.375166, -0.000143, -0.612452, 0.790505, -0.0, 0.0, 0.0, 0.0, 1.0],
                [1.0, -0.000672, -0.000339, 0.0, 0.000741, 0.799275, 0.600967, 0.375166, -0.000132, -0.600964, 0.799274, 0.0, 0.0, 0.0, 0.0, 1.0],
                [1.0, -0.000672, -0.000339, 0.0, 0.000741, 0.799275, 0.600967, 0.375166, -0.000132, -0.600964, 0.799274, 0.0, 0.0, 0.0, 0.0, 1.0],
                [1.0, -0.000672, -0.000339, 0.0, 0.000741, 0.799275, 0.600967, 0.375166, -0.000132, -0.600964, 0.799274, 0.0, 0.0, 0.0, 0.0, 1.0],
                [1.0, -0.000672, -0.000339, 0.0, 0.000741, 0.799275, 0.600967, 0.375166, -0.000132, -0.600964, 0.799274, 0.0, 0.0, 0.0, 0.0, 1.0],
                [1.0, -0.000672, -0.000339, 0.0, 0.000741, 0.799275, 0.600967, 0.375166, -0.000132, -0.600964, 0.799274, 0.0, 0.0, 0.0, 0.0, 1.0],
                [1.0, -0.000672, -0.000339, 0.0, 0.000741, 0.799275, 0.600967, 0.375166, -0.000132, -0.600964, 0.799274, 0.0, 0.0, 0.0, 0.0, 1.0],
                [1.0, -0.000672, -0.000339, 0.0, 0.000741, 0.799275, 0.600967, 0.375166, -0.000132, -0.600964, 0.799274, 0.0, 0.0, 0.0, 0.0, 1.0],
                [1.0, -0.000672, -0.000339, 0.0, 0.000741, 0.799275, 0.600967, 0.375166, -0.000132, -0.600964, 0.799274, 0.0, 0.0, 0.0, 0.0, 1.0],
                [1.0, -0.000672, -0.000339, 0.0, 0.000741, 0.799275, 0.600967, 0.375166, -0.000132, -0.600964, 0.799274, 0.0, 0.0, 0.0, 0.0, 1.0],
                [1.0, -0.000672, -0.000339, 0.0, 0.000741, 0.799275, 0.600967, 0.375166, -0.000132, -0.600964, 0.799274, 0.0, 0.0, 0.0, 0.0, 1.0],
                [1.0, -0.000672, -0.000339, 0.0, 0.000741, 0.799275, 0.600967, 0.375166, -0.000132, -0.600964, 0.799274, 0.0, 0.0, 0.0, 0.0, 1.0],
                [1.0, -0.000672, -0.000339, 0.0, 0.000741, 0.799275, 0.600967, 0.375166, -0.000132, -0.600964, 0.799274, 0.0, 0.0, 0.0, 0.0, 1.0],
                [1.0, -0.000672, -0.000339, 0.0, 0.000741, 0.799275, 0.600967, 0.375166, -0.000132, -0.600964, 0.799274, 0.0, 0.0, 0.0, 0.0, 1.0],
                [1.0, -0.000672, -0.000339, 0.0, 0.000741, 0.799275, 0.600967, 0.375166, -0.000132, -0.600964, 0.799274, 0.0, 0.0, 0.0, 0.0, 1.0],
                [1.0, -0.000672, -0.000339, 0.0, 0.000741, 0.799275, 0.600967, 0.375166, -0.000132, -0.600964, 0.799274, 0.0, 0.0, 0.0, 0.0, 1.0],
                [1.0, -0.000672, -0.000339, 0.0, 0.000741, 0.799275, 0.600967, 0.375166, -0.000132, -0.600964, 0.799274, 0.0, 0.0, 0.0, 0.0, 1.0],
                [1.0, -0.000672, -0.000339, 0.0, 0.000741, 0.799275, 0.600967, 0.375166, -0.000132, -0.600964, 0.799274, 0.0, 0.0, 0.0, 0.0, 1.0],
                [1.0, -0.000672, -0.000339, 0.0, 0.000741, 0.799275, 0.600967, 0.375166, -0.000132, -0.600964, 0.799274, 0.0, 0.0, 0.0, 0.0, 1.0],
                [1.0, -0.000672, -0.000339, 0.0, 0.000741, 0.799275, 0.600967, 0.375166, -0.000132, -0.600964, 0.799274, 0.0, 0.0, 0.0, 0.0, 1.0],
                [1.0, -0.000672, -0.000339, 0.0, 0.000741, 0.799275, 0.600967, 0.375166, -0.000132, -0.600964, 0.799274, 0.0, 0.0, 0.0, 0.0, 1.0],
                [1.0, -0.000672, -0.000339, 0.0, 0.000741, 0.799275, 0.600967, 0.375166, -0.000132, -0.600964, 0.799274, 0.0, 0.0, 0.0, 0.0, 1.0],
