{
    "animation": [
        {
            "name": "Root",
            "time": [0.0, 0.0167, 0.0333, 0.05, 0.0667, 0.0833, 0.1, 0.1167, 0.1333, 0.15, 0.1667, 0.1833, 0.2, 0.2167, 0.2333, 0.25, 0.2667, 0.2833, 0.3, 0.3167, 0.3333, 0.35, 0.3667, 0.3833, 0.4, 0.4167, 0.4333, 0.45, 0.4667, 0.4833, 0.5, 0.5167, 0.5333, 0.55, 0.5667, 0.5833, 0.6, 0.6167, 0.6333, 0.65, 0.6667, 0.6833, 0.7, 0.7167, 0.7333, 0.75, 0.7667, 0.7833, 0.8, 0.8167, 0.8333, 0.85, 0.8667, 0.8833, 0.9, 0.9167, 0.9333, 0.95, 0.9667, 0.9833, 1.0, 1.0167, 1.0333, 1.05, 1.0667, 1.0833, 1.1, 1.1167, 1.1333, 1.15, 1.1667, 1.1833, 1.2, 1.2167, 1.2333, 1.25, 1.2667, 1.2833, 1.3, 1.3167, 1.3333, 1.35, 1.3667, 1.3833, 1.4, 1.4167, 1.4333, 1.45, 1.4667, 1.4833, 1.5, 1.5167, 1.5333, 1.55, 1.5667, 1.5833, 1.6, 1.6167, 1.6333, 1.65, 1.6667],
            "transform": [
                [0.463156, 0.0, 0.886277, 0.010168, 0.886277, 0.0, -0.463156, 0.271972, 0.0, 1.0, 0.0, 0.680937, 0.0, 0.0, 0.0, 1.0],
                [0.462587, 0.0, 0.886574, 0.01016, 0.886574, 0.0, -0.462587, 0.271979, 0.0, 1.0, 0.0, 0.680989, 0.0, 0.0, 0.0, 1.0],
                [0.46094, 0.0, 0.887432, 0.010137, 0.887432, 0.0, -0.46094, 0.271998, 0.0, 1.0, 0.0, 0.681143, 0.0, 0.0, 0.0, 1.0],
                [0.458306, 0.0, 0.888795, 0.010101, 0.888795, 0.0, -0.458306, 0.272028, 0.0, 1.0, 0.0, 0.681394, 0.0, 0.0, 0.0, 1.0],
                [0.454774, 0.0, 0.890607, 0.010052, 0.890607, 0.0, -0.454774, 0.272068, 0.0, 1.0, 0.0, 0.681737, 0.0, 0.0, 0.0, 1.0],
                [0.450433, 0.0, 0.89281, 0.009992, 0.89281, 0.0, -0.450433, 0.272117, 0.0, 1.0, 0.0, 0.682166, 0.0, 0.0, 0.0, 1.0],
                [0.445371, 0.0, 0.895346, 0.009922, 0.895346, 0.0, -0.445371, 0.272173, 0.0, 1.0, 0.0, 0.682677, 0.0, 0.0, 0.0, 1.0],
                [0.439677, 0.0, 0.898156, 0.009843, 0.898156, 0.0, -0.439677, 0.272236, 0.0, 1.0, 0.0, 0.683264, 0.0, 0.0, 0.0, 1.0],
                [0.433441, 0.0, 0.901182, 0.009756, 0.901182, 0.0, -0.433441, 0.272304, 0.0, 1.0, 0.0, 0.683923, 0.0, 0.0, 0.0, 1.0],
                [0.426754, 0.0, 0.904368, 0.009663, 0.904368, 0.0, -0.426754, 0.272376, 0.0, 1.0, 0.0, 0.684649, 0.0, 0.0, 0.0, 1.0],
                [0.419706, 0.0, 0.90766, 0.009564, 0.90766, 0.0, -0.419706, 0.27245, 0.0, 1.0, 0.0, 0.685437, 0.0, 0.0, 0.0, 1.0],
                [0.412392, 0.0, 0.911006, 0.009462, 0.911006, 0.0, -0.412392, 0.272527, 0.0, 1.0, 0.0, 0.686281, 0.0, 0.0, 0.0, 1.0],
                [0.404906, 0.0, 0.914358, 0.009357, 0.914358, 0.0, -0.404906, 0.272604, 0.0, 1.0, 0.0, 0.687177, 0.0, 0.0, 0.0, 1.0],
                [0.397344, 0.0, 0.91767, 0.00925, 0.91767, 0.0, -0.397344, 0.272681, 0.0, 1.0, 0.0, 0.68812, 0.0, 0.0, 0.0, 1.0],
                [0.389804, 0.0, 0.920898, 0.009144, 0.920898, 0.0, -0.389804, 0.272756, 0.0, 1.0, 0.0, 0.689104, 0.0, 0.0, 0.0, 1.0],
                [0.382384, 0.0, 0.924003, 0.009039, 0.924003, 0.0, -0.382384, 0.27283, 0.0, 1.0, 0.0, 0.690125, 0.0, 0.0, 0.0, 1.0],
                [0.375185, 0.0, 0.92695, 0.008937, 0.92695, 0.0, -0.375185, 0.2729, 0.0, 1.0, 0.0, 0.691177, 0.0, 0.0, 0.0, 1.0],
                [0.368308, 0.0, 0.929704, 0.008839, 0.929704, 0.0, -0.368308, 0.272965, 0.0, 1.0, 0.0, 0.692257, 0.0, 0.0, 0.0, 1.0],
                [0.361855, 0.0, 0.932234, 0.008747, 0.932234, 0.0, -0.361855, 0.273026, 0.0, 1.0, 0.0, 0.693358, 0.0, 0.0, 0.0, 1.0],
                [0.355929, 0.0, 0.934513, 0.008663, 0.934513, 0.0, -0.355929, 0.273082, 0.0, 1.0, 0.0, 0.694476, 0.0, 0.0, 0.0, 1.0],
                [0.350633, 0.0, 0.936513, 0.008587, 0.936513, 0.0, -0.350633, 0.273131, 0.0, 1.0, 0.0, 0.695605, 0.0, 0.0, 0.0, 1.0],
                [0.34607, 0.0, 0.938209, 0.008522, 0.938209, 0.0, -0.34607, 0.273172, 0.0, 1.0, 0.0, 0.696741, 0.0, 0.0, 0.0, 1.0],
                [0.342342, 0.0, 0.939575, 0.008469, 0.939575, 0.0, -0.342342, 0.273206, 0.0, 1.0, 0.0, 0.697879, 0.0, 0.0, 0.0, 1.0],
                [0.339554, 0.0, 0.940587, 0.008429, 0.940587, 0.0, -0.339554, 0.273231, 0.0, 1.0, 0.0, 0.699014, 0.0, 0.0, 0.0, 1.0],
                [0.337807, 0.0, 0.941215, 0.008404, 0.941215, 0.0, -0.337807, 0.273247, 0.0, 1.0, 0.0, 0.70014, 0.0, 0.0, 0.0, 1.0],
                [0.337202, 0.0, 0.941432, 0.008395, 0.941432, 0.0, -0.337202, 0.273252, 0.0, 1.0, 0.0, 0.701253, 0.0, 0.0, 0.0, 1.0],
                [0.358882, 0.0, 0.933383, 0.008705, 0.933383, 0.0, -0.358882, 0.280743, 0.0, 1.0, 0.0, 0.702349, 0.0, 0.0, 0.0, 1.0],
                [0.420442, 0.0, 0.907319, 0.009574, 0.907319, 0.0, -0.420442, 0.301766, 0.0, 1.0, 0.0, 0.703426, 0.0, 0.0, 0.0, 1.0],
                [0.516231, 0.0, 0.856449, 0.010893, 0.856449, 0.0, -0.516231, 0.334091, 0.0, 1.0, 0.0, 0.704485, 0.0, 0.0, 0.0, 1.0],
                [0.637605, 0.0, 0.770363, 0.01249, 0.770363, 0.0, -0.637605, 0.375437, 0.0, 1.0, 0.0, 0.705526, 0.0, 0.0, 0.0, 1.0],
                [0.769769, 0.0, 0.638322, 0.014102, 0.638322, 0.0, -0.769769, 0.423542, 0.0, 1.0, 0.0, 0.70655, 0.0, 0.0, 0.0, 1.0],
                [0.890445, 0.0, 0.455092, 0.015363, 0.455092, 0.0, -0.890445, 0.476255, 0.0, 1.0, 0.0, 0.707555, 0.0, 0.0, 0.0, 1.0],
                [0.973678, 0.0, 0.227928, 0.015894, 0.227928, 0.0, -0.973678, 0.531629, 0.0, 1.0, 0.0, 0.708543, 0.0, 0.0, 0.0, 1.0],
                [0.999785, 0.0, -0.020757, 0.015466, -0.020757, 0.0, -0.999785, 0.587933, 0.0, 1.0, 0.0, 0.709513, 0.0, 0.0, 0.0, 1.0],
                [0.96554, 0.0, -0.260253, 0.01413, -0.260253, 0.0, -0.96554, 0.643509, 0.0, 1.0, 0.0, 0.710466, 0.0, 0.0, 0.0, 1.0],
                [0.885547, 0.0, -0.46455, 0.012201, -0.46455, 0.0, -0.885547, 0.696567, 0.0, 1.0, 0.0, 0.711401, 0.0, 0.0, 0.0, 1.0],
                [0.783685, 0.0, -0.621158, 0.010093, -0.621158, 0.0, -0.783685, 0.745076, 0.0, 1.0, 0.0, 0.712319, 0.0, 0.0, 0.0, 1.0],
                [0.682834, 0.0, -0.730573, 0.008158, -0.730573, 0.0, -0.682834, 0.786805, 0.0, 1.0, 0.0, 0.71322, 0.0, 0.0, 0.0, 1.0],
                [0.599698, 0.0, -0.800227, 0.006632, -0.800227, 0.0, -0.599698, 0.819438, 0.0, 1.0, 0.0, 0.714104, 0.0, 0.0, 0.0, 1.0],
                [0.544893, 0.0, -0.838506, 0.005652, -0.838506, 0.0, -0.544893, 0.840662, 0.0, 1.0, 0.0, 0.71497, 0.0, 0.0, 0.0, 1.0],
                [0.525357, 0.0, -0.850882, 0.005307, -0.850882, 0.0, -0.525357, 0.848224, 0.0, 1.0, 0.0, 0.71582, 0.0, 0.0, 0.0, 1.0],
                [0.525357, 0.0, -0.850882, 0.005307, -0.850882, 0.0, -0.525357, 0.848224, 0.0, 1.0, 0.0, 0.716652, 0.0, 0.0, 0.0, 1.0],
                [0.525357, 0.0, -0.850882, 0.005307, -0.850882, 0.0, -0.525357, 0.848224, 0.0, 1.0, 0.0, 0.717468, 0.0, 0.0, 0.0, 1.0],
                [0.525357, 0.0, -0.850882, 0.005307, -0.850882, 0.0, -0.525357, 0.848224, 0.0, 1.0, 0.0, 0.718268, 0.0, 0.0, 0.0, 1.0],
                [0.525357, 0.0, -0.850882, 0.005307, -0.850882, 0.0, -0.525357, 0.848224, 0.0, 1.0, 0.0, 0.71905, 0.0, 0.0, 0.0, 1.0],
                [0.525357, 0.0, -0.850882, 0.005307, -0.850882, 0.0, -0.525357, 0.848224, 0.0, 1.0, 0.0, 0.719816, 0.0, 0.0, 0.0, 1.0],
                [0.525357, 0.0, -0.850882, 0.005307, -0.850882, 0.0, -0.525357, 0.848224, 0.0, 1.0, 0.0, 0.720566, 0.0, 0.0, 0.0, 1.0],
                [0.525357, 0.0, -0.850882, 0.005307, -0.850882, 0.0, -0.525357, 0.848224, 0.0, 1.0, 0.0, 0.7213, 0.0, 0.0, 0.0, 1.0],
                [0.525357, 0.0, -0.850882, 0.005307, -0.850882, 0.0, -0.525357, 0.848224, 0.0, 1.0, 0.0, 0.722017, 0.0, 0.0, 0.0, 1.0],
                [0.525357, 0.0, -0.850882, 0.005307, -0.850882, 0.0, -0.525357, 0.848224, 0.0, 1.0, 0.0, 0.722718, 0.0, 0.0, 0.0, 1.0],
                [0.525357, 0.0, -0.850882, 0.005307, -0.850882, 0.0, -0.525357, 0.848224, 0.0, 1.0, 0.0, 0.723403, 0.0, 0.0, 0.0, 1.0],
                [0.525357, 0.0, -0.850882, 0.005307, -0.850882, 0.0, -0.525357, 0.848224, 0.0, 1.0, 0.0, 0.724073, 0.0, 0.0, 0.0, 1.0],
                [0.525357, 0.0, -0.850882, 0.005307, -0.850882, 0.0, -0.525357, 0.848224, 0.0, 1.0, 0.0, 0.724726, 0.0, 0.0, 0.0, 1.0],
                [0.525357, 0.0, -0.850882, 0.005307, -0.850882, 0.0, -0.525357, 0.848224, 0.0, 1.0, 0.0, 0.725364, 0.0, 0.0, 0.0, 1.0],
                [0.525357, 0.0, -0.850882, 0.005307, -0.850882, 0.0, -0.525357, 0.848224, 0.0, 1.0, 0.0, 0.725986, 0.0, 0.0, 0.0, 1.0],
                [0.525357, 0.0, -0.850882, 0.005307, -0.850882, 0.0, -0.525357, 0.848224, 0.0, 1.0, 0.0, 0.726592, 0.0, 0.0, 0.0, 1.0],
                [0.525357, 0.0, -0.850882, 0.005307, -0.850882, 0.0, -0.525357, 0.848224, 0.0, 1.0, 0.0, 0.727183, 0.0, 0.0, 0.0, 1.0],
                [0.525357, 0.0, -0.850882, 0.005307, -0.850882, 0.0, -0.525357, 0.848224, 0.0, 1.0, 0.0, 0.727759, 0.0, 0.0, 0.0, 1.0],
                [0.525357, 0.0, -0.850882, 0.005307, -0.850882, 0.0, -0.525357, 0.848224, 0.0, 1.0, 0.0, 0.72832, 0.0, 0.0, 0.0, 1.0],
                [0.525357, 0.0, -0.850882, 0.005307, -0.850882, 0.0, -0.525357, 0.848224, 0.0, 1.0, 0.0, 0.728865, 0.0, 0.0, 0.0, 1.0],
                [0.525357, 0.0, -0.850882, 0.005307, -0.850882, 0.0, -0.525357, 0.848224, 0.0, 1.0, 0.0, 0.729395, 0.0, 0.0, 0.0, 1.0],
                [0.526688, 0.0, -0.850059, 0.00533, -0.850059, 0.0, -0.526688, 0.848232, 0.0, 1.0, 0.0, 0.729911, 0.0, 0.0, 0.0, 1.0],
                [0.530585, 0.0, -0.847632, 0.005399, -0.847632, 0.0, -0.530585, 0.848257, 0.0, 1.0, 0.0, 0.730411, 0.0, 0.0, 0.0, 1.0],
                [0.5369, 0.0, -0.843646, 0.00551, -0.843646, 0.0, -0.5369, 0.848297, 0.0, 1.0, 0.0, 0.730897, 0.0, 0.0, 0.0, 1.0],
                [0.545475, 0.0, -0.838127, 0.005662, -0.838127, 0.0, -0.545475, 0.848354, 0.0, 1.0, 0.0, 0.731368, 0.0, 0.0, 0.0, 1.0],
                [0.556146, 0.0, -0.831085, 0.005852, -0.831085, 0.0, -0.556146, 0.848428, 0.0, 1.0, 0.0, 0.731824, 0.0, 0.0, 0.0, 1.0],
                [0.568738, 0.0, -0.822519, 0.006076, -0.822519, 0.0, -0.568738, 0.848519, 0.0, 1.0, 0.0, 0.732266, 0.0, 0.0, 0.0, 1.0],
                [0.583073, 0.0, -0.81242, 0.006333, -0.81242, 0.0, -0.583073, 0.848628, 0.0, 1.0, 0.0, 0.732694, 0.0, 0.0, 0.0, 1.0],
                [0.598961, 0.0, -0.800779, 0.006619, -0.800779, 0.0, -0.598961, 0.848755, 0.0, 1.0, 0.0, 0.733107, 0.0, 0.0, 0.0, 1.0],
                [0.616208, 0.0, -0.787584, 0.006931, -0.787584, 0.0, -0.616208, 0.848903, 0.0, 1.0, 0.0, 0.733506, 0.0, 0.0, 0.0, 1.0],
                [0.634613, 0.0, -0.77283, 0.007267, -0.77283, 0.0, -0.634613, 0.84907, 0.0, 1.0, 0.0, 0.733891, 0.0, 0.0, 0.0, 1.0],
                [0.653969, 0.0, -0.756521, 0.007622, -0.756521, 0.0, -0.653969, 0.849259, 0.0, 1.0, 0.0, 0.734262, 0.0, 0.0, 0.0, 1.0],
                [0.674067, 0.0, -0.73867, 0.007994, -0.73867, 0.0, -0.674067, 0.849469, 0.0, 1.0, 0.0, 0.734619, 0.0, 0.0, 0.0, 1.0],
                [0.694693, 0.0, -0.719306, 0.00838, -0.719306, 0.0, -0.694693, 0.849701, 0.0, 1.0, 0.0, 0.734962, 0.0, 0.0, 0.0, 1.0],
                [0.715635, 0.0, -0.698474, 0.008775, -0.698474, 0.0, -0.715635, 0.849954, 0.0, 1.0, 0.0, 0.735291, 0.0, 0.0, 0.0, 1.0],
                [0.736684, 0.0, -0.676237, 0.009177, -0.676237, 0.0, -0.736684, 0.850229, 0.0, 1.0, 0.0, 0.735607, 0.0, 0.0, 0.0, 1.0],
                [0.757635, 0.0, -0.652678, 0.009582, -0.652678, 0.0, -0.757635, 0.850525, 0.0, 1.0, 0.0, 0.735909, 0.0, 0.0, 0.0, 1.0],
                [0.778293, 0.0, -0.627901, 0.009986, -0.627901, 0.0, -0.778293, 0.850841, 0.0, 1.0, 0.0, 0.736198, 0.0, 0.0, 0.0, 1.0],
                [0.798474, 0.0, -0.602029, 0.010387, -0.602029, 0.0, -0.798474, 0.851175, 0.0, 1.0, 0.0, 0.736473, 0.0, 0.0, 0.0, 1.0],
                [0.818008, 0.0, -0.575207, 0.01078, -0.575207, 0.0, -0.818008, 0.851527, 0.0, 1.0, 0.0, 0.736736, 0.0, 0.0, 0.0, 1.0],
                [0.836742, 0.0, -0.547597, 0.011164, -0.547597, 0.0, -0.836742, 0.851893, 0.0, 1.0, 0.0, 0.736985, 0.0, 0.0, 0.0, 1.0],
                [0.854545, 0.0, -0.519377, 0.011535, -0.519377, 0.0, -0.854545, 0.852272, 0.0, 1.0, 0.0, 0.737221, 0.0, 0.0, 0.0, 1.0],
                [0.871306, 0.0, -0.49074, 0.011892, -0.49074, 0.0, -0.871306, 0.852661, 0.0, 1.0, 0.0, 0.737443, 0.0, 0.0, 0.0, 1.0],
                [0.886937, 0.0, -0.461891, 0.012232, -0.461891, 0.0, -0.886937, 0.853057, 0.0, 1.0, 0.0, 0.737654, 0.0, 0.0, 0.0, 1.0],
                [0.901374, 0.0, -0.433042, 0.012553, -0.433042, 0.0, -0.901374, 0.853457, 0.0, 1.0, 0.0, 0.737851, 0.0, 0.0, 0.0, 1.0],
                [0.914577, 0.0, -0.404412, 0.012854, -0.404412, 0.0, -0.914577, 0.853857, 0.0, 1.0, 0.0, 0.738035, 0.0, 0.0, 0.0, 1.0],
                [0.926529, 0.0, -0.376222, 0.013135, -0.376222, 0.0, -0.926529, 0.854255, 0.0, 1.0, 0.0, 0.738207, 0.0, 0.0, 0.0, 1.0],
                [0.937237, 0.0, -0.348692, 0.013393, -0.348692, 0.0, -0.937237, 0.854647, 0.0, 1.0, 0.0, 0.738367, 0.0, 0.0, 0.0, 1.0],
                [0.946726, 0.0, -0.32204, 0.01363, -0.32204, 0.0, -0.946726, 0.85503, 0.0, 1.0, 0.0, 0.738514, 0.0, 0.0, 0.0, 1.0],
                [0.95504, 0.0, -0.296477, 0.013845, -0.296477, 0.0, -0.95504, 0.855399, 0.0, 1.0, 0.0, 0.738649, 0.0, 0.0, 0.0, 1.0],
                [0.962238, 0.0, -0.272211, 0.014038, -0.272211, 0.0, -0.962238, 0.855752, 0.0, 1.0, 0.0, 0.738771, 0.0, 0.0, 0.0, 1.0],
                [0.96839, 0.0, -0.249439, 0.014211, -0.249439, 0.0, -0.96839, 0.856086, 0.0, 1.0, 0.0, 0.738882, 0.0, 0.0, 0.0, 1.0],
                [0.973579, 0.0, -0.228352, 0.014362, -0.228352, 0.0, -0.973579, 0.856396, 0.0, 1.0, 0.0, 0.73898, 0.0, 0.0, 0.0, 1.0],
                [0.977887, 0.0, -0.209133, 0.014493, -0.209133, 0.0, -0.977887, 0.85668, 0.0, 1.0, 0.0, 0.739067, 0.0, 0.0, 0.0, 1.0],
                [0.981404, 0.0, -0.191955, 0.014606, -0.191955, 0.0, -0.981404, 0.856936, 0.0, 1.0, 0.0, 0.739141, 0.0, 0.0, 0.0, 1.0],
                [0.984213, 0.0, -0.176986, 0.0147, -0.176986, 0.0, -0.984213, 0.857159, 0.0, 1.0, 0.0, 0.739204, 0.0, 0.0, 0.0, 1.0],
                [0.986396, 0.0, -0.164389, 0.014776, -0.164389, 0.0, -0.986396, 0.857347, 0.0, 1.0, 0.0, 0.739255, 0.0, 0.0, 0.0, 1.0],
                [0.988021, 0.0, -0.154322, 0.014835, -0.154322, 0.0, -0.988021, 0.857498, 0.0, 1.0, 0.0, 0.739295, 0.0, 0.0, 0.0, 1.0],
                [0.989146, 0.0, -0.146939, 0.014877, -0.146939, 0.0, -0.989146, 0.857609, 0.0, 1.0, 0.0, 0.739323, 0.0, 0.0, 0.0, 1.0],
                [0.98981, 0.0, -0.142396, 0.014903, -0.142396, 0.0, -0.98981, 0.857678, 0.0, 1.0, 0.0, 0.73934, 0.0, 0.0, 0.0, 1.0],
                [0.990031, 0.0, -0.140847, 0.014911, -0.140847, 0.0, -0.990031, 0.857701, 0.0, 1.0, 0.0, 0.739346, 0.0, 0.0, 0.0, 1.0]
            ]
        },
        {
            "name": "Thigh_R",
            "time": [0.0, 0.0167, 0.0333, 0.05, 0.0667, 0.0833, 0.1, 0.1167, 0.1333, 0.15, 0.1667, 0.1833, 0.2, 0.2167, 0.2333, 0.25, 0.2667, 0.2833, 0.3, 0.3167, 0.3333, 0.35, 0.3667, 0.3833, 0.4, 0.4167, 0.4333, 0.45, 0.4667, 0.4833, 0.5, 0.5167, 0.5333, 0.55, 0.5667, 0.5833, 0.6, 0.6167, 0.6333, 0.65, 0.6667, 0.6833, 0.7, 0.7167, 0.7333, 0.75, 0.7667, 0.7833, 0.8, 0.8167, 0.8333, 0.85, 0.8667, 0.8833, 0.9, 0.9167, 0.9333, 0.95, 0.9667, 0.9833, 1.0, 1.0167, 1.0333, 1.05, 1.0667, 1.0833, 1.1, 1.1167, 1.1333, 1.15, 1.1667, 1.1833, 1.2, 1.2167, 1.2333, 1.25, 1.2667, 1.2833, 1.3, 1.3167, 1.3333, 1.35, 1.3667, 1.3833, 1.4, 1.4167, 1.4333, 1.45, 1.4667, 1.4833, 1.5, 1.5167, 1.5333, 1.55, 1.5667, 1.5833, 1.6, 1.6167, 1.6333, 1.65, 1.6667],
            "transform": [
                [0.882042, 0.420452, 0.212657, 0.124994, 0.276627, -0.827467, 0.488647, -0.002831, 0.381418, -0.372181, -0.846174, -1.2e-05, 0.0, 0.0, 0.0, 1.0],
                [0.882051, 0.420386, 0.21275, 0.124994, 0.27661, -0.827582, 0.488463, -0.002831, 0.381409, -0.372001, -0.846256, -1.2e-05, 0.0, 0.0, 0.0, 1.0],
                [0.882078, 0.42019, 0.213024, 0.124994, 0.276557, -0.827919, 0.487922, -0.002831, 0.381385, -0.371472, -0.846499, -1.2e-05, 0.0, 0.0, 0.0, 1.0],
                [0.882122, 0.419871, 0.21347, 0.124994, 0.276471, -0.828467, 0.487039, -0.002831, 0.381344, -0.37061, -0.846895, -1.2e-05, 0.0, 0.0, 0.0, 1.0],
                [0.882182, 0.419433, 0.21408, 0.124994, 0.276355, -0.829216, 0.485828, -0.002831, 0.38129, -0.369427, -0.847437, -1.2e-05, 0.0, 0.0, 0.0, 1.0],
                [0.882258, 0.418882, 0.214847, 0.124994, 0.276209, -0.830157, 0.484303, -0.002831, 0.381221, -0.367938, -0.848115, -1.2e-05, 0.0, 0.0, 0.0, 1.0],
                [0.882348, 0.418222, 0.215763, 0.124994, 0.276035, -0.831278, 0.482475, -0.002831, 0.381139, -0.366153, -0.848924, -1.2e-05, 0.0, 0.0, 0.0, 1.0],
                [0.882451, 0.417457, 0.216821, 0.124994, 0.275836, -0.83257, 0.480356, -0.002831, 0.381045, -0.364084, -0.849856, -1.2e-05, 0.0, 0.0, 0.0, 1.0],
                [0.882566, 0.416592, 0.218014, 0.124994, 0.275613, -0.834023, 0.477958, -0.002831, 0.38094, -0.361742, -0.850902, -1.2e-05, 0.0, 0.0, 0.0, 1.0],
                [0.882692, 0.415629, 0.219334, 0.124994, 0.275367, -0.835627, 0.475291, -0.002831, 0.380825, -0.359138, -0.852056, -1.2e-05, 0.0, 0.0, 0.0, 1.0],
                [0.882829, 0.414574, 0.220776, 0.124994, 0.275101, -0.837373, 0.472363, -0.002831, 0.380699, -0.35628, -0.853311, -1.2e-05, 0.0, 0.0, 0.0, 1.0],
                [0.882976, 0.413428, 0.222332, 0.124994, 0.274816, -0.839251, 0.469186, -0.002831, 0.380565, -0.353179, -0.854659, -1.2e-05, 0.0, 0.0, 0.0, 1.0],
                [0.883131, 0.412177, 0.224032, 0.124994, 0.274514, -0.841292, 0.465693, -0.002831, 0.380423, -0.349768, -0.856124, -1.2e-05, 0.0, 0.0, 0.0, 1.0],
                [0.883293, 0.410869, 0.225788, 0.124994, 0.274197, -0.843395, 0.462062, -0.002831, 0.380274, -0.346226, -0.857628, -1.2e-05, 0.0, 0.0, 0.0, 1.0],
                [0.883463, 0.409482, 0.227638, 0.124994, 0.273867, -0.8456, 0.458212, -0.002831, 0.380119, -0.342471, -0.859204, -1.2e-05, 0.0, 0.0, 0.0, 1.0],
                [0.883638, 0.408016, 0.229583, 0.124994, 0.273525, -0.847906, 0.454137, -0.002831, 0.379958, -0.338496, -0.860848, -1.2e-05, 0.0, 0.0, 0.0, 1.0],
                [0.883818, 0.406475, 0.231614, 0.124994, 0.273174, -0.850302, 0.449849, -0.002831, 0.379792, -0.334314, -0.862554, -1.2e-05, 0.0, 0.0, 0.0, 1.0],
                [0.884002, 0.404867, 0.23372, 0.124994, 0.272814, -0.852772, 0.445369, -0.002831, 0.379623, -0.329945, -0.864309, -1.2e-05, 0.0, 0.0, 0.0, 1.0],
                [0.884189, 0.403194, 0.235894, 0.124994, 0.272448, -0.855307, 0.440707, -0.002831, 0.37945, -0.3254, -0.866106, -1.2e-05, 0.0, 0.0, 0.0, 1.0],
                [0.884378, 0.401461, 0.238129, 0.124994, 0.272077, -0.857898, 0.435874, -0.002831, 0.379276, -0.320688, -0.867938, -1.2e-05, 0.0, 0.0, 0.0, 1.0],
                [0.884568, 0.399652, 0.240454, 0.124994, 0.271703, -0.860571, 0.430808, -0.002831, 0.3791, -0.315748, -0.869824, -1.2e-05, 0.0, 0.0, 0.0, 1.0],
                [0.884759, 0.397818, 0.242781, 0.124994, 0.271327, -0.863231, 0.425694, -0.002831, 0.378923, -0.310763, -0.871694, -1.2e-05, 0.0, 0.0, 0.0, 1.0],
                [0.88495, 0.395938, 0.245148, 0.124994, 0.270952, -0.865917, 0.420445, -0.002831, 0.378746, -0.30565, -0.873577, -1.2e-05, 0.0, 0.0, 0.0, 1.0],
                [0.885139, 0.394009, 0.24756, 0.124994, 0.270579, -0.868632, 0.415049, -0.002831, 0.37857, -0.300392, -0.875475, -1.2e-05, 0.0, 0.0, 0.0, 1.0],
                [0.885327, 0.392045, 0.249997, 0.124994, 0.270209, -0.871353, 0.409552, -0.002831, 0.378396, -0.295035, -0.87737, -1.2e-05, 0.0, 0.0, 0.0, 1.0],
                [0.885511, 0.390027, 0.252487, 0.124994, 0.269844, -0.874107, 0.403883, -0.002831, 0.378225, -0.289511, -0.879282, -1.2e-05, 0.0, 0.0, 0.0, 1.0],
                [0.885804, 0.387512, 0.255318, 0.124994, 0.268228, -0.876507, 0.399738, -0.002831, 0.37869, -0.285606, -0.880358, -1.2e-05, 0.0, 0.0, 0.0, 1.0],
                [0.886281, 0.384077, 0.25883, 0.124994, 0.264339, -0.878361, 0.398256, -0.002831, 0.380306, -0.284548, -0.880004, -1.2e-05, 0.0, 0.0, 0.0, 1.0],
                [0.886882, 0.379841, 0.262987, 0.124994, 0.258528, -0.879803, 0.398886, -0.002831, 0.382888, -0.285776, -0.878485, -1.2e-05, 0.0, 0.0, 0.0, 1.0],
                [0.887545, 0.374922, 0.267765, 0.124994, 0.251149, -0.880958, 0.401045, -0.002831, 0.386249, -0.288697, -0.876055, -1.2e-05, 0.0, 0.0, 0.0, 1.0],
                [0.888209, 0.369345, 0.273259, 0.124994, 0.242551, -0.882082, 0.403858, -0.002831, 0.390198, -0.292431, -0.873062, -1.2e-05, 0.0, 0.0, 0.0, 1.0],
                [0.888821, 0.363226, 0.279401, 0.124994, 0.233087, -0.883282, 0.406796, -0.002831, 0.394548, -0.296444, -0.869747, -1.2e-05, 0.0, 0.0, 0.0, 1.0],
                [0.889342, 0.356683, 0.286094, 0.124994, 0.223112, -0.884662, 0.409383, -0.002831, 0.399115, -0.30025, -0.866351, -1.2e-05, 0.0, 0.0, 0.0, 1.0],
                [0.889746, 0.349915, 0.293109, 0.124994, 0.212981, -0.886203, 0.411442, -0.002831, 0.403722, -0.303652, -0.863024, -1.2e-05, 0.0, 0.0, 0.0, 1.0],
                [0.890025, 0.343043, 0.300295, 0.124994, 0.203049, -0.887994, 0.412601, -0.002831, 0.408198, -0.306251, -0.859995, -1.2e-05, 0.0, 0.0, 0.0, 1.0],
                [0.890187, 0.336303, 0.307357, 0.124994, 0.193669, -0.889964, 0.412864, -0.002831, 0.412383, -0.308001, -0.85737, -1.2e-05, 0.0, 0.0, 0.0, 1.0],
                [0.890252, 0.329929, 0.314006, 0.124994, 0.185192, -0.892053, 0.412246, -0.002831, 0.41612, -0.308852, -0.855255, -1.2e-05, 0.0, 0.0, 0.0, 1.0],
                [0.890252, 0.324175, 0.319943, 0.124994, 0.177963, -0.894179, 0.41082, -0.002831, 0.419262, -0.308795, -0.85374, -1.2e-05, 0.0, 0.0, 0.0, 1.0],
                [0.890226, 0.319305, 0.324874, 0.124994, 0.172327, -0.896259, 0.408685, -0.002831, 0.421665, -0.307838, -0.852902, -1.2e-05, 0.0, 0.0, 0.0, 1.0],
                [0.890215, 0.315587, 0.328519, 0.124994, 0.168623, -0.898215, 0.405927, -0.002831, 0.423184, -0.305966, -0.852824, -1.2e-05, 0.0, 0.0, 0.0, 1.0],
                [0.890253, 0.313271, 0.330624, 0.124994, 0.167191, -0.899991, 0.402571, -0.002831, 0.423671, -0.303113, -0.853599, -1.2e-05, 0.0, 0.0, 0.0, 1.0],
                [0.890324, 0.311738, 0.331878, 0.124994, 0.167009, -0.901654, 0.398909, -0.002831, 0.423593, -0.299732, -0.854831, -1.2e-05, 0.0, 0.0, 0.0, 1.0],
                [0.890394, 0.310215, 0.333116, 0.124994, 0.16683, -0.90329, 0.395266, -0.002831, 0.423516, -0.296369, -0.856041, -1.2e-05, 0.0, 0.0, 0.0, 1.0],
                [0.890462, 0.3087, 0.334338, 0.124994, 0.166656, -0.904898, 0.391645, -0.002831, 0.423441, -0.293026, -0.857228, -1.2e-05, 0.0, 0.0, 0.0, 1.0],
                [0.890529, 0.307196, 0.335544, 0.124994, 0.166486, -0.906479, 0.388045, -0.002831, 0.423368, -0.289702, -0.858393, -1.2e-05, 0.0, 0.0, 0.0, 1.0],
                [0.890594, 0.305701, 0.336735, 0.124994, 0.16632, -0.908033, 0.384467, -0.002831, 0.423297, -0.286399, -0.859536, -1.2e-05, 0.0, 0.0, 0.0, 1.0],
                [0.890658, 0.304184, 0.337938, 0.124994, 0.166157, -0.909595, 0.380828, -0.002831, 0.423227, -0.283037, -0.860684, -1.2e-05, 0.0, 0.0, 0.0, 1.0],
                [0.89072, 0.302716, 0.339091, 0.124994, 0.165998, -0.911087, 0.377314, -0.002831, 0.423158, -0.279792, -0.861777, -1.2e-05, 0.0, 0.0, 0.0, 1.0],
                [0.89078, 0.301259, 0.340227, 0.124994, 0.165843, -0.912552, 0.373826, -0.002831, 0.423092, -0.276572, -0.862849, -1.2e-05, 0.0, 0.0, 0.0, 1.0],
                [0.890839, 0.299814, 0.341347, 0.124994, 0.165692, -0.913989, 0.370365, -0.002831, 0.423027, -0.273377, -0.863898, -1.2e-05, 0.0, 0.0, 0.0, 1.0],
                [0.890897, 0.298375, 0.342456, 0.124994, 0.165544, -0.915406, 0.366916, -0.002831, 0.422963, -0.270193, -0.86493, -1.2e-05, 0.0, 0.0, 0.0, 1.0],
                [0.890953, 0.296945, 0.343551, 0.124994, 0.1654, -0.916799, 0.363488, -0.002831, 0.422901, -0.267028, -0.865943, -1.2e-05, 0.0, 0.0, 0.0, 1.0],
                [0.891008, 0.295528, 0.344629, 0.124994, 0.165259, -0.918165, 0.360088, -0.002831, 0.422841, -0.263888, -0.866935, -1.2e-05, 0.0, 0.0, 0.0, 1.0],
                [0.891061, 0.294123, 0.345692, 0.124994, 0.165122, -0.919504, 0.356718, -0.002831, 0.422782, -0.260776, -0.867904, -1.2e-05, 0.0, 0.0, 0.0, 1.0],
                [0.891113, 0.292731, 0.346737, 0.124994, 0.164988, -0.920817, 0.353378, -0.002831, 0.422725, -0.257692, -0.868853, -1.2e-05, 0.0, 0.0, 0.0, 1.0],
                [0.891164, 0.291321, 0.347794, 0.124994, 0.164858, -0.922135, 0.349985, -0.002831, 0.422669, -0.254557, -0.869804, -1.2e-05, 0.0, 0.0, 0.0, 1.0],
                [0.891213, 0.289962, 0.348802, 0.124994, 0.164732, -0.923389, 0.346723, -0.002831, 0.422614, -0.251546, -0.870706, -1.2e-05, 0.0, 0.0, 0.0, 1.0],
                [0.891261, 0.288619, 0.349793, 0.124994, 0.164608, -0.924616, 0.343498, -0.002831, 0.422562, -0.248568, -0.871586, -1.2e-05, 0.0, 0.0, 0.0, 1.0],
                [0.891307, 0.28729, 0.350766, 0.124994, 0.164488, -0.925815, 0.340309, -0.002831, 0.42251, -0.245623, -0.872446, -1.2e-05, 0.0, 0.0, 0.0, 1.0],
                [0.891352, 0.285978, 0.351722, 0.124994, 0.164372, -0.926988, 0.337157, -0.002831, 0.42246, -0.242713, -0.873284, -1.2e-05, 0.0, 0.0, 0.0, 1.0],
                [0.891396, 0.284675, 0.352667, 0.124994, 0.164259, -0.928142, 0.334024, -0.002831, 0.422412, -0.239819, -0.874106, -1.2e-05, 0.0, 0.0, 0.0, 1.0],
                [0.891429, 0.283195, 0.353773, 0.124994, 0.163913, -0.929322, 0.330898, -0.002831, 0.422476, -0.236984, -0.874848, -1.2e-05, 0.0, 0.0, 0.0, 1.0],
                [0.891443, 0.281362, 0.355199, 0.124994, 0.163115, -0.930573, 0.32776, -0.002831, 0.422756, -0.234241, -0.875451, -1.2e-05, 0.0, 0.0, 0.0, 1.0],
                [0.891436, 0.279188, 0.356928, 0.124994, 0.161893, -0.931895, 0.324595, -0.002831, 0.423241, -0.231572, -0.875927, -1.2e-05, 0.0, 0.0, 0.0, 1.0],
                [0.891408, 0.276669, 0.358952, 0.124994, 0.160273, -0.933301, 0.321345, -0.002831, 0.423915, -0.228919, -0.876298, -1.2e-05, 0.0, 0.0, 0.0, 1.0],
                [0.891359, 0.273791, 0.361275, 0.124994, 0.158283, -0.934812, 0.317922, -0.002831, 0.424766, -0.226199, -0.876593, -1.2e-05, 0.0, 0.0, 0.0, 1.0],
                [0.891286, 0.270532, 0.363899, 0.124994, 0.155952, -0.936454, 0.314219, -0.002831, 0.42578, -0.223308, -0.876842, -1.2e-05, 0.0, 0.0, 0.0, 1.0],
                [0.891189, 0.266865, 0.366833, 0.124994, 0.153309, -0.938256, 0.310116, -0.002831, 0.42694, -0.220134, -0.87708, -1.2e-05, 0.0, 0.0, 0.0, 1.0],
                [0.891067, 0.262754, 0.370082, 0.124994, 0.150383, -0.940248, 0.305481, -0.002831, 0.428234, -0.21655, -0.877342, -1.2e-05, 0.0, 0.0, 0.0, 1.0],
                [0.890919, 0.258181, 0.373641, 0.124994, 0.147203, -0.942443, 0.300221, -0.002831, 0.429645, -0.212471, -0.877649, -1.2e-05, 0.0, 0.0, 0.0, 1.0],
                [0.890743, 0.253119, 0.377503, 0.124994, 0.143798, -0.944854, 0.294234, -0.002831, 0.43116, -0.207803, -0.878024, -1.2e-05, 0.0, 0.0, 0.0, 1.0],
                [0.89054, 0.247549, 0.381653, 0.124994, 0.140197, -0.947485, 0.287431, -0.002831, 0.432763, -0.202463, -0.878483, -1.2e-05, 0.0, 0.0, 0.0, 1.0],
                [0.890309, 0.241496, 0.386046, 0.124994, 0.136426, -0.950303, 0.279845, -0.002831, 0.43444, -0.196482, -0.879013, -1.2e-05, 0.0, 0.0, 0.0, 1.0],
                [0.89005, 0.234867, 0.390706, 0.124994, 0.132515, -0.953353, 0.271218, -0.002831, 0.436178, -0.189623, -0.879658, -1.2e-05, 0.0, 0.0, 0.0, 1.0],
                [0.889763, 0.227691, 0.395576, 0.124994, 0.128489, -0.956586, 0.261598, -0.002831, 0.437964, -0.181934, -0.880395, -1.2e-05, 0.0, 0.0, 0.0, 1.0],
                [0.88945, 0.219967, 0.400619, 0.124994, 0.124374, -0.959975, 0.250957, -0.002831, 0.439784, -0.173388, -0.881211, -1.2e-05, 0.0, 0.0, 0.0, 1.0],
                [0.889111, 0.211696, 0.405794, 0.124994, 0.120196, -0.963483, 0.239278, -0.002831, 0.441627, -0.163971, -0.882092, -1.2e-05, 0.0, 0.0, 0.0, 1.0],
                [0.888748, 0.202886, 0.411054, 0.124994, 0.115979, -0.967067, 0.226562, -0.002831, 0.443482, -0.153683, -0.883013, -1.2e-05, 0.0, 0.0, 0.0, 1.0],
                [0.888363, 0.193552, 0.416355, 0.124994, 0.111746, -0.970681, 0.212815, -0.002831, 0.445336, -0.142532, -0.88395, -1.2e-05, 0.0, 0.0, 0.0, 1.0],
                [0.887958, 0.18371, 0.421644, 0.124994, 0.107519, -0.974275, 0.198063, -0.002831, 0.447182, -0.130537, -0.88487, -1.2e-05, 0.0, 0.0, 0.0, 1.0],
                [0.887535, 0.173387, 0.426873, 0.124994, 0.10332, -0.977792, 0.18234, -0.002831, 0.449007, -0.11773, -0.885742, -1.2e-05, 0.0, 0.0, 0.0, 1.0],
                [0.887097, 0.162611, 0.431993, 0.124994, 0.099169, -0.981179, 0.165691, -0.002831, 0.450804, -0.104145, -0.886531, -1.2e-05, 0.0, 0.0, 0.0, 1.0],
                [0.886648, 0.151376, 0.43697, 0.124994, 0.095086, -0.984394, 0.148077, -0.002831, 0.452564, -0.089743, -0.887208, -1.2e-05, 0.0, 0.0, 0.0, 1.0],
                [0.88619, 0.139816, 0.441725, 0.124994, 0.09109, -0.987351, 0.129773, -0.002831, 0.45428, -0.074767, -0.88772, -1.2e-05, 0.0, 0.0, 0.0, 1.0],
                [0.885727, 0.12793, 0.446233, 0.124994, 0.087199, -0.990016, 0.110746, -0.002831, 0.455944, -0.059181, -0.888043, -1.2e-05, 0.0, 0.0, 0.0, 1.0],
                [0.885262, 0.115764, 0.450457, 0.124994, 0.083428, -0.992344, 0.091066, -0.002831, 0.457549, -0.043037, -0.888146, -1.2e-05, 0.0, 0.0, 0.0, 1.0],
                [0.884799, 0.103365, 0.454365, 0.124994, 0.079796, -0.994293, 0.070805, -0.002831, 0.459089, -0.026393, -0.888002, -1.2e-05, 0.0, 0.0, 0.0, 1.0],
                [0.884343, 0.090774, 0.45793, 0.124994, 0.076316, -0.995828, 0.05002, -0.002831, 0.460558, -0.009288, -0.887585, -1.2e-05, 0.0, 0.0, 0.0, 1.0],
                [0.883896, 0.07815, 0.46111, 0.124994, 0.073006, -0.996909, 0.029013, -0.002831, 0.461951, 0.008018, -0.886873, -1.2e-05, 0.0, 0.0, 0.0, 1.0],
                [0.883462, 0.065489, 0.463904, 0.124994, 0.069878, -0.997526, 0.007743, -0.002831, 0.463262, 0.025575, -0.885856, -1.2e-05, 0.0, 0.0, 0.0, 1.0],
                [0.883047, 0.052889, 0.466297, 0.124994, 0.066948, -0.997663, -0.013625, -0.002831, 0.464485, 0.043248, -0.884528, -1.2e-05, 0.0, 0.0, 0.0, 1.0],
                [0.882653, 0.040438, 0.468285, 0.124994, 0.064229, -0.997323, -0.03494, -0.002831, 0.465617, 0.060916, -0.882891, -1.2e-05, 0.0, 0.0, 0.0, 1.0],
                [0.882284, 0.028233, 0.469872, 0.124994, 0.061734, -0.996518, -0.056044, -0.002831, 0.466652, 0.078453, -0.880958, -1.2e-05, 0.0, 0.0, 0.0, 1.0],
                [0.881945, 0.016386, 0.47107, 0.124994, 0.059478, -0.995276, -0.076736, -0.002831, 0.467585, 0.095695, -0.878757, -1.2e-05, 0.0, 0.0, 0.0, 1.0],
                [0.881639, 0.005033, 0.471899, 0.124994, 0.057474, -0.993645, -0.096783, -0.002831, 0.468411, 0.112448, -0.876329, -1.2e-05, 0.0, 0.0, 0.0, 1.0],
                [0.881371, -0.005663, 0.472394, 0.124994, 0.055737, -0.991698, -0.115881, -0.002831, 0.469126, 0.128462, -0.873742, -1.2e-05, 0.0, 0.0, 0.0, 1.0],
                [0.881143, -0.015477, 0.472599, 0.124994, 0.054279, -0.989547, -0.13361, -0.002831, 0.469725, 0.143381, -0.871095, -1.2e-05, 0.0, 0.0, 0.0, 1.0],
                [0.88096, -0.024099, 0.472579, 0.124994, 0.053116, -0.987354, -0.149369, -0.002831, 0.470201, 0.156689, -0.868542, -1.2e-05, 0.0, 0.0, 0.0, 1.0],
                [0.880824, -0.03107, 0.472424, 0.124994, 0.052265, -0.985364, -0.162253, -0.002831, 0.470549, 0.167606, -0.866313, -1.2e-05, 0.0, 0.0, 0.0, 1.0],
                [0.880741, -0.035755, 0.472248, 0.124994, 0.051741, -0.983913, -0.170992, -0.002831, 0.470763, 0.175033, -0.864726, -1.2e-05, 0.0, 0.0, 0.0, 1.0],
                [0.880713, -0.037443, 0.472171, 0.124994, 0.051562, -0.983367, -0.174157, -0.002831, 0.470836, 0.177727, -0.864137, -1.2e-05, 0.0, 0.0, 0.0, 1.0]
            ]
        },
        {
            "name": "Leg_R",
            "time": [0.0, 0.0167, 0.0333, 0.05, 0.0667, 0.0833, 0.1, 0.1167, 0.1333, 0.15, 0.1667, 0.1833, 0.2, 0.2167, 0.2333, 0.25, 0.2667, 0.2833, 0.3, 0.3167, 0.3333, 0.35, 0.3667, 0.3833, 0.4, 0.4167, 0.4333, 0.45, 0.4667, 0.4833, 0.5, 0.5167, 0.5333, 0.55, 0.5667, 0.5833, 0.6, 0.6167, 0.6333, 0.65, 0.6667, 0.6833, 0.7, 0.7167, 0.7333, 0.75, 0.7667, 0.7833, 0.8, 0.8167, 0.8333, 0.85, 0.8667, 0.8833, 0.9, 0.9167, 0.9333, 0.95, 0.9667, 0.9833, 1.0, 1.0167, 1.0333, 1.05, 1.0667, 1.0833, 1.1, 1.1167, 1.1333, 1.15, 1.1667, 1.1833, 1.2, 1.2167, 1.2333, 1.25, 1.2667, 1.2833, 1.3, 1.3167, 1.3333, 1.35, 1.3667, 1.3833, 1.4, 1.4167, 1.4333, 1.45, 1.4667, 1.4833, 1.5, 1.5167, 1.5333, 1.55, 1.5667, 1.5833, 1.6, 1.6167, 1.6333, 1.65, 1.6667],
            "transform": [
                [1.0, -0.000672, -0.000339, 0.0, 0.000741, 0.799275, 0.600967, 0.375166, -0.000132, -0.600964, 0.799274, 0.0, 0.0, 0.0, 0.0, 1.0],
                [1.0, -0.000672, -0.000339, 0.0, 0.000741, 0.799524, 0.600636, 0.375166, -0.000132, -0.600633, 0.799523, 0.0, 0.0, 0.0, 0.0, 1.0],
                [1.0, -0.000671, -0.000339, 0.0, 0.00074, 0.800256, 0.59966, 0.375166, -0.000131, -0.599657, 0.800255, -0.0, 0.0, 0.0, 0.0, 1.0],
                [1.0, -0.000669, -0.000337, -0.0, 0.000738, 0.801447, 0.598068, 0.375166, -0.00013, -0.598065, 0.801445, 0.0, 0.0, 0.0, 0.0, 1.0],
                [1.0, -0.000666, -0.000335, 0.0, 0.000735, 0.803074, 0.595882, 0.375166, -0.000128, -0.595878, 0.803073, 0.0, 0.0, 0.0, 0.0, 1.0],
                [1.0, -0.000663, -0.000333, -0.0, 0.000731, 0.805114, 0.593123, 0.375166, -0.000125, -0.59312, 0.805112, -0.0, 0.0, 0.0, 0.0, 1.0],
                [1.0, -0.00066, -0.00033, 0.0, 0.000727, 0.807543, 0.58981, 0.375166, -0.000122, -0.589806, 0.807543, 0.0, 0.0, 0.0, 0.0, 1.0],
                [1.0, -0.000655, -0.000327, 0.0, 0.000723, 0.810341, 0.585961, 0.375166, -0.000119, -0.585958, 0.81034, -0.0, 0.0, 0.0, 0.0, 1.0],
                [1.0, -0.00065, -0.000324, 0.0, 0.000717, 0.813481, 0.581594, 0.375166, -0.000115, -0.581591, 0.81348, 0.0, 0.0, 0.0, 0.0, 1.0],
                [1.0, -0.000645, -0.00032, -0.0, 0.000711, 0.816942, 0.576722, 0.375166, -0.000111, -0.576719, 0.816941, 0.0, 0.0, 0.0, 0.0, 1.0],
                [1.0, -0.000639, -0.000316, -0.0, 0.000705, 0.820702, 0.571358, 0.375166, -0.000106, -0.571355, 0.820701, 0.0, 0.0, 0.0, 0.0, 1.0],
                [1.0, -0.000632, -0.000311, 0.0, 0.000697, 0.824737, 0.565518, 0.375166, -0.000101, -0.565515, 0.824736, -0.0, 0.0, 0.0, 0.0, 1.0],
                [1.0, -0.000625, -0.000306, 0.0, 0.00069, 0.829123, 0.559069, 0.375166, -9.6e-05, -0.559066, 0.829122, -0.0, 0.0, 0.0, 0.0, 1.0],
                [1.0, -0.000618, -0.000301, -0.0, 0.000681, 0.833615, 0.552348, 0.375166, -9e-05, -0.552345, 0.833614, -0.0, 0.0, 0.0, 0.0, 1.0],
                [1.0, -0.00061, -0.000296, 0.0, 0.000672, 0.838311, 0.545194, 0.375166, -8.4e-05, -0.545191, 0.838311, 0.0, 0.0, 0.0, 0.0, 1.0],
                [1.0, -0.000601, -0.00029, -0.0, 0.000663, 0.843208, 0.53759, 0.375166, -7.8e-05, -0.537587, 0.843207, -0.0, 0.0, 0.0, 0.0, 1.0],
                [1.0, -0.000592, -0.000285, -0.0, 0.000653, 0.848277, 0.529554, 0.375166, -7.2e-05, -0.529551, 0.848277, 0.0, 0.0, 0.0, 0.0, 1.0],
                [1.0, -0.000583, -0.000279, -0.0, 0.000643, 0.853484, 0.521122, 0.375166, -6.6e-05, -0.521119, 0.853483, 0.0, 0.0, 0.0, 0.0, 1.0],
                [1.0, -0.000573, -0.000273, 0.0, 0.000632, 0.858801, 0.512311, 0.375166, -5.9e-05, -0.512309, 0.8588, 0.0, 0.0, 0.0, 0.0, 1.0],
                [1.0, -0.000563, -0.000267, -0.0, 0.000621, 0.864208, 0.503137, 0.375166, -5.2e-05, -0.503134, 0.864207, 0.0, 0.0, 0.0, 0.0, 1.0],
                [1.0, -0.000552, -0.000261, 0.0, 0.000609, 0.869763, 0.493472, 0.375166, -4.6e-05, -0.493469, 0.869762, -0.0, 0.0, 0.0, 0.0, 1.0],
                [1.0, -0.000541, -0.000255, -0.0, 0.000596, 0.875248, 0.483678, 0.375166, -3.9e-05, -0.483675, 0.875246, -0.0, 0.0, 0.0, 0.0, 1.0],
                [1.0, -0.00053, -0.000249, 0.0, 0.000584, 0.880751, 0.473583, 0.375166, -3.2e-05, -0.473581, 0.880749, -0.0, 0.0, 0.0, 0.0, 1.0],
                [1.0, -0.000518, -0.000242, 0.0, 0.000571, 0.886278, 0.463157, 0.375166, -2.5e-05, -0.463154, 0.886277, 0.0, 0.0, 0.0, 0.0, 1.0],
                [1.0, -0.000506, -0.000236, -0.0, 0.000558, 0.891772, 0.452488, 0.375166, -1.8e-05, -0.452485, 0.891771, 0.0, 0.0, 0.0, 0.0, 1.0],
                [1.0, -0.000494, -0.00023, -0.0, 0.000544, 0.897295, 0.441434, 0.375166, -1.2e-05, -0.441432, 0.897294, 0.0, 0.0, 0.0, 0.0, 1.0],
                [1.0, -0.000486, -0.000226, 0.0, 0.000536, 0.900698, 0.434447, 0.375166, -7e-06, -0.434445, 0.900698, 0.0, 0.0, 0.0, 0.0, 1.0],
                [1.0, -0.000486, -0.000226, 0.0, 0.000536, 0.900564, 0.434726, 0.375166, -8e-06, -0.434724, 0.900563, 0.0, 0.0, 0.0, 0.0, 1.0],
                [0.999999, -0.000493, -0.00023, -0.0, 0.000544, 0.897548, 0.440919, 0.375166, -1.1e-05, -0.440917, 0.897547, -0.0, 0.0, 0.0, 0.0, 1.0],
                [1.0, -0.000505, -0.000236, -0.0, 0.000557, 0.892228, 0.451588, 0.375166, -1.8e-05, -0.451586, 0.892227, 0.0, 0.0, 0.0, 0.0, 1.0],
                [1.0, -0.00052, -0.000243, -0.0, 0.000573, 0.885468, 0.464702, 0.375166, -2.6e-05, -0.4647, 0.885467, 0.0, 0.0, 0.0, 0.0, 1.0],
                [1.0, -0.000536, -0.000252, -0.0, 0.000591, 0.877846, 0.478946, 0.375166, -3.5e-05, -0.478943, 0.877845, 0.0, 0.0, 0.0, 0.0, 1.0],
                [1.0, -0.000551, -0.00026, -0.0, 0.000608, 0.869971, 0.493105, 0.375166, -4.5e-05, -0.493103, 0.86997, -0.0, 0.0, 0.0, 0.0, 1.0],
                [1.0, -0.000566, -0.000269, 0.0, 0.000625, 0.862207, 0.506558, 0.375166, -5.5e-05, -0.506556, 0.862206, -0.0, 0.0, 0.0, 0.0, 1.0],
                [1.0, -0.00058, -0.000277, 0.0, 0.000639, 0.855207, 0.518289, 0.375166, -6.4e-05, -0.518286, 0.855206, 0.0, 0.0, 0.0, 0.0, 1.0],
                [1.0, -0.00059, -0.000284, 0.0, 0.000651, 0.849254, 0.527988, 0.375166, -7.1e-05, -0.527985, 0.849252, 0.0, 0.0, 0.0, 0.0, 1.0],
                [1.0, -0.000599, -0.000289, 0.0, 0.00066, 0.844647, 0.535326, 0.375166, -7.6e-05, -0.535323, 0.844646, -0.0, 0.0, 0.0, 0.0, 1.0],
                [1.0, -0.000604, -0.000292, -0.0, 0.000666, 0.841628, 0.540059, 0.375166, -8e-05, -0.540056, 0.841627, -0.0, 0.0, 0.0, 0.0, 1.0],
                [0.999999, -0.000606, -0.000293, 0.0, 0.000668, 0.840405, 0.541961, 0.375166, -8.2e-05, -0.541957, 0.840404, 0.0, 0.0, 0.0, 0.0, 1.0],
                [1.0, -0.000605, -0.000293, 0.0, 0.000667, 0.841178, 0.54076, 0.375166, -8.1e-05, -0.540757, 0.841177, 0.0, 0.0, 0.0, 0.0, 1.0],
                [1.0, -0.000599, -0.000289, 0.0, 0.000661, 0.844175, 0.53607, 0.375166, -7.7e-05, -0.536067, 0.844174, -0.0, 0.0, 0.0, 0.0, 1.0],
                [1.0, -0.000592, -0.000285, 0.0, 0.000653, 0.848336, 0.52946, 0.375166, -7.2e-05, -0.529457, 0.848335, -0.0, 0.0, 0.0, 0.0, 1.0],
                [1.0, -0.000585, -0.00028, 0.0, 0.000645, 0.852418, 0.522864, 0.375166, -6.7e-05, -0.522861, 0.852417, 0.0, 0.0, 0.0, 0.0, 1.0],
                [1.0, -0.000577, -0.000276, 0.0, 0.000637, 0.85642, 0.516282, 0.375166, -6.2e-05, -0.516279, 0.856419, 0.0, 0.0, 0.0, 0.0, 1.0],
                [1.0, -0.00057, -0.000271, 0.0, 0.000629, 0.860343, 0.509718, 0.375166, -5.7e-05, -0.509715, 0.860342, -0.0, 0.0, 0.0, 0.0, 1.0],
                [1.0, -0.000563, -0.000267, -0.0, 0.000621, 0.864188, 0.50317, 0.375166, -5.2e-05, -0.503168, 0.864187, 0.0, 0.0, 0.0, 0.0, 1.0],
                [1.0, -0.000555, -0.000263, -0.0, 0.000612, 0.868046, 0.496486, 0.375166, -4.8e-05, -0.496483, 0.868045, 0.0, 0.0, 0.0, 0.0, 1.0],
                [1.0, -0.000548, -0.000258, -0.0, 0.000604, 0.871716, 0.490013, 0.375166, -4.3e-05, -0.49001, 0.871715, 0.0, 0.0, 0.0, 0.0, 1.0],
                [1.0, -0.000541, -0.000254, 0.0, 0.000596, 0.875307, 0.48357, 0.375166, -3.9e-05, -0.483567, 0.875306, -0.0, 0.0, 0.0, 0.0, 1.0],
                [1.0, -0.000534, -0.000251, 0.0, 0.000588, 0.878819, 0.477157, 0.375166, -3.4e-05, -0.477155, 0.878818, 0.0, 0.0, 0.0, 0.0, 1.0],
                [1.0, -0.000526, -0.000247, 0.0, 0.000581, 0.882269, 0.470748, 0.375166, -3e-05, -0.470746, 0.882268, 0.0, 0.0, 0.0, 0.0, 1.0],
