{
    "animation": [
        {
            "name": "Root",
            "time": [0.0, 0.0167, 0.0333, 0.05, 0.0667, 0.0833, 0.1, 0.1167, 0.1333, 0.15, 0.1667, 0.1833, 0.2, 0.2167, 0.2333, 0.25, 0.2667, 0.2833, 0.3, 0.3167, 0.3333, 0.35, 0.3667, 0.3833, 0.4, 0.4167, 0.4333, 0.45, 0.4667, 0.4833, 0.5, 0.5167, 0.5333, 0.55, 0.5667, 0.5833, 0.6, 0.6167, 0.6333, 0.65, 0.6667, 0.6833, 0.7, 0.7167, 0.7333, 0.75, 0.7667, 0.7833, 0.8, 0.8167, 0.8333, 0.85, 0.8667, 0.8833, 0.9, 0.9167, 0.9333, 0.95, 0.9667, 0.9833, 1.0, 1.0167, 1.0333, 1.05, 1.0667, 1.0833, 1.1, 1.1167, 1.1333, 1.15, 1.1667, 1.1833, 1.2, 1.2167, 1.2333, 1.25, 1.2667, 1.2833, 1.3, 1.3167, 1.3333, 1.35, 1.3667, 1.3833, 1.4, 1.4167, 1.4333, 1.45, 1.4667, 1.4833, 1.5, 1.5167, 1.5333, 1.55, 1.5667, 1.5833, 1.6, 1.6167, 1.6333, 1.65, 1.6667, 1.6833, 1.7, 1.7167, 1.7333, 1.75, 1.7667, 1.7833, 1.8, 1.8167, 1.8333, 1.85, 1.8667, 1.8833, 1.9, 1.9167, 1.9333, 1.95, 1.9667, 1.9833, 2.0],
            "transform": [
                [0.525357, 0.0, -0.850882, 0.005307, -0.850882, 0.0, -0.525357, -0.014042, 0.0, 1.0, 0.0, 0.739346, 0.0, 0.0, 0.0, 1.0],
                [0.525357, 0.0, -0.850882, 0.005307, -0.850882, 0.0, -0.525357, -0.014042, 0.0, 1.0, 0.0, 0.739346, 0.0, 0.0, 0.0, 1.0],
                [0.516196, 0.0, -0.85647, 0.005819, -0.85647, 0.0, -0.516196, -0.019852, 0.0, 1.0, 0.0, 0.739346, 0.0, 0.0, 0.0, 1.0],
                [0.489212, 0.0, -0.872165, 0.007273, -0.872165, 0.0, -0.489212, -0.036475, 0.0, 1.0, 0.0, 0.739346, 0.0, 0.0, 0.0, 1.0],
                [0.444493, 0.0, -0.895782, 0.00954, -0.895782, 0.0, -0.444493, -0.062686, 0.0, 1.0, 0.0, 0.739346, 0.0, 0.0, 0.0, 1.0],
                [0.381552, 0.0, -0.924347, 0.012481, -0.924347, 0.0, -0.381552, -0.097246, 0.0, 1.0, 0.0, 0.739346, 0.0, 0.0, 0.0, 1.0],
                [0.299743, 0.0, -0.95402, 0.015961, -0.95402, 0.0, -0.299743, -0.138904, 0.0, 1.0, 0.0, 0.739346, 0.0, 0.0, 0.0, 1.0],
                [0.198768, 0.0, -0.980047, 0.019852, -0.980047, 0.0, -0.198768, -0.186393, 0.0, 1.0, 0.0, 0.739346, 0.0, 0.0, 0.0, 1.0],
                [0.079259, 0.0, -0.996854, 0.024043, -0.996854, 0.0, -0.079259, -0.238439, 0.0, 1.0, 0.0, 0.739346, 0.0, 0.0, 0.0, 1.0],
                [-0.056626, 0.0, -0.998395, 0.028448, -0.998395, 0.0, 0.056626, -0.293765, 0.0, 1.0, 0.0, 0.739346, 0.0, 0.0, 0.0, 1.0],
                [-0.204731, 0.0, -0.978818, 0.033013, -0.978818, 0.0, 0.204731, -0.351102, 0.0, 1.0, 0.0, 0.739346, 0.0, 0.0, 0.0, 1.0],
                [-0.358788, 0.0, -0.933419, 0.037711, -0.933419, 0.0, 0.358788, -0.409209, 0.0, 1.0, 0.0, 0.739346, 0.0, 0.0, 0.0, 1.0],
                [-0.510844, 0.0, -0.859674, 0.042536, -0.859674, 0.0, 0.510844, -0.466882, 0.0, 1.0, 0.0, 0.739346, 0.0, 0.0, 0.0, 1.0],
                [-0.652256, 0.0, -0.757999, 0.04748, -0.757999, 0.0, 0.652256, -0.522965, 0.0, 1.0, 0.0, 0.739346, 0.0, 0.0, 0.0, 1.0],
                [-0.775053, 0.0, -0.631896, 0.052517, -0.631896, 0.0, 0.775053, -0.576351, 0.0, 1.0, 0.0, 0.739346, 0.0, 0.0, 0.0, 1.0],
                [-0.873207, 0.0, -0.487349, 0.057581, -0.487349, 0.0, 0.873207, -0.625961, 0.0, 1.0, 0.0, 0.739346, 0.0, 0.0, 0.0, 1.0],
                [-0.943397, 0.0, -0.331666, 0.06256, -0.331666, 0.0, 0.943397, -0.670729, 0.0, 1.0, 0.0, 0.739346, 0.0, 0.0, 0.0, 1.0],
                [-0.985066, 0.0, -0.172175, 0.067299, -0.172175, 0.0, 0.985066, -0.709581, 0.0, 1.0, 0.0, 0.739346, 0.0, 0.0, 0.0, 1.0],
                [-0.999884, 0.0, -0.015186, 0.071611, -0.015186, 0.0, 0.999884, -0.741419, 0.0, 1.0, 0.0, 0.739346, 0.0, 0.0, 0.0, 1.0],
                [-0.990903, 0.0, 0.134575, 0.075294, 0.134575, 0.0, 0.990903, -0.765115, 0.0, 1.0, 0.0, 0.739346, 0.0, 0.0, 0.0, 1.0],
                [-0.961711, 0.0, 0.274066, 0.078142, 0.274066, 0.0, 0.961711, -0.779514, 0.0, 1.0, 0.0, 0.739346, 0.0, 0.0, 0.0, 1.0],
                [-0.915765, 0.0, 0.401714, 0.079958, 0.401714, 0.0, 0.915765, -0.783438, 0.0, 1.0, 0.0, 0.739346, 0.0, 0.0, 0.0, 1.0],
                [-0.854273, 0.0, 0.519824, 0.080907, 0.519824, 0.0, 0.854273, -0.763934, 0.0, 1.0, 0.0, 0.739346, 0.0, 0.0, 0.0, 1.0],
                [-0.77478, 0.0, 0.632231, 0.081365, 0.632231, 0.0, 0.77478, -0.711294, 0.0, 1.0, 0.0, 0.739346, 0.0, 0.0, 0.0, 1.0],
                [-0.673958, 0.0, 0.738769, 0.081462, 0.738769, 0.0, 0.673958, -0.62923, 0.0, 1.0, 0.0, 0.739346, 0.0, 0.0, 0.0, 1.0],
                [-0.547762, 0.0, 0.836634, 0.081332, 0.836634, 0.0, 0.547762, -0.521498, 0.0, 1.0, 0.0, 0.739346, 0.0, 0.0, 0.0, 1.0],
                [-0.392357, 0.0, 0.919813, 0.081093, 0.919813, 0.0, 0.392357, -0.391903, 0.0, 1.0, 0.0, 0.739346, 0.0, 0.0, 0.0, 1.0],
                [-0.20574, 0.0, 0.978607, 0.080823, 0.978607, 0.0, 0.20574, -0.2443, 0.0, 1.0, 0.0, 0.739346, 0.0, 0.0, 0.0, 1.0],
                [0.009772, 0.0, 0.999952, 0.080523, 0.999952, 0.0, -0.009772, -0.082583, 0.0, 1.0, 0.0, 0.739346, 0.0, 0.0, 0.0, 1.0],
                [0.244628, 0.0, 0.969617, 0.080075, 0.969617, 0.0, -0.244628, 0.08936, 0.0, 1.0, 0.0, 0.739346, 0.0, 0.0, 0.0, 1.0],
                [0.480451, 0.0, 0.877022, 0.079238, 0.877022, 0.0, -0.480451, 0.26773, 0.0, 1.0, 0.0, 0.739346, 0.0, 0.0, 0.0, 1.0],
                [0.692356, 0.0, 0.721556, 0.077703, 0.721556, 0.0, -0.692356, 0.4489, 0.0, 1.0, 0.0, 0.739346, 0.0, 0.0, 0.0, 1.0],
                [0.8563, 0.0, 0.516479, 0.075219, 0.516479, 0.0, -0.8563, 0.629461, 0.0, 1.0, 0.0, 0.739346, 0.0, 0.0, 0.0, 1.0],
                [0.95814, 0.0, 0.286301, 0.07173, 0.286301, 0.0, -0.95814, 0.806141, 0.0, 1.0, 0.0, 0.739346, 0.0, 0.0, 0.0, 1.0],
                [0.998302, 0.0, 0.058247, 0.067412, 0.058247, 0.0, -0.998302, 0.975665, 0.0, 1.0, 0.0, 0.739346, 0.0, 0.0, 0.0, 1.0],
                [0.989218, 0.0, -0.146448, 0.06261, -0.146448, 0.0, -0.989218, 1.134622, 0.0, 1.0, 0.0, 0.739346, 0.0, 0.0, 0.0, 1.0],
                [0.948627, 0.0, -0.316395, 0.057716, -0.316395, 0.0, -0.948627, 1.279432, 0.0, 1.0, 0.0, 0.739346, 0.0, 0.0, 0.0, 1.0],
                [0.893617, 0.0, -0.44883, 0.053086, -0.44883, 0.0, -0.893617, 1.406381, 0.0, 1.0, 0.0, 0.739346, 0.0, 0.0, 0.0, 1.0],
                [0.837683, 0.0, -0.546157, 0.049, -0.546157, 0.0, -0.837683, 1.51169, 0.0, 1.0, 0.0, 0.739346, 0.0, 0.0, 0.0, 1.0],
                [0.790349, 0.0, -0.612657, 0.045673, -0.612657, 0.0, -0.790349, 1.591561, 0.0, 1.0, 0.0, 0.739346, 0.0, 0.0, 0.0, 1.0],
                [0.758026, 0.0, -0.652224, 0.043269, -0.652224, 0.0, -0.758026, 1.642214, 0.0, 1.0, 0.0, 0.739346, 0.0, 0.0, 0.0, 1.0],
                [0.745086, 0.0, -0.666968, 0.04193, -0.666968, 0.0, -0.745086, 1.659904, 0.0, 1.0, 0.0, 0.739346, 0.0, 0.0, 0.0, 1.0],
                [0.742998, 0.0, -0.669294, 0.041186, -0.669294, 0.0, -0.742998, 1.659874, 0.0, 1.0, 0.0, 0.739346, 0.0, 0.0, 0.0, 1.0],
                [0.740993, 0.0, -0.671512, 0.040478, -0.671512, 0.0, -0.740993, 1.659847, 0.0, 1.0, 0.0, 0.739346, 0.0, 0.0, 0.0, 1.0],
                [0.739071, 0.0, -0.673627, 0.039806, -0.673627, 0.0, -0.739071, 1.65982, 0.0, 1.0, 0.0, 0.739346, 0.0, 0.0, 0.0, 1.0],
                [0.73723, 0.0, -0.675641, 0.03917, -0.675641, 0.0, -0.73723, 1.659795, 0.0, 1.0, 0.0, 0.739346, 0.0, 0.0, 0.0, 1.0],
                [0.735469, 0.0, -0.677558, 0.038567, -0.677558, 0.0, -0.735469, 1.659771, 0.0, 1.0, 0.0, 0.739346, 0.0, 0.0, 0.0, 1.0],
                [0.733786, 0.0, -0.679381, 0.037998, -0.679381, 0.0, -0.733786, 1.659748, 0.0, 1.0, 0.0, 0.739346, 0.0, 0.0, 0.0, 1.0],
                [0.73218, 0.0, -0.681112, 0.03746, -0.681112, 0.0, -0.73218, 1.659727, 0.0, 1.0, 0.0, 0.739346, 0.0, 0.0, 0.0, 1.0],
                [0.730648, 0.0, -0.682754, 0.036954, -0.682754, 0.0, -0.730648, 1.659707, 0.0, 1.0, 0.0, 0.739346, 0.0, 0.0, 0.0, 1.0],
                [0.72919, 0.0, -0.684311, 0.036478, -0.684311, 0.0, -0.72919, 1.659687, 0.0, 1.0, 0.0, 0.739346, 0.0, 0.0, 0.0, 1.0],
                [0.727805, 0.0, -0.685784, 0.036032, -0.685784, 0.0, -0.727805, 1.659669, 0.0, 1.0, 0.0, 0.739346, 0.0, 0.0, 0.0, 1.0],
                [0.726489, 0.0, -0.687178, 0.035614, -0.687178, 0.0, -0.726489, 1.659652, 0.0, 1.0, 0.0, 0.739346, 0.0, 0.0, 0.0, 1.0],
                [0.725243, 0.0, -0.688493, 0.035224, -0.688493, 0.0, -0.725243, 1.659636, 0.0, 1.0, 0.0, 0.739346, 0.0, 0.0, 0.0, 1.0],
                [0.724064, 0.0, -0.689733, 0.03486, -0.689733, 0.0, -0.724064, 1.65962, 0.0, 1.0, 0.0, 0.739346, 0.0, 0.0, 0.0, 1.0],
                [0.72295, 0.0, -0.690901, 0.034522, -0.690901, 0.0, -0.72295, 1.659606, 0.0, 1.0, 0.0, 0.739346, 0.0, 0.0, 0.0, 1.0],
                [0.7219, 0.0, -0.691997, 0.034208, -0.691997, 0.0, -0.7219, 1.659592, 0.0, 1.0, 0.0, 0.739346, 0.0, 0.0, 0.0, 1.0],
                [0.720913, 0.0, -0.693026, 0.033918, -0.693026, 0.0, -0.720913, 1.65958, 0.0, 1.0, 0.0, 0.739346, 0.0, 0.0, 0.0, 1.0],
                [0.719986, 0.0, -0.693988, 0.033652, -0.693988, 0.0, -0.719986, 1.659568, 0.0, 1.0, 0.0, 0.739346, 0.0, 0.0, 0.0, 1.0],
                [0.719119, 0.0, -0.694887, 0.033406, -0.694887, 0.0, -0.719119, 1.659557, 0.0, 1.0, 0.0, 0.739346, 0.0, 0.0, 0.0, 1.0],
                [0.718309, 0.0, -0.695724, 0.033182, -0.695724, 0.0, -0.718309, 1.659546, 0.0, 1.0, 0.0, 0.739346, 0.0, 0.0, 0.0, 1.0],
                [0.717555, 0.0, -0.696502, 0.032978, -0.696502, 0.0, -0.717555, 1.659537, 0.0, 1.0, 0.0, 0.739346, 0.0, 0.0, 0.0, 1.0],
                [0.716854, 0.0, -0.697223, 0.032793, -0.697223, 0.0, -0.716854, 1.659528, 0.0, 1.0, 0.0, 0.739346, 0.0, 0.0, 0.0, 1.0],
                [0.716206, 0.0, -0.697889, 0.032627, -0.697889, 0.0, -0.716206, 1.65952, 0.0, 1.0, 0.0, 0.739346, 0.0, 0.0, 0.0, 1.0],
                [0.715609, 0.0, -0.698502, 0.032477, -0.698502, 0.0, -0.715609, 1.659512, 0.0, 1.0, 0.0, 0.739346, 0.0, 0.0, 0.0, 1.0],
                [0.71506, 0.0, -0.699063, 0.032344, -0.699063, 0.0, -0.71506, 1.659505, 0.0, 1.0, 0.0, 0.739346, 0.0, 0.0, 0.0, 1.0],
                [0.714559, 0.0, -0.699576, 0.032226, -0.699576, 0.0, -0.714559, 1.659499, 0.0, 1.0, 0.0, 0.739346, 0.0, 0.0, 0.0, 1.0],
                [0.714103, 0.0, -0.700041, 0.032122, -0.700041, 0.0, -0.714103, 1.659493, 0.0, 1.0, 0.0, 0.739346, 0.0, 0.0, 0.0, 1.0],
                [0.71369, 0.0, -0.700462, 0.032032, -0.700462, 0.0, -0.71369, 1.659488, 0.0, 1.0, 0.0, 0.739346, 0.0, 0.0, 0.0, 1.0],
                [0.71332, 0.0, -0.700839, 0.031954, -0.700839, 0.0, -0.71332, 1.659484, 0.0, 1.0, 0.0, 0.739346, 0.0, 0.0, 0.0, 1.0],
                [0.712989, 0.0, -0.701175, 0.031888, -0.701175, 0.0, -0.712989, 1.659479, 0.0, 1.0, 0.0, 0.739346, 0.0, 0.0, 0.0, 1.0],
                [0.712697, 0.0, -0.701472, 0.031833, -0.701472, 0.0, -0.712697, 1.659476, 0.0, 1.0, 0.0, 0.739346, 0.0, 0.0, 0.0, 1.0],
                [0.712441, 0.0, -0.701732, 0.031788, -0.701732, 0.0, -0.712441, 1.659473, 0.0, 1.0, 0.0, 0.739346, 0.0, 0.0, 0.0, 1.0],
                [0.71222, 0.0, -0.701956, 0.031751, -0.701956, 0.0, -0.71222, 1.65947, 0.0, 1.0, 0.0, 0.739346, 0.0, 0.0, 0.0, 1.0],
                [0.712032, 0.0, -0.702147, 0.031722, -0.702147, 0.0, -0.712032, 1.659468, 0.0, 1.0, 0.0, 0.739346, 0.0, 0.0, 0.0, 1.0],
                [0.711875, 0.0, -0.702306, 0.0317, -0.702306, 0.0, -0.711875, 1.659466, 0.0, 1.0, 0.0, 0.739346, 0.0, 0.0, 0.0, 1.0],
                [0.711747, 0.0, -0.702435, 0.031684, -0.702435, 0.0, -0.711747, 1.659464, 0.0, 1.0, 0.0, 0.739346, 0.0, 0.0, 0.0, 1.0],
                [0.711647, 0.0, -0.702537, 0.031672, -0.702537, 0.0, -0.711647, 1.659463, 0.0, 1.0, 0.0, 0.739346, 0.0, 0.0, 0.0, 1.0],
                [0.711572, 0.0, -0.702613, 0.031665, -0.702613, 0.0, -0.711572, 1.659462, 0.0, 1.0, 0.0, 0.739346, 0.0, 0.0, 0.0, 1.0],
                [0.711521, 0.0, -0.702665, 0.031662, -0.702665, 0.0, -0.711521, 1.659461, 0.0, 1.0, 0.0, 0.739346, 0.0, 0.0, 0.0, 1.0],
                [0.711492, 0.0, -0.702694, 0.03166, -0.702694, 0.0, -0.711492, 1.659461, 0.0, 1.0, 0.0, 0.739346, 0.0, 0.0, 0.0, 1.0],
                [0.711482, 0.0, -0.702704, 0.03166, -0.702704, 0.0, -0.711482, 1.659461, 0.0, 1.0, 0.0, 0.739346, 0.0, 0.0, 0.0, 1.0],
                [0.712336, 0.0, -0.701838, 0.031739, -0.701838, 0.0, -0.712336, 1.659471, 0.0, 1.0, 0.0, 0.739346, 0.0, 0.0, 0.0, 1.0],
                [0.714833, 0.0, -0.699295, 0.03197, -0.699295, 0.0, -0.714833, 1.659503, 0.0, 1.0, 0.0, 0.739346, 0.0, 0.0, 0.0, 1.0],
                [0.71887, 0.0, -0.695144, 0.032345, -0.695144, 0.0, -0.71887, 1.659554, 0.0, 1.0, 0.0, 0.739346, 0.0, 0.0, 0.0, 1.0],
                [0.724335, 0.0, -0.689448, 0.032856, -0.689448, 0.0, -0.724335, 1.659624, 0.0, 1.0, 0.0, 0.739346, 0.0, 0.0, 0.0, 1.0],
                [0.73111, 0.0, -0.682259, 0.033494, -0.682259, 0.0, -0.73111, 1.659713, 0.0, 1.0, 0.0, 0.739346, 0.0, 0.0, 0.0, 1.0],
                [0.739071, 0.0, -0.673627, 0.03425, -0.673627, 0.0, -0.739071, 1.65982, 0.0, 1.0, 0.0, 0.739346, 0.0, 0.0, 0.0, 1.0],
                [0.74809, 0.0, -0.663597, 0.035116, -0.663597, 0.0, -0.74809, 1.659946, 0.0, 1.0, 0.0, 0.739346, 0.0, 0.0, 0.0, 1.0],
                [0.758034, 0.0, -0.652215, 0.036083, -0.652215, 0.0, -0.758034, 1.660089, 0.0, 1.0, 0.0, 0.739346, 0.0, 0.0, 0.0, 1.0],
                [0.768768, 0.0, -0.639528, 0.037141, -0.639528, 0.0, -0.768768, 1.660251, 0.0, 1.0, 0.0, 0.739346, 0.0, 0.0, 0.0, 1.0],
                [0.780155, 0.0, -0.625586, 0.038283, -0.625586, 0.0, -0.780155, 1.660429, 0.0, 1.0, 0.0, 0.739346, 0.0, 0.0, 0.0, 1.0],
                [0.792059, 0.0, -0.610444, 0.039499, -0.610444, 0.0, -0.792059, 1.660624, 0.0, 1.0, 0.0, 0.739346, 0.0, 0.0, 0.0, 1.0],
                [0.804344, 0.0, -0.594164, 0.040781, -0.594164, 0.0, -0.804344, 1.660836, 0.0, 1.0, 0.0, 0.739346, 0.0, 0.0, 0.0, 1.0],
                [0.816876, 0.0, -0.576814, 0.042119, -0.576814, 0.0, -0.816876, 1.661064, 0.0, 1.0, 0.0, 0.739346, 0.0, 0.0, 0.0, 1.0],
                [0.829524, 0.0, -0.558472, 0.043505, -0.558472, 0.0, -0.829524, 1.661307, 0.0, 1.0, 0.0, 0.739346, 0.0, 0.0, 0.0, 1.0],
                [0.842163, 0.0, -0.539224, 0.044929, -0.539224, 0.0, -0.842163, 1.661563, 0.0, 1.0, 0.0, 0.739346, 0.0, 0.0, 0.0, 1.0],
                [0.854674, 0.0, -0.519166, 0.046384, -0.519166, 0.0, -0.854674, 1.661833, 0.0, 1.0, 0.0, 0.739346, 0.0, 0.0, 0.0, 1.0],
                [0.866946, 0.0, -0.498402, 0.047861, -0.498402, 0.0, -0.866946, 1.662115, 0.0, 1.0, 0.0, 0.739346, 0.0, 0.0, 0.0, 1.0],
                [0.878878, 0.0, -0.477047, 0.049351, -0.477047, 0.0, -0.878878, 1.662407, 0.0, 1.0, 0.0, 0.739346, 0.0, 0.0, 0.0, 1.0],
                [0.890377, 0.0, -0.455223, 0.050845, -0.455223, 0.0, -0.890377, 1.662707, 0.0, 1.0, 0.0, 0.739346, 0.0, 0.0, 0.0, 1.0],
                [0.901365, 0.0, -0.43306, 0.052336, -0.43306, 0.0, -0.901365, 1.663015, 0.0, 1.0, 0.0, 0.739346, 0.0, 0.0, 0.0, 1.0],
                [0.911773, 0.0, -0.410695, 0.053815, -0.410695, 0.0, -0.911773, 1.663328, 0.0, 1.0, 0.0, 0.739346, 0.0, 0.0, 0.0, 1.0],
                [0.921546, 0.0, -0.388269, 0.055275, -0.388269, 0.0, -0.921546, 1.663643, 0.0, 1.0, 0.0, 0.739346, 0.0, 0.0, 0.0, 1.0],
                [0.930642, 0.0, -0.365931, 0.056707, -0.365931, 0.0, -0.930642, 1.66396, 0.0, 1.0, 0.0, 0.739346, 0.0, 0.0, 0.0, 1.0],
                [0.939032, 0.0, -0.34383, 0.058105, -0.34383, 0.0, -0.939032, 1.664276, 0.0, 1.0, 0.0, 0.739346, 0.0, 0.0, 0.0, 1.0],
                [0.9467, 0.0, -0.322118, 0.059461, -0.322118, 0.0, -0.9467, 1.664587, 0.0, 1.0, 0.0, 0.739346, 0.0, 0.0, 0.0, 1.0],
                [0.953641, 0.0, -0.300946, 0.060767, -0.300946, 0.0, -0.953641, 1.664893, 0.0, 1.0, 0.0, 0.739346, 0.0, 0.0, 0.0, 1.0],
                [0.959863, 0.0, -0.280469, 0.062018, -0.280469, 0.0, -0.959863, 1.66519, 0.0, 1.0, 0.0, 0.739346, 0.0, 0.0, 0.0, 1.0],
                [0.965384, 0.0, -0.260834, 0.063206, -0.260834, 0.0, -0.965384, 1.665477, 0.0, 1.0, 0.0, 0.739346, 0.0, 0.0, 0.0, 1.0],
                [0.970228, 0.0, -0.242192, 0.064324, -0.242192, 0.0, -0.970228, 1.665751, 0.0, 1.0, 0.0, 0.739346, 0.0, 0.0, 0.0, 1.0],
                [0.974431, 0.0, -0.224688, 0.065366, -0.224688, 0.0, -0.974431, 1.666008, 0.0, 1.0, 0.0, 0.739346, 0.0, 0.0, 0.0, 1.0],
                [0.97803, 0.0, -0.208464, 0.066325, -0.208464, 0.0, -0.97803, 1.666249, 0.0, 1.0, 0.0, 0.739346, 0.0, 0.0, 0.0, 1.0],
                [0.981069, 0.0, -0.193659, 0.067196, -0.193659, 0.0, -0.981069, 1.666469, 0.0, 1.0, 0.0, 0.739346, 0.0, 0.0, 0.0, 1.0],
                [0.983592, 0.0, -0.180409, 0.067972, -0.180409, 0.0, -0.983592, 1.666666, 0.0, 1.0, 0.0, 0.739346, 0.0, 0.0, 0.0, 1.0],
                [0.985642, 0.0, -0.168846, 0.068646, -0.168846, 0.0, -0.985642, 1.666839, 0.0, 1.0, 0.0, 0.739346, 0.0, 0.0, 0.0, 1.0],
                [0.987262, 0.0, -0.159102, 0.069212, -0.159102, 0.0, -0.987262, 1.666985, 0.0, 1.0, 0.0, 0.739346, 0.0, 0.0, 0.0, 1.0],
                [0.988487, 0.0, -0.151304, 0.069664, -0.151304, 0.0, -0.988487, 1.667102, 0.0, 1.0, 0.0, 0.739346, 0.0, 0.0, 0.0, 1.0],
                [0.989347, 0.0, -0.145578, 0.069995, -0.145578, 0.0, -0.989347, 1.667188, 0.0, 1.0, 0.0, 0.739346, 0.0, 0.0, 0.0, 1.0],
                [0.989859, 0.0, -0.142051, 0.070199, -0.142051, 0.0, -0.989859, 1.667241, 0.0, 1.0, 0.0, 0.739346, 0.0, 0.0, 0.0, 1.0],
                [0.990031, 0.0, -0.140847, 0.070269, -0.140847, 0.0, -0.990031, 1.667259, 0.0, 1.0, 0.0, 0.739346, 0.0, 0.0, 0.0, 1.0]
            ]
        },
        {
            "name": "Thigh_R",
            "time": [0.0, 0.0167, 0.0333, 0.05, 0.0667, 0.0833, 0.1, 0.1167, 0.1333, 0.15, 0.1667, 0.1833, 0.2, 0.2167, 0.2333, 0.25, 0.2667, 0.2833, 0.3, 0.3167, 0.3333, 0.35, 0.3667, 0.3833, 0.4, 0.4167, 0.4333, 0.45, 0.4667, 0.4833, 0.5, 0.5167, 0.5333, 0.55, 0.5667, 0.5833, 0.6, 0.6167, 0.6333, 0.65, 0.6667, 0.6833, 0.7, 0.7167, 0.7333, 0.75, 0.7667, 0.7833, 0.8, 0.8167, 0.8333, 0.85, 0.8667, 0.8833, 0.9, 0.9167, 0.9333, 0.95, 0.9667, 0.9833, 1.0, 1.0167, 1.0333, 1.05, 1.0667, 1.0833, 1.1, 1.1167, 1.1333, 1.15, 1.1667, 1.1833, 1.2, 1.2167, 1.2333, 1.25, 1.2667, 1.2833, 1.3, 1.3167, 1.3333, 1.35, 1.3667, 1.3833, 1.4, 1.4167, 1.4333, 1.45, 1.4667, 1.4833, 1.5, 1.5167, 1.5333, 1.55, 1.5667, 1.5833, 1.6, 1.6167, 1.6333, 1.65, 1.6667, 1.6833, 1.7, 1.7167, 1.7333, 1.75, 1.7667, 1.7833, 1.8, 1.8167, 1.8333, 1.85, 1.8667, 1.8833, 1.9, 1.9167, 1.9333, 1.95, 1.9667, 1.9833, 2.0],
            "transform": [
                [0.892209, 0.254532, 0.373065, 0.124994, 0.162145, -0.951511, 0.261411, -0.002831, 0.421512, -0.172742, -0.890222, -1.2e-05, 0.0, 0.0, 0.0, 1.0],
                [0.892209, 0.254532, 0.373065, 0.124994, 0.162145, -0.951511, 0.261411, -0.002831, 0.421512, -0.172742, -0.890222, -1.2e-05, 0.0, 0.0, 0.0, 1.0],
                [0.892102, 0.253724, 0.37387, 0.124994, 0.15987, -0.951171, 0.264037, -0.002831, 0.422605, -0.175778, -0.889109, -1.2e-05, 0.0, 0.0, 0.0, 1.0],
                [0.891767, 0.251079, 0.376447, 0.124994, 0.153379, -0.950408, 0.270554, -0.002831, 0.425707, -0.183532, -0.886057, -1.2e-05, 0.0, 0.0, 0.0, 1.0],
                [0.89115, 0.24608, 0.38118, 0.124994, 0.143189, -0.94974, 0.278373, -0.002831, 0.430523, -0.193492, -0.8816, -1.2e-05, 0.0, 0.0, 0.0, 1.0],
                [0.890171, 0.238294, 0.388346, 0.124994, 0.129827, -0.949656, 0.28513, -0.002831, 0.436738, -0.203397, -0.876297, -1.2e-05, 0.0, 0.0, 0.0, 1.0],
                [0.88875, 0.227454, 0.397982, 0.124994, 0.113842, -0.95053, 0.289022, -0.002831, 0.444031, -0.211562, -0.870681, -1.2e-05, 0.0, 0.0, 0.0, 1.0],
                [0.88682, 0.213579, 0.4098, 0.124994, 0.095789, -0.952487, 0.289127, -0.002831, 0.452078, -0.217149, -0.865147, -1.2e-05, 0.0, 0.0, 0.0, 1.0],
                [0.884342, 0.196617, 0.423418, 0.124994, 0.076234, -0.95563, 0.284534, -0.002831, 0.460573, -0.219347, -0.860096, -1.2e-05, 0.0, 0.0, 0.0, 1.0],
                [0.881315, 0.176668, 0.438262, 0.124994, 0.055736, -0.95987, 0.274853, -0.002831, 0.46923, -0.217805, -0.855798, -1.2e-05, 0.0, 0.0, 0.0, 1.0],
                [0.87778, 0.153924, 0.453665, 0.124994, 0.034847, -0.964984, 0.259985, -0.002831, 0.477795, -0.212401, -0.852411, -1.2e-05, 0.0, 0.0, 0.0, 1.0],
                [0.873819, 0.128636, 0.46893, 0.124994, 0.014094, -0.970668, 0.240009, -0.002831, 0.486047, -0.203116, -0.850005, -1.2e-05, 0.0, 0.0, 0.0, 1.0],
                [0.869553, 0.101167, 0.483369, 0.124994, -0.006027, -0.976545, 0.21523, -0.002831, 0.493803, -0.190068, -0.848551, -1.2e-05, 0.0, 0.0, 0.0, 1.0],
                [0.865132, 0.071972, 0.496356, 0.124994, -0.025057, -0.982212, 0.186096, -0.002831, 0.500918, -0.173435, -0.847943, -1.2e-05, 0.0, 0.0, 0.0, 1.0],
                [0.860731, 0.041635, 0.507357, 0.124994, -0.042577, -0.98727, 0.15325, -0.002831, 0.507277, -0.153509, -0.848004, -1.2e-05, 0.0, 0.0, 0.0, 1.0],
                [0.856536, 0.010831, 0.515976, 0.124994, -0.058205, -0.991374, 0.117432, -0.002831, 0.512795, -0.130618, -0.84852, -1.2e-05, 0.0, 0.0, 0.0, 1.0],
                [0.85274, -0.01954, 0.521973, 0.124994, -0.071596, -0.994241, 0.079746, -0.002831, 0.517406, -0.105374, -0.849231, -1.2e-05, 0.0, 0.0, 0.0, 1.0],
                [0.849532, -0.048598, 0.525296, 0.124994, -0.082431, -0.995745, 0.041189, -0.002831, 0.521057, -0.078293, -0.849927, -1.2e-05, 0.0, 0.0, 0.0, 1.0],
                [0.847094, -0.075176, 0.526101, 0.124994, -0.090405, -0.9959, 0.003258, -0.002831, 0.523697, -0.050323, -0.850421, -1.2e-05, 0.0, 0.0, 0.0, 1.0],
                [0.845592, -0.09795, 0.524769, 0.124994, -0.09522, -0.994933, -0.032275, -0.002831, 0.525269, -0.022677, -0.850638, -1.2e-05, 0.0, 0.0, 0.0, 1.0],
                [0.845172, -0.115229, 0.521928, 0.124994, -0.096563, -0.993335, -0.062938, -0.002831, 0.5257, 0.002794, -0.85067, -1.2e-05, 0.0, 0.0, 0.0, 1.0],
                [0.845954, -0.124889, 0.518427, 0.124994, -0.0941, -0.991893, -0.085399, -0.002831, 0.524888, 0.023459, -0.850852, -1.2e-05, 0.0, 0.0, 0.0, 1.0],
                [0.847423, -0.129183, 0.514964, 0.124994, -0.089403, -0.990817, -0.101436, -0.002831, 0.523337, 0.039919, -0.851194, -1.2e-05, 0.0, 0.0, 0.0, 1.0],
                [0.848989, -0.131895, 0.511687, 0.124994, -0.084308, -0.989753, -0.115241, -0.002831, 0.521641, 0.054699, -0.851414, -1.2e-05, 0.0, 0.0, 0.0, 1.0],
                [0.850637, -0.132959, 0.508664, 0.124994, -0.078846, -0.988814, -0.126611, -0.002831, 0.519807, 0.067594, -0.85161, -1.2e-05, 0.0, 0.0, 0.0, 1.0],
                [0.852353, -0.132331, 0.50595, 0.124994, -0.073048, -0.988098, -0.135377, -0.002831, 0.517841, 0.07843, -0.851878, -1.2e-05, 0.0, 0.0, 0.0, 1.0],
                [0.85412, -0.129999, 0.503569, 0.124994, -0.066943, -0.987682, -0.141432, -0.002831, 0.51575, 0.087088, -0.852305, -1.2e-05, 0.0, 0.0, 0.0, 1.0],
                [0.855924, -0.126013, 0.501514, 0.124994, -0.060564, -0.987607, -0.144789, -0.002831, 0.513542, 0.093554, -0.852952, -1.2e-05, 0.0, 0.0, 0.0, 1.0],
                [0.857752, -0.120496, 0.499743, 0.124994, -0.05394, -0.987871, -0.145611, -0.002831, 0.511225, 0.097941, -0.853851, -1.2e-05, 0.0, 0.0, 0.0, 1.0],
                [0.859591, -0.113633, 0.49819, 0.124994, -0.047104, -0.98843, -0.144181, -0.002831, 0.508807, 0.10047, -0.855002, -1.2e-05, 0.0, 0.0, 0.0, 1.0],
                [0.861427, -0.105646, 0.496774, 0.124994, -0.040087, -0.989218, -0.140861, -0.002831, 0.506297, 0.101427, -0.856377, -1.2e-05, 0.0, 0.0, 0.0, 1.0],
                [0.863249, -0.096763, 0.49542, 0.124994, -0.032922, -0.990158, -0.13603, -0.002831, 0.503704, 0.101117, -0.857942, -1.2e-05, 0.0, 0.0, 0.0, 1.0],
                [0.865044, -0.087199, 0.494061, 0.124994, -0.025642, -0.991177, -0.130043, -0.002831, 0.50104, 0.099823, -0.859652, -1.2e-05, 0.0, 0.0, 0.0, 1.0],
                [0.866804, -0.077144, 0.492648, 0.124994, -0.018283, -0.992213, -0.123204, -0.002831, 0.498314, 0.097786, -0.861468, -1.2e-05, 0.0, 0.0, 0.0, 1.0],
                [0.868517, -0.066763, 0.491144, 0.124994, -0.010878, -0.993216, -0.115777, -0.002831, 0.49554, 0.095211, -0.863355, -1.2e-05, 0.0, 0.0, 0.0, 1.0],
                [0.870176, -0.056196, 0.489529, 0.124994, -0.003463, -0.994148, -0.10797, -0.002831, 0.49273, 0.092257, -0.865282, -1.2e-05, 0.0, 0.0, 0.0, 1.0],
                [0.871771, -0.045566, 0.487792, 0.124994, 0.003926, -0.994984, -0.099962, -0.002831, 0.489898, 0.089058, -0.867223, -1.2e-05, 0.0, 0.0, 0.0, 1.0],
                [0.873297, -0.034978, 0.485933, 0.124994, 0.01125, -0.995706, -0.091892, -0.002831, 0.487058, 0.085715, -0.869156, -1.2e-05, 0.0, 0.0, 0.0, 1.0],
                [0.874747, -0.024527, 0.483961, 0.124994, 0.018472, -0.996305, -0.083881, -0.002831, 0.484228, 0.082313, -0.871065, -1.2e-05, 0.0, 0.0, 0.0, 1.0],
                [0.876116, -0.014293, 0.481891, 0.124994, 0.025554, -0.996778, -0.076025, -0.002831, 0.481423, 0.07892, -0.872932, -1.2e-05, 0.0, 0.0, 0.0, 1.0],
                [0.8774, -0.004351, 0.479742, 0.124994, 0.032455, -0.99713, -0.068402, -0.002831, 0.478661, 0.075585, -0.874744, -1.2e-05, 0.0, 0.0, 0.0, 1.0],
                [0.878595, 0.005229, 0.47754, 0.124994, 0.039136, -0.997365, -0.061084, -0.002831, 0.475961, 0.072356, -0.876489, -1.2e-05, 0.0, 0.0, 0.0, 1.0],
                [0.879706, 0.014362, 0.475303, 0.124994, 0.045591, -0.997487, -0.054242, -0.002831, 0.473327, 0.069385, -0.878154, -1.2e-05, 0.0, 0.0, 0.0, 1.0],
                [0.880741, 0.023025, 0.473041, 0.124994, 0.05184, -0.997503, -0.047967, -0.002831, 0.470753, 0.066768, -0.879739, -1.2e-05, 0.0, 0.0, 0.0, 1.0],
                [0.881702, 0.031251, 0.470772, 0.124994, 0.057886, -0.997431, -0.042202, -0.002831, 0.468241, 0.06446, -0.88125, -1.2e-05, 0.0, 0.0, 0.0, 1.0],
                [0.882596, 0.039067, 0.468508, 0.124994, 0.06373, -0.997285, -0.036899, -0.002831, 0.465793, 0.062423, -0.882693, -1.2e-05, 0.0, 0.0, 0.0, 1.0],
                [0.883425, 0.046496, 0.466263, 0.124994, 0.069373, -0.997077, -0.032013, -0.002831, 0.463409, 0.060626, -0.884072, -1.2e-05, 0.0, 0.0, 0.0, 1.0],
                [0.884193, 0.053557, 0.464044, 0.124994, 0.074817, -0.996818, -0.027511, -0.002831, 0.461092, 0.059042, -0.88539, -1.2e-05, 0.0, 0.0, 0.0, 1.0],
                [0.884903, 0.060271, 0.461861, 0.124994, 0.080063, -0.996516, -0.023357, -0.002831, 0.458842, 0.057645, -0.88665, -1.2e-05, 0.0, 0.0, 0.0, 1.0],
                [0.88556, 0.066653, 0.45972, 0.124994, 0.085114, -0.99618, -0.019523, -0.002831, 0.45666, 0.056416, -0.887854, -1.2e-05, 0.0, 0.0, 0.0, 1.0],
                [0.886167, 0.07272, 0.457627, 0.124994, 0.089971, -0.995816, -0.015983, -0.002831, 0.454548, 0.055335, -0.889006, -1.2e-05, 0.0, 0.0, 0.0, 1.0],
                [0.886726, 0.078484, 0.455587, 0.124994, 0.094636, -0.995431, -0.012713, -0.002831, 0.452506, 0.054387, -0.890105, -1.2e-05, 0.0, 0.0, 0.0, 1.0],
                [0.887241, 0.083959, 0.453604, 0.124994, 0.099113, -0.995029, -0.00969, -0.002831, 0.450534, 0.053554, -0.891155, -1.2e-05, 0.0, 0.0, 0.0, 1.0],
                [0.887714, 0.089157, 0.451682, 0.124994, 0.103402, -0.994616, -0.006896, -0.002831, 0.448634, 0.052825, -0.892157, -1.2e-05, 0.0, 0.0, 0.0, 1.0],
                [0.888149, 0.094088, 0.449823, 0.124994, 0.107506, -0.994195, -0.004311, -0.002831, 0.446805, 0.052187, -0.893112, -1.2e-05, 0.0, 0.0, 0.0, 1.0],
                [0.888547, 0.098763, 0.44803, 0.124994, 0.111427, -0.993771, -0.001921, -0.002831, 0.445048, 0.051628, -0.894021, -1.2e-05, 0.0, 0.0, 0.0, 1.0],
                [0.888913, 0.103191, 0.446304, 0.124994, 0.115168, -0.993346, 0.000292, -0.002831, 0.443363, 0.051139, -0.894886, -1.2e-05, 0.0, 0.0, 0.0, 1.0],
                [0.889247, 0.107382, 0.444647, 0.124994, 0.118731, -0.992924, 0.002341, -0.002831, 0.441751, 0.05071, -0.895707, -1.2e-05, 0.0, 0.0, 0.0, 1.0],
                [0.889551, 0.111344, 0.44306, 0.124994, 0.122118, -0.992507, 0.00424, -0.002831, 0.440211, 0.050332, -0.896487, -1.2e-05, 0.0, 0.0, 0.0, 1.0],
                [0.889829, 0.115084, 0.441544, 0.124994, 0.125332, -0.992097, 0.006001, -0.002831, 0.438743, 0.049999, -0.897224, -1.2e-05, 0.0, 0.0, 0.0, 1.0],
                [0.890083, 0.11861, 0.440098, 0.124994, 0.128375, -0.991696, 0.007634, -0.002831, 0.437347, 0.049702, -0.897922, -1.2e-05, 0.0, 0.0, 0.0, 1.0],
                [0.890313, 0.121929, 0.438724, 0.124994, 0.131251, -0.991307, 0.00915, -0.002831, 0.436024, 0.049436, -0.89858, -1.2e-05, 0.0, 0.0, 0.0, 1.0],
                [0.890521, 0.125048, 0.43742, 0.124994, 0.133961, -0.99093, 0.010558, -0.002831, 0.434772, 0.049194, -0.8992, -1.2e-05, 0.0, 0.0, 0.0, 1.0],
                [0.89071, 0.127972, 0.436189, 0.124994, 0.136507, -0.990568, 0.011866, -0.002831, 0.433591, 0.048973, -0.899782, -1.2e-05, 0.0, 0.0, 0.0, 1.0],
                [0.890881, 0.130708, 0.435027, 0.124994, 0.138894, -0.990221, 0.013084, -0.002831, 0.432481, 0.048765, -0.900327, -1.2e-05, 0.0, 0.0, 0.0, 1.0],
                [0.891035, 0.133261, 0.433936, 0.124994, 0.141122, -0.98989, 0.014216, -0.002831, 0.431442, 0.04857, -0.900836, -1.2e-05, 0.0, 0.0, 0.0, 1.0],
                [0.891173, 0.135635, 0.432915, 0.124994, 0.143195, -0.989577, 0.015269, -0.002831, 0.430472, 0.048382, -0.90131, -1.1e-05, 0.0, 0.0, 0.0, 1.0],
                [0.891297, 0.137837, 0.431963, 0.124994, 0.145115, -0.989281, 0.016249, -0.002831, 0.429571, 0.048201, -0.901749, -1.2e-05, 0.0, 0.0, 0.0, 1.0],
                [0.891408, 0.139869, 0.431081, 0.124994, 0.146885, -0.989005, 0.017158, -0.002831, 0.428739, 0.048024, -0.902155, -1.2e-05, 0.0, 0.0, 0.0, 1.0],
                [0.891506, 0.141736, 0.430266, 0.124994, 0.148507, -0.988748, 0.018003, -0.002831, 0.427974, 0.047847, -0.902527, -1.2e-05, 0.0, 0.0, 0.0, 1.0],
                [0.891594, 0.143441, 0.42952, 0.124994, 0.149984, -0.98851, 0.018783, -0.002831, 0.427277, 0.047673, -0.902867, -1.2e-05, 0.0, 0.0, 0.0, 1.0],
                [0.89167, 0.144987, 0.42884, 0.124994, 0.151319, -0.988293, 0.019502, -0.002831, 0.426645, 0.047502, -0.903174, -1.2e-05, 0.0, 0.0, 0.0, 1.0],
                [0.891737, 0.146379, 0.428228, 0.124994, 0.152514, -0.988096, 0.020161, -0.002831, 0.426079, 0.047332, -0.903451, -1.2e-05, 0.0, 0.0, 0.0, 1.0],
                [0.891796, 0.147618, 0.427681, 0.124994, 0.153572, -0.987919, 0.020761, -0.002831, 0.425577, 0.047164, -0.903696, -1.2e-05, 0.0, 0.0, 0.0, 1.0],
                [0.891846, 0.148705, 0.4272, 0.124994, 0.154496, -0.987764, 0.0213, -0.002831, 0.425138, 0.047003, -0.903911, -1.2e-05, 0.0, 0.0, 0.0, 1.0],
                [0.891888, 0.149645, 0.426784, 0.124994, 0.155288, -0.987629, 0.021778, -0.002831, 0.424762, 0.04685, -0.904096, -1.2e-05, 0.0, 0.0, 0.0, 1.0],
                [0.891922, 0.150438, 0.426433, 0.124994, 0.15595, -0.987516, 0.022193, -0.002831, 0.424446, 0.046707, -0.904252, -1.2e-05, 0.0, 0.0, 0.0, 1.0],
                [0.89195, 0.151085, 0.426146, 0.124994, 0.156487, -0.987423, 0.022542, -0.002831, 0.424191, 0.046579, -0.904378, -1.2e-05, 0.0, 0.0, 0.0, 1.0],
                [0.891971, 0.151587, 0.425924, 0.124994, 0.156899, -0.987351, 0.022822, -0.002831, 0.423994, 0.04647, -0.904476, -1.2e-05, 0.0, 0.0, 0.0, 1.0],
                [0.891986, 0.151945, 0.425765, 0.124994, 0.15719, -0.9873, 0.023027, -0.002831, 0.423855, 0.046385, -0.904545, -1.2e-05, 0.0, 0.0, 0.0, 1.0],
                [0.891994, 0.152161, 0.42567, 0.124994, 0.157363, -0.987269, 0.023156, -0.002831, 0.423773, 0.046329, -0.904587, -1.2e-05, 0.0, 0.0, 0.0, 1.0],
                [0.891997, 0.152233, 0.425638, 0.124994, 0.15742, -0.987259, 0.0232, -0.002831, 0.423746, 0.046308, -0.904601, -1.2e-05, 0.0, 0.0, 0.0, 1.0],
                [0.891986, 0.151971, 0.425754, 0.124994, 0.157209, -0.987296, 0.023046, -0.002831, 0.423846, 0.046374, -0.90455, -1.2e-05, 0.0, 0.0, 0.0, 1.0],
                [0.891955, 0.151205, 0.426093, 0.124994, 0.156592, -0.987405, 0.022594, -0.002831, 0.42414, 0.046568, -0.904402, -1.2e-05, 0.0, 0.0, 0.0, 1.0],
                [0.891903, 0.149954, 0.426642, 0.124994, 0.15559, -0.98758, 0.021845, -0.002831, 0.424617, 0.046897, -0.904161, -1.2e-05, 0.0, 0.0, 0.0, 1.0],
                [0.891831, 0.14824, 0.427391, 0.124994, 0.154227, -0.987817, 0.020799, -0.002831, 0.425266, 0.047365, -0.903832, -1.2e-05, 0.0, 0.0, 0.0, 1.0],
                [0.891738, 0.14608, 0.428328, 0.124994, 0.152524, -0.988108, 0.019449, -0.002831, 0.426074, 0.047986, -0.903419, -1.2e-05, 0.0, 0.0, 0.0, 1.0],
                [0.891624, 0.143489, 0.42944, 0.124994, 0.150505, -0.988449, 0.017786, -0.002831, 0.42703, 0.048773, -0.902925, -1.2e-05, 0.0, 0.0, 0.0, 1.0],
                [0.891487, 0.140484, 0.430715, 0.124994, 0.148191, -0.988833, 0.015798, -0.002831, 0.428122, 0.049744, -0.902354, -1.2e-05, 0.0, 0.0, 0.0, 1.0],
                [0.891329, 0.137078, 0.43214, 0.124994, 0.145606, -0.989251, 0.013471, -0.002831, 0.429339, 0.050914, -0.901711, -1.2e-05, 0.0, 0.0, 0.0, 1.0],
                [0.891146, 0.133287, 0.4337, 0.124994, 0.142772, -0.989697, 0.010796, -0.002831, 0.430668, 0.052298, -0.900998, -1.2e-05, 0.0, 0.0, 0.0, 1.0],
                [0.890938, 0.129124, 0.435381, 0.124994, 0.139713, -0.990162, 0.007758, -0.002831, 0.432097, 0.053915, -0.900217, -1.2e-05, 0.0, 0.0, 0.0, 1.0],
                [0.890707, 0.124605, 0.437168, 0.124994, 0.13645, -0.990637, 0.004348, -0.002831, 0.433615, 0.055778, -0.899374, -1.2e-05, 0.0, 0.0, 0.0, 1.0],
                [0.89045, 0.119746, 0.439046, 0.124994, 0.133007, -0.991115, 0.000558, -0.002831, 0.43521, 0.057899, -0.898469, -1.2e-05, 0.0, 0.0, 0.0, 1.0],
                [0.890168, 0.114562, 0.440997, 0.124994, 0.129407, -0.991585, -0.00362, -0.002831, 0.43687, 0.060289, -0.897506, -1.2e-05, 0.0, 0.0, 0.0, 1.0],
                [0.88986, 0.109072, 0.443005, 0.124994, 0.125671, -0.992038, -0.008187, -0.002831, 0.438583, 0.062958, -0.896486, -1.2e-05, 0.0, 0.0, 0.0, 1.0],
                [0.889528, 0.103294, 0.445053, 0.124994, 0.121824, -0.992465, -0.013146, -0.002831, 0.44034, 0.065911, -0.895413, -1.2e-05, 0.0, 0.0, 0.0, 1.0],
                [0.889172, 0.097248, 0.447122, 0.124994, 0.117886, -0.992855, -0.018491, -0.002831, 0.442127, 0.06915, -0.894286, -1.2e-05, 0.0, 0.0, 0.0, 1.0],
                [0.888792, 0.090956, 0.449196, 0.124994, 0.113881, -0.993199, -0.02422, -0.002831, 0.443937, 0.07268, -0.893109, -1.2e-05, 0.0, 0.0, 0.0, 1.0],
                [0.888391, 0.084439, 0.451257, 0.124994, 0.10983, -0.993488, -0.030322, -0.002831, 0.445756, 0.076498, -0.891883, -1.2e-05, 0.0, 0.0, 0.0, 1.0],
                [0.88797, 0.077723, 0.453288, 0.124994, 0.105756, -0.993712, -0.036784, -0.002831, 0.447576, 0.0806, -0.89061, -1.2e-05, 0.0, 0.0, 0.0, 1.0],
                [0.887531, 0.070834, 0.455271, 0.124994, 0.10168, -0.993862, -0.043591, -0.002831, 0.449387, 0.084979, -0.88929, -1.2e-05, 0.0, 0.0, 0.0, 1.0],
                [0.887078, 0.063798, 0.457192, 0.124994, 0.097625, -0.99393, -0.050724, -0.002831, 0.451179, 0.089628, -0.887925, -1.2e-05, 0.0, 0.0, 0.0, 1.0],
                [0.886612, 0.056644, 0.459035, 0.124994, 0.093611, -0.993909, -0.05816, -0.002831, 0.452943, 0.094535, -0.886517, -1.2e-05, 0.0, 0.0, 0.0, 1.0],
                [0.886136, 0.049406, 0.460786, 0.124994, 0.089659, -0.993792, -0.065869, -0.002831, 0.454669, 0.099681, -0.885068, -1.2e-05, 0.0, 0.0, 0.0, 1.0],
                [0.885654, 0.042116, 0.462433, 0.124994, 0.085792, -0.993575, -0.07382, -0.002831, 0.456351, 0.105051, -0.883581, -1.2e-05, 0.0, 0.0, 0.0, 1.0],
                [0.885171, 0.03481, 0.463963, 0.124994, 0.082029, -0.993253, -0.081979, -0.002831, 0.457978, 0.110623, -0.882057, -1.2e-05, 0.0, 0.0, 0.0, 1.0],
                [0.88469, 0.027526, 0.465369, 0.124994, 0.07839, -0.992825, -0.090301, -0.002831, 0.459542, 0.116367, -0.880503, -1.2e-05, 0.0, 0.0, 0.0, 1.0],
                [0.884214, 0.020306, 0.466642, 0.124994, 0.074898, -0.992291, -0.098741, -0.002831, 0.461037, 0.122257, -0.878922, -1.2e-05, 0.0, 0.0, 0.0, 1.0],
                [0.88375, 0.013197, 0.467776, 0.124994, 0.071571, -0.991654, -0.107239, -0.002831, 0.462455, 0.12825, -0.877322, -1.2e-05, 0.0, 0.0, 0.0, 1.0],
                [0.8833, 0.006248, 0.468768, 0.124994, 0.068429, -0.99092, -0.115735, -0.002831, 0.463786, 0.134305, -0.875712, -1.2e-05, 0.0, 0.0, 0.0, 1.0],
                [0.882871, -0.000488, 0.469617, 0.124994, 0.065493, -0.990099, -0.124155, -0.002831, 0.465026, 0.140368, -0.874102, -1.2e-05, 0.0, 0.0, 0.0, 1.0],
                [0.882467, -0.006946, 0.470325, 0.124994, 0.062781, -0.989205, -0.132406, -0.002831, 0.466166, 0.14637, -0.872509, -1.2e-05, 0.0, 0.0, 0.0, 1.0],
                [0.882092, -0.013056, 0.470897, 0.124994, 0.060315, -0.988258, -0.140385, -0.002831, 0.467199, 0.152233, -0.870951, -1.2e-05, 0.0, 0.0, 0.0, 1.0],
                [0.881753, -0.018736, 0.471342, 0.124994, 0.058113, -0.987285, -0.14796, -0.002831, 0.468118, 0.157855, -0.869456, -1.2e-05, 0.0, 0.0, 0.0, 1.0],
                [0.881453, -0.023892, 0.471669, 0.124994, 0.056195, -0.986318, -0.15498, -0.002831, 0.468917, 0.163112, -0.868054, -1.2e-05, 0.0, 0.0, 0.0, 1.0],
                [0.881197, -0.028411, 0.471896, 0.124994, 0.054581, -0.985403, -0.161252, -0.002831, 0.469587, 0.167851, -0.866787, -1.2e-05, 0.0, 0.0, 0.0, 1.0],
                [0.880991, -0.032167, 0.47204, 0.124994, 0.053291, -0.984591, -0.166555, -0.002831, 0.470121, 0.171888, -0.865706, -1.2e-05, 0.0, 0.0, 0.0, 1.0],
                [0.880839, -0.035018, 0.472121, 0.124994, 0.052344, -0.983942, -0.170642, -0.002831, 0.470513, 0.175019, -0.864865, -1.2e-05, 0.0, 0.0, 0.0, 1.0],
                [0.880745, -0.03682, 0.47216, 0.124994, 0.051761, -0.983517, -0.17325, -0.002831, 0.470754, 0.177028, -0.864325, -1.2e-05, 0.0, 0.0, 0.0, 1.0],
                [0.880712, -0.037443, 0.472171, 0.124994, 0.051562, -0.983367, -0.174157, -0.002831, 0.470836, 0.177727, -0.864137, -1.2e-05, 0.0, 0.0, 0.0, 1.0]
            ]
        },
        {
            "name": "Leg_R",
            "time": [0.0, 0.0167, 0.0333, 0.05, 0.0667, 0.0833, 0.1, 0.1167, 0.1333, 0.15, 0.1667, 0.1833, 0.2, 0.2167, 0.2333, 0.25, 0.2667, 0.2833, 0.3, 0.3167, 0.3333, 0.35, 0.3667, 0.3833, 0.4, 0.4167, 0.4333, 0.45, 0.4667, 0.4833, 0.5, 0.5167, 0.5333, 0.55, 0.5667, 0.5833, 0.6, 0.6167, 0.6333, 0.65, 0.6667, 0.6833, 0.7, 0.7167, 0.7333, 0.75, 0.7667, 0.7833, 0.8, 0.8167, 0.8333, 0.85, 0.8667, 0.8833, 0.9, 0.9167, 0.9333, 0.95, 0.9667, 0.9833, 1.0, 1.0167, 1.0333, 1.05, 1.0667, 1.0833, 1.1, 1.1167, 1.1333, 1.15, 1.1667, 1.1833, 1.2, 1.2167, 1.2333, 1.25, 1.2667, 1.2833, 1.3, 1.3167, 1.3333, 1.35, 1.3667, 1.3833, 1.4, 1.4167, 1.4333, 1.45, 1.4667, 1.4833, 1.5, 1.5167, 1.5333, 1.55, 1.5667, 1.5833, 1.6, 1.6167, 1.6333, 1.65, 1.6667, 1.6833, 1.7, 1.7167, 1.7333, 1.75, 1.7667, 1.7833, 1.8, 1.8167, 1.8333, 1.85, 1.8667, 1.8833, 1.9, 1.9167, 1.9333, 1.95, 1.9667, 1.9833, 2.0],
            "transform": [
                [1.0, -0.000299, -0.000156, 0.0, 0.000329, 0.963671, 0.267093, 0.375166, 7e-05, -0.267092, 0.963671, 0.0, 0.0, 0.0, 0.0, 1.0],
                [1.0, -0.000299, -0.000156, 0.0, 0.000329, 0.963671, 0.267093, 0.375166, 7e-05, -0.267092, 0.963671, 0.0, 0.0, 0.0, 0.0, 1.0],
                [1.0, -0.000308, -0.000158, 0.0, 0.00034, 0.961309, 0.275473, 0.375166, 6.7e-05, -0.275472, 0.961309, 0.0, 0.0, 0.0, 0.0, 1.0],
                [1.0, -0.000333, -0.000166, 0.0, 0.000367, 0.954727, 0.297486, 0.375166, 5.9e-05, -0.297485, 0.954726, -0.0, 0.0, 0.0, 0.0, 1.0],
                [1.0, -0.000366, -0.000177, -0.0, 0.000404, 0.944887, 0.327398, 0.375166, 4.7e-05, -0.327397, 0.944886, -0.0, 0.0, 0.0, 0.0, 1.0],
                [1.0, -0.000403, -0.00019, 0.0, 0.000444, 0.932927, 0.360068, 0.375166, 3.2e-05, -0.360066, 0.932927, -0.0, 0.0, 0.0, 0.0, 1.0],
                [1.0, -0.000438, -0.000204, -0.0, 0.000483, 0.920117, 0.391647, 0.375166, 1.6e-05, -0.391645, 0.920116, 0.0, 0.0, 0.0, 0.0, 1.0],
                [1.0, -0.00047, -0.000219, -0.0, 0.000518, 0.90746, 0.420142, 0.375166, 1e-06, -0.420139, 0.907459, 0.0, 0.0, 0.0, 0.0, 1.0],
