{
    "animation": [
        {
            "name": "Root",
            "time": [0.0, 0.0167, 0.0333, 0.05, 0.0667, 0.0833, 0.1, 0.1167, 0.1333, 0.15, 0.1667, 0.1833, 0.2, 0.2167, 0.2333, 0.25, 0.2667, 0.2833, 0.3, 0.3167, 0.3333, 0.35, 0.3667, 0.3833, 0.4, 0.4167, 0.4333, 0.45, 0.4667, 0.4833, 0.5, 0.5167, 0.5333, 0.55, 0.5667, 0.5833, 0.6, 0.6167, 0.6333, 0.65, 0.6667, 0.6833, 0.7, 0.7167, 0.7333, 0.75, 0.7667, 0.7833, 0.8],
            "transform": [
                [0.97749, 0.0, 0.210984, -5e-06, 0.210984, 0.0, -0.97749, 0.000946, 0.0, 1.0, 0.0, 0.654774, 0.0, 0.0, 0.0, 1.0],
                [0.97749, 0.0, 0.210984, -5e-06, 0.210984, 0.0, -0.97749, 0.000946, 0.0, 1.0, 0.0, 0.657975, 0.0, 0.0, 0.0, 1.0],
                [0.97749, 0.0, 0.210984, -5e-06, 0.210984, 0.0, -0.97749, 0.000946, 0.0, 1.0, 0.0, 0.667293, 0.0, 0.0, 0.0, 1.0],
                [0.97749, 0.0, 0.210984, -5e-06, 0.210984, 0.0, -0.97749, 0.000946, 0.0, 1.0, 0.0, 0.680688, 0.0, 0.0, 0.0, 1.0],
                [0.97749, 0.0, 0.210984, -5e-06, 0.210984, 0.0, -0.97749, 0.000946, 0.0, 1.0, 0.0, 0.694084, 0.0, 0.0, 0.0, 1.0],
                [0.97749, 0.0, 0.210984, -5e-06, 0.210984, 0.0, -0.97749, 0.000946, 0.0, 1.0, 0.0, 0.703401, 0.0, 0.0, 0.0, 1.0],
                [0.97749, 0.0, 0.210984, -5e-06, 0.210984, 0.0, -0.97749, 0.000946, 0.0, 1.0, 0.0, 0.706603, 0.0, 0.0, 0.0, 1.0],
                [0.97749, 0.0, 0.210984, -5e-06, 0.210984, 0.0, -0.97749, 0.000946, 0.0, 1.0, 0.0, 0.699897, 0.0, 0.0, 0.0, 1.0],
                [0.97749, 0.0, 0.210984, -5e-06, 0.210984, 0.0, -0.97749, 0.000946, 0.0, 1.0, 0.0, 0.679634, 0.0, 0.0, 0.0, 1.0],
                [0.97749, 0.0, 0.210984, -5e-06, 0.210984, 0.0, -0.97749, 0.000946, 0.0, 1.0, 0.0, 0.648554, 0.0, 0.0, 0.0, 1.0],
                [0.97749, 0.0, 0.210984, -5e-06, 0.210984, 0.0, -0.97749, 0.000946, 0.0, 1.0, 0.0, 0.613689, 0.0, 0.0, 0.0, 1.0],
                [0.97749, 0.0, 0.210984, -5e-06, 0.210984, 0.0, -0.97749, 0.000946, 0.0, 1.0, 0.0, 0.583026, 0.0, 0.0, 0.0, 1.0],
                [0.97749, 0.0, 0.210984, -5e-06, 0.210984, 0.0, -0.97749, 0.000946, 0.0, 1.0, 0.0, 0.561337, 0.0, 0.0, 0.0, 1.0],
                [0.97749, 0.0, 0.210984, -5e-06, 0.210984, 0.0, -0.97749, 0.000946, 0.0, 1.0, 0.0, 0.545287, 0.0, 0.0, 0.0, 1.0],
                [0.97749, 0.0, 0.210984, -5e-06, 0.210984, 0.0, -0.97749, 0.000946, 0.0, 1.0, 0.0, 0.531039, 0.0, 0.0, 0.0, 1.0],
                [0.97749, 0.0, 0.210984, -5e-06, 0.210984, 0.0, -0.97749, 0.000946, 0.0, 1.0, 0.0, 0.519773, 0.0, 0.0, 0.0, 1.0],
                [0.97749, 0.0, 0.210984, -5e-06, 0.210984, 0.0, -0.97749, 0.000946, 0.0, 1.0, 0.0, 0.512291, 0.0, 0.0, 0.0, 1.0],
                [0.97749, 0.0, 0.210984, -5e-06, 0.210984, 0.0, -0.97749, 0.000946, 0.0, 1.0, 0.0, 0.508443, 0.0, 0.0, 0.0, 1.0],
                [0.97749, 0.0, 0.210984, -5e-06, 0.210984, 0.0, -0.97749, 0.000946, 0.0, 1.0, 0.0, 0.507377, 0.0, 0.0, 0.0, 1.0],
                [0.97749, 0.0, 0.210984, -5e-06, 0.210984, 0.0, -0.97749, 0.000946, 0.0, 1.0, 0.0, 0.519684, 0.0, 0.0, 0.0, 1.0],
                [0.97749, 0.0, 0.210984, -5e-06, 0.210984, 0.0, -0.97749, 0.000946, 0.0, 1.0, 0.0, 0.555501, 0.0, 0.0, 0.0, 1.0],
                [0.97749, 0.0, 0.210984, -5e-06, 0.210984, 0.0, -0.97749, 0.000946, 0.0, 1.0, 0.0, 0.60699, 0.0, 0.0, 0.0, 1.0],
                [0.97749, 0.0, 0.210984, -5e-06, 0.210984, 0.0, -0.97749, 0.000946, 0.0, 1.0, 0.0, 0.658479, 0.0, 0.0, 0.0, 1.0],
                [0.97749, 0.0, 0.210984, -5e-06, 0.210984, 0.0, -0.97749, 0.000946, 0.0, 1.0, 0.0, 0.694296, 0.0, 0.0, 0.0, 1.0],
                [0.97749, 0.0, 0.210984, -5e-06, 0.210984, 0.0, -0.97749, 0.000946, 0.0, 1.0, 0.0, 0.706603, 0.0, 0.0, 0.0, 1.0],
                [0.97749, 0.0, 0.210984, -5e-06, 0.210984, 0.0, -0.97749, 0.000946, 0.0, 1.0, 0.0, 0.705055, 0.0, 0.0, 0.0, 1.0],
                [0.97749, 0.0, 0.210984, -5e-06, 0.210984, 0.0, -0.97749, 0.000946, 0.0, 1.0, 0.0, 0.700005, 0.0, 0.0, 0.0, 1.0],
                [0.97749, 0.0, 0.210984, -5e-06, 0.210984, 0.0, -0.97749, 0.000946, 0.0, 1.0, 0.0, 0.691322, 0.0, 0.0, 0.0, 1.0],
                [0.97749, 0.0, 0.210984, -5e-06, 0.210984, 0.0, -0.97749, 0.000946, 0.0, 1.0, 0.0, 0.679881, 0.0, 0.0, 0.0, 1.0],
                [0.97749, 0.0, 0.210984, -5e-06, 0.210984, 0.0, -0.97749, 0.000946, 0.0, 1.0, 0.0, 0.667247, 0.0, 0.0, 0.0, 1.0],
                [0.97749, 0.0, 0.210984, -5e-06, 0.210984, 0.0, -0.97749, 0.000946, 0.0, 1.0, 0.0, 0.654774, 0.0, 0.0, 0.0, 1.0],
                [0.97749, 0.0, 0.210984, -5e-06, 0.210984, 0.0, -0.97749, 0.000946, 0.0, 1.0, 0.0, 0.641407, 0.0, 0.0, 0.0, 1.0],
                [0.97749, 0.0, 0.210984, -5e-06, 0.210984, 0.0, -0.97749, 0.000946, 0.0, 1.0, 0.0, 0.625624, 0.0, 0.0, 0.0, 1.0],
                [0.97749, 0.0, 0.210984, -5e-06, 0.210984, 0.0, -0.97749, 0.000946, 0.0, 1.0, 0.0, 0.608211, 0.0, 0.0, 0.0, 1.0],
                [0.97749, 0.0, 0.210984, -5e-06, 0.210984, 0.0, -0.97749, 0.000946, 0.0, 1.0, 0.0, 0.590757, 0.0, 0.0, 0.0, 1.0],
                [0.97749, 0.0, 0.210984, -5e-06, 0.210984, 0.0, -0.97749, 0.000946, 0.0, 1.0, 0.0, 0.574863, 0.0, 0.0, 0.0, 1.0],
                [0.97749, 0.0, 0.210984, -5e-06, 0.210984, 0.0, -0.97749, 0.000946, 0.0, 1.0, 0.0, 0.561337, 0.0, 0.0, 0.0, 1.0],
                [0.97749, 0.0, 0.210984, -5e-06, 0.210984, 0.0, -0.97749, 0.000946, 0.0, 1.0, 0.0, 0.548595, 0.0, 0.0, 0.0, 1.0],
                [0.97749, 0.0, 0.210984, -5e-06, 0.210984, 0.0, -0.97749, 0.000946, 0.0, 1.0, 0.0, 0.535531, 0.0, 0.0, 0.0, 1.0],
                [0.97749, 0.0, 0.210984, -5e-06, 0.210984, 0.0, -0.97749, 0.000946, 0.0, 1.0, 0.0, 0.523567, 0.0, 0.0, 0.0, 1.0],
                [0.97749, 0.0, 0.210984, -5e-06, 0.210984, 0.0, -0.97749, 0.000946, 0.0, 1.0, 0.0, 0.514403, 0.0, 0.0, 0.0, 1.0],
                [0.97749, 0.0, 0.210984, -5e-06, 0.210984, 0.0, -0.97749, 0.000946, 0.0, 1.0, 0.0, 0.509033, 0.0, 0.0, 0.0, 1.0],
                [0.97749, 0.0, 0.210984, -5e-06, 0.210984, 0.0, -0.97749, 0.000946, 0.0, 1.0, 0.0, 0.507377, 0.0, 0.0, 0.0, 1.0],
                [0.97749, 0.0, 0.210984, -5e-06, 0.210984, 0.0, -0.97749, 0.000946, 0.0, 1.0, 0.0, 0.516482, 0.0, 0.0, 0.0, 1.0],
                [0.97749, 0.0, 0.210984, -5e-06, 0.210984, 0.0, -0.97749, 0.000946, 0.0, 1.0, 0.0, 0.542981, 0.0, 0.0, 0.0, 1.0],
                [0.97749, 0.0, 0.210984, -5e-06, 0.210984, 0.0, -0.97749, 0.000946, 0.0, 1.0, 0.0, 0.581075, 0.0, 0.0, 0.0, 1.0],
                [0.97749, 0.0, 0.210984, -5e-06, 0.210984, 0.0, -0.97749, 0.000946, 0.0, 1.0, 0.0, 0.61917, 0.0, 0.0, 0.0, 1.0],
                [0.97749, 0.0, 0.210984, -5e-06, 0.210984, 0.0, -0.97749, 0.000946, 0.0, 1.0, 0.0, 0.645669, 0.0, 0.0, 0.0, 1.0],
                [0.97749, 0.0, 0.210984, -5e-06, 0.210984, 0.0, -0.97749, 0.000946, 0.0, 1.0, 0.0, 0.654774, 0.0, 0.0, 0.0, 1.0],
                [0.97749, 0.0, 0.210984, -5e-06, 0.210984, 0.0, -0.97749, 0.000946, 0.0, 1.0, 0.0, 0.654774, 0.0, 0.0, 0.0, 1.0]
            ]
        },
        {
            "name": "Thigh_R",
            "time": [0.0, 0.0167, 0.0333, 0.05, 0.0667, 0.0833, 0.1, 0.1167, 0.1333, 0.15, 0.1667, 0.1833, 0.2, 0.2167, 0.2333, 0.25, 0.2667, 0.2833, 0.3, 0.3167, 0.3333, 0.35, 0.3667, 0.3833, 0.4, 0.4167, 0.4333, 0.45, 0.4667, 0.4833, 0.5, 0.5167, 0.5333, 0.55, 0.5667, 0.5833, 0.6, 0.6167, 0.6333, 0.65, 0.6667, 0.6833, 0.7, 0.7167, 0.7333, 0.75, 0.7667, 0.7833, 0.8],
            "transform": [
                [0.971195, -0.118565, 0.206696, 0.124994, -0.032167, -0.924717, -0.379298, -0.002831, 0.236106, 0.36172, -0.901897, -1.2e-05, 0.0, 0.0, 0.0, 1.0],
                [0.971297, -0.1037, 0.214074, 0.124994, -0.035131, -0.952638, -0.302076, -0.002831, 0.23526, 0.285882, -0.92894, -1.2e-05, 0.0, 0.0, 0.0, 1.0],
                [0.971836, -0.061696, 0.22744, 0.124994, -0.045257, -0.99602, -0.076806, -0.002831, 0.231273, 0.064346, -0.970762, -1.2e-05, 0.0, 0.0, 0.0, 1.0],
                [0.973493, -0.000284, 0.228718, 0.124994, -0.062208, -0.962631, 0.263579, -0.002831, 0.220095, -0.270823, -0.937133, -1.2e-05, 0.0, 0.0, 0.0, 1.0],
                [0.976288, 0.072889, 0.203837, 0.124994, -0.074668, -0.77044, 0.633126, -0.002831, 0.203191, -0.633335, -0.746731, -1.2e-05, 0.0, 0.0, 0.0, 1.0],
                [0.978448, 0.13743, 0.154122, 0.124994, -0.073965, -0.463593, 0.882957, -0.002831, 0.192794, -0.875328, -0.443439, -1.2e-05, 0.0, 0.0, 0.0, 1.0],
                [0.979002, 0.172106, 0.109246, 0.124994, -0.069246, -0.22327, 0.972296, -0.002831, 0.191728, -0.959445, -0.206666, -1.2e-05, 0.0, 0.0, 0.0, 1.0],
                [0.978219, 0.189093, 0.085625, 0.124994, -0.064508, -0.115138, 0.991255, -0.002831, 0.197297, -0.975188, -0.100435, -1.2e-05, 0.0, 0.0, 0.0, 1.0],
                [0.976413, 0.196403, 0.08969, 0.124994, -0.060701, -0.148943, 0.986983, -0.002831, 0.207204, -0.969147, -0.133511, -1.2e-05, 0.0, 0.0, 0.0, 1.0],
                [0.973936, 0.192025, 0.120725, 0.124994, -0.060112, -0.294696, 0.953701, -0.002831, 0.21871, -0.9361, -0.275475, -1.2e-05, 0.0, 0.0, 0.0, 1.0],
                [0.971233, 0.170893, 0.16584, 0.124994, -0.062569, -0.488814, 0.870144, -0.002831, 0.229765, -0.855487, -0.464063, -1.2e-05, 0.0, 0.0, 0.0, 1.0],
                [0.969094, 0.134502, 0.206802, 0.124994, -0.06606, -0.666192, 0.742851, -0.002831, 0.237684, -0.733552, -0.63672, -1.2e-05, 0.0, 0.0, 0.0, 1.0],
                [0.968409, 0.122834, 0.217016, 0.124994, -0.068169, -0.706711, 0.704213, -0.002831, 0.239868, -0.696758, -0.676016, -1.2e-05, 0.0, 0.0, 0.0, 1.0],
                [0.968604, 0.145859, 0.201327, 0.124994, -0.069124, -0.619869, 0.781658, -0.002831, 0.238807, -0.771031, -0.590328, -1.2e-05, 0.0, 0.0, 0.0, 1.0],
                [0.968782, 0.161438, 0.188147, 0.124994, -0.069988, -0.549952, 0.832261, -0.002831, 0.23783, -0.819446, -0.521488, -1.2e-05, 0.0, 0.0, 0.0, 1.0],
                [0.968963, 0.172594, 0.176983, 0.124994, -0.070322, -0.493904, 0.866671, -0.002831, 0.236994, -0.852215, -0.466441, -1.2e-05, 0.0, 0.0, 0.0, 1.0],
                [0.969173, 0.179933, 0.168309, 0.124994, -0.069657, -0.455144, 0.887692, -0.002831, 0.236329, -0.872049, -0.428583, -1.2e-05, 0.0, 0.0, 0.0, 1.0],
                [0.969433, 0.184054, 0.162246, 0.124994, -0.067774, -0.434659, 0.898044, -0.002831, 0.235809, -0.881588, -0.408902, -1.2e-05, 0.0, 0.0, 0.0, 1.0],
                [0.969744, 0.185744, 0.158418, 0.124994, -0.064784, -0.429852, 0.900574, -0.002831, 0.235372, -0.883588, -0.404816, -1.2e-05, 0.0, 0.0, 0.0, 1.0],
                [0.969931, 0.181483, 0.162164, 0.124994, -0.060538, -0.465455, 0.883001, -0.002831, 0.235728, -0.866267, -0.440476, -1.2e-05, 0.0, 0.0, 0.0, 1.0],
                [0.969914, 0.166899, 0.177236, 0.124994, -0.054733, -0.559886, 0.826762, -0.002831, 0.237216, -0.811587, -0.53391, -1.2e-05, 0.0, 0.0, 0.0, 1.0],
                [0.969892, 0.142034, 0.197828, 0.124994, -0.047793, -0.685508, 0.726496, -0.002831, 0.238799, -0.714077, -0.658085, -1.2e-05, 0.0, 0.0, 0.0, 1.0],
                [0.970093, 0.112298, 0.215193, 0.124994, -0.040386, -0.799515, 0.599288, -0.002831, 0.239348, -0.590056, -0.771073, -1.2e-05, 0.0, 0.0, 0.0, 1.0],
                [0.970615, 0.091612, 0.22252, 0.124994, -0.032958, -0.865374, 0.500042, -0.002831, 0.238372, -0.492681, -0.83693, -1.2e-05, 0.0, 0.0, 0.0, 1.0],
                [0.971389, 0.089718, 0.219896, 0.124994, -0.025609, -0.880932, 0.472551, -0.002831, 0.236108, -0.464662, -0.853434, -1.2e-05, 0.0, 0.0, 0.0, 1.0],
                [0.972587, 0.094719, 0.212378, 0.124994, -0.014937, -0.885953, 0.463534, -0.002831, 0.232061, -0.454, -0.860255, -1.2e-05, 0.0, 0.0, 0.0, 1.0],
                [0.974184, 0.091699, 0.206295, 0.124994, 0.001563, -0.91651, 0.400009, -0.002831, 0.22575, -0.389361, -0.892996, -1.2e-05, 0.0, 0.0, 0.0, 1.0],
                [0.975604, 0.075218, 0.20625, 0.124994, 0.020763, -0.966877, 0.254396, -0.002831, 0.218553, -0.24391, -0.944854, -1.2e-05, 0.0, 0.0, 0.0, 1.0],
                [0.976392, 0.048472, 0.2105, 0.124994, 0.037065, -0.997641, 0.057802, -0.002831, 0.212804, -0.048638, -0.975887, -1.2e-05, 0.0, 0.0, 0.0, 1.0],
                [0.976551, 0.020065, 0.214347, 0.124994, 0.044706, -0.992845, -0.110738, -0.002831, 0.210591, 0.11772, -0.970463, -1.2e-05, 0.0, 0.0, 0.0, 1.0],
                [0.976296, -0.003335, 0.216415, 0.124994, 0.040494, -0.979412, -0.197774, -0.002831, 0.212619, 0.201847, -0.956063, -1.2e-05, 0.0, 0.0, 0.0, 1.0],
                [0.975722, -0.025123, 0.217566, 0.124994, 0.027901, -0.971046, -0.237263, -0.002831, 0.217226, 0.23757, -0.946773, -1.2e-05, 0.0, 0.0, 0.0, 1.0],
                [0.974896, -0.049436, 0.217106, 0.124994, 0.012282, -0.961619, -0.274117, -0.002831, 0.222324, 0.269899, -0.936873, -1.2e-05, 0.0, 0.0, 0.0, 1.0],
                [0.973963, -0.073457, 0.214479, 0.124994, -0.003049, -0.950212, -0.311596, -0.002831, 0.226688, 0.302825, -0.925697, -1.2e-05, 0.0, 0.0, 0.0, 1.0],
                [0.973213, -0.093779, 0.209909, 0.124994, -0.014608, -0.936404, -0.350625, -0.002831, 0.22944, 0.338163, -0.912693, -1.2e-05, 0.0, 0.0, 0.0, 1.0],
                [0.972852, -0.106888, 0.205267, 0.124994, -0.020665, -0.923533, -0.382967, -0.002831, 0.230505, 0.368325, -0.900672, -1.2e-05, 0.0, 0.0, 0.0, 1.0],
                [0.972895, -0.110602, 0.203085, 0.124994, -0.021228, -0.917214, -0.397832, -0.002831, 0.230273, 0.382735, -0.894703, -1.2e-05, 0.0, 0.0, 0.0, 1.0],
                [0.973255, -0.10815, 0.202679, 0.124994, -0.016888, -0.913549, -0.406382, -0.002831, 0.229107, 0.392088, -0.890945, -1.2e-05, 0.0, 0.0, 0.0, 1.0],
                [0.973805, -0.102666, 0.202887, 0.124994, -0.007885, -0.906976, -0.421112, -0.002831, 0.227246, 0.408478, -0.88403, -1.2e-05, 0.0, 0.0, 0.0, 1.0],
                [0.974324, -0.095047, 0.204107, 0.124994, 0.004441, -0.898238, -0.439491, -0.002831, 0.225108, 0.429109, -0.874755, -1.2e-05, 0.0, 0.0, 0.0, 1.0],
                [0.974619, -0.087451, 0.206083, 0.124994, 0.016764, -0.889451, -0.456727, -0.002831, 0.223241, 0.448586, -0.865412, -1.2e-05, 0.0, 0.0, 0.0, 1.0],
                [0.974706, -0.082171, 0.20784, 0.124994, 0.02539, -0.883225, -0.468265, -0.002831, 0.222046, 0.461694, -0.858801, -1.2e-05, 0.0, 0.0, 0.0, 1.0],
                [0.974714, -0.080362, 0.208508, 0.124994, 0.028352, -0.881078, -0.472124, -0.002831, 0.221652, 0.466094, -0.856523, -1.2e-05, 0.0, 0.0, 0.0, 1.0],
                [0.974747, -0.082282, 0.207602, 0.124994, 0.024328, -0.884984, -0.464989, -0.002831, 0.221984, 0.458294, -0.860636, -1.2e-05, 0.0, 0.0, 0.0, 1.0],
                [0.974643, -0.088316, 0.205599, 0.124994, 0.01285, -0.89521, -0.445464, -0.002831, 0.223395, 0.436807, -0.871377, -1.2e-05, 0.0, 0.0, 0.0, 1.0],
                [0.973997, -0.09793, 0.204301, 0.124994, -0.003073, -0.907381, -0.420302, -0.002831, 0.226538, 0.408742, -0.88409, -1.2e-05, 0.0, 0.0, 0.0, 1.0],
                [0.972797, -0.108327, 0.204773, 0.124994, -0.018374, -0.917231, -0.397937, -0.002831, 0.23093, 0.383346, -0.894271, -1.2e-05, 0.0, 0.0, 0.0, 1.0],
                [0.971648, -0.115908, 0.206073, 0.124994, -0.028684, -0.922942, -0.383874, -0.002831, 0.234686, 0.367076, -0.900101, -1.2e-05, 0.0, 0.0, 0.0, 1.0],
                [0.971195, -0.118565, 0.206696, 0.124994, -0.032167, -0.924717, -0.379298, -0.002831, 0.236106, 0.36172, -0.901897, -1.2e-05, 0.0, 0.0, 0.0, 1.0],
                [0.971195, -0.118565, 0.206696, 0.124994, -0.032167, -0.924717, -0.379298, -0.002831, 0.236106, 0.36172, -0.901897, -1.2e-05, 0.0, 0.0, 0.0, 1.0]
            ]
        },
        {
            "name": "Leg_R",
            "time": [0.0, 0.0167, 0.0333, 0.05, 0.0667, 0.0833, 0.1, 0.1167, 0.1333, 0.15, 0.1667, 0.1833, 0.2, 0.2167, 0.2333, 0.25, 0.2667, 0.2833, 0.3, 0.3167, 0.3333, 0.35, 0.3667, 0.3833, 0.4, 0.4167, 0.4333, 0.45, 0.4667, 0.4833, 0.5, 0.5167, 0.5333, 0.55, 0.5667, 0.5833, 0.6, 0.6167, 0.6333, 0.65, 0.6667, 0.6833, 0.7, 0.7167, 0.7333, 0.75, 0.7667, 0.7833, 0.8],
            "transform": [
                [0.999999, -0.000954, -0.00065, 0.0, 0.001052, 0.521568, 0.853212, 0.375166, -0.000475, -0.853208, 0.521567, -0.0, 0.0, 0.0, 0.0, 1.0],
                [0.999999, -0.001017, -0.000768, 0.0, 0.001121, 0.416114, 0.909315, 0.375166, -0.000605, -0.90931, 0.416113, -0.0, 0.0, 0.0, 0.0, 1.0],
                [0.999999, -0.001109, -0.001089, 0.0, 0.001223, 0.12867, 0.991689, 0.375166, -0.00096, -0.991685, 0.12867, 0.0, 0.0, 0.0, 0.0, 1.0],
                [0.999998, -0.001091, -0.001477, 0.0, 0.001204, -0.217885, 0.975976, 0.375166, -0.001387, -0.975973, -0.217884, -0.0, 0.0, 0.0, 0.0, 1.0],
                [0.999998, -0.00099, -0.001754, 0.0, 0.001091, -0.46556, 0.885017, 0.375166, -0.001692, -0.885015, -0.465559, 0.0, 0.0, 0.0, 0.0, 1.0],
                [0.999998, -0.000933, -0.001849, 0.0, 0.00103, -0.550607, 0.834766, 0.375166, -0.001797, -0.834764, -0.550605, -0.0, 0.0, 0.0, 0.0, 1.0],
                [0.999998, -0.000954, -0.001817, 0.0, 0.001052, -0.521645, 0.853163, 0.375166, -0.001762, -0.853162, -0.521644, -0.0, 0.0, 0.0, 0.0, 1.0],
                [0.999998, -0.001028, -0.001673, 0.0, 0.001134, -0.39305, 0.919518, 0.375166, -0.001603, -0.919516, -0.393049, -0.0, 0.0, 0.0, 0.0, 1.0],
                [0.999999, -0.00111, -0.001367, -0.0, 0.001224, -0.119279, 0.992862, 0.375166, -0.001265, -0.992859, -0.119278, 0.0, 0.0, 0.0, 0.0, 1.0],
                [0.999999, -0.001077, -0.000932, 0.0, 0.001188, 0.269448, 0.963017, 0.375166, -0.000786, -0.963012, 0.269448, 0.0, 0.0, 0.0, 0.0, 1.0],
                [0.999999, -0.000836, -0.00049, 0.0, 0.000921, 0.664626, 0.747178, 0.375166, -0.000299, -0.747175, 0.664625, -0.0, 0.0, 0.0, 0.0, 1.0],
                [1.0, -0.000428, -0.0002, 0.0, 0.000472, 0.923855, 0.382745, 0.375166, 2.1e-05, -0.382744, 0.923854, 0.0, 0.0, 0.0, 0.0, 1.0],
                [1.0, -0.000289, -0.000153, -0.0, 0.000319, 0.966076, 0.258259, 0.375166, 7.3e-05, -0.258258, 0.966076, -0.0, 0.0, 0.0, 0.0, 1.0],
                [1.0, -0.000511, -0.000239, -0.0, 0.000564, 0.889364, 0.457203, 0.375166, -2.1e-05, -0.4572, 0.889363, -0.0, 0.0, 0.0, 0.0, 1.0],
                [1.0, -0.000674, -0.000341, 0.0, 0.000744, 0.797686, 0.603076, 0.375166, -0.000134, -0.603073, 0.797685, -0.0, 0.0, 0.0, 0.0, 1.0],
                [1.0, -0.000805, -0.000457, -0.0, 0.000887, 0.694412, 0.71958, 0.375166, -0.000262, -0.719577, 0.694411, 0.0, 0.0, 0.0, 0.0, 1.0],
                [0.999999, -0.000904, -0.000575, -0.0, 0.000997, 0.589113, 0.808053, 0.375166, -0.000392, -0.808049, 0.589112, 0.0, 0.0, 0.0, 0.0, 1.0],
                [0.999999, -0.000973, -0.000683, -0.0, 0.001073, 0.492522, 0.870302, 0.375166, -0.000511, -0.870298, 0.492522, 0.0, 0.0, 0.0, 0.0, 1.0],
                [0.999999, -0.001019, -0.000774, -0.0, 0.001124, 0.410919, 0.911673, 0.375166, -0.000611, -0.911669, 0.410919, -0.0, 0.0, 0.0, 0.0, 1.0],
                [0.999999, -0.00103, -0.000799, -0.0, 0.001136, 0.38862, 0.9214, 0.375166, -0.000639, -0.921396, 0.38862, 0.0, 0.0, 0.0, 0.0, 1.0],
                [0.999999, -0.000991, -0.000715, 0.0, 0.001093, 0.463845, 0.885918, 0.375166, -0.000546, -0.885914, 0.463845, 0.0, 0.0, 0.0, 0.0, 1.0],
                [0.999999, -0.00089, -0.000556, -0.0, 0.000982, 0.605405, 0.795919, 0.375166, -0.000372, -0.795916, 0.605404, 0.0, 0.0, 0.0, 0.0, 1.0],
                [1.0, -0.00075, -0.000404, -0.0, 0.000828, 0.741398, 0.671068, 0.375166, -0.000204, -0.671064, 0.741397, 0.0, 0.0, 0.0, 0.0, 1.0],
                [1.0, -0.000682, -0.000347, 0.0, 0.000752, 0.79259, 0.609757, 0.375166, -0.000141, -0.609754, 0.792589, -0.0, 0.0, 0.0, 0.0, 1.0],
                [1.0, -0.000771, -0.000423, 0.0, 0.00085, 0.724273, 0.689515, 0.375166, -0.000225, -0.689512, 0.724272, -0.0, 0.0, 0.0, 0.0, 1.0],
                [0.999999, -0.000921, -0.000599, 0.0, 0.001016, 0.567306, 0.823509, 0.375166, -0.000419, -0.823505, 0.567305, -0.0, 0.0, 0.0, 0.0, 1.0],
                [0.999999, -0.001027, -0.00079, 0.0, 0.001132, 0.396088, 0.918214, 0.375166, -0.00063, -0.91821, 0.396087, -0.0, 0.0, 0.0, 0.0, 1.0],
                [0.999999, -0.00107, -0.000907, 0.0, 0.00118, 0.291874, 0.956458, 0.375166, -0.000758, -0.956454, 0.291873, 0.0, 0.0, 0.0, 0.0, 1.0],
                [0.999999, -0.00107, -0.00091, -0.0, 0.001181, 0.289409, 0.957207, 0.375166, -0.000761, -0.957203, 0.289408, -0.0, 0.0, 0.0, 0.0, 1.0],
                [0.999999, -0.001051, -0.000851, 0.0, 0.001159, 0.341994, 0.939704, 0.375166, -0.000696, -0.9397, 0.341993, -0.0, 0.0, 0.0, 0.0, 1.0],
                [0.999999, -0.001034, -0.000808, -0.0, 0.001141, 0.379871, 0.925042, 0.375166, -0.00065, -0.925037, 0.37987, -0.0, 0.0, 0.0, 0.0, 1.0],
                [0.999999, -0.001017, -0.000768, -0.0, 0.001122, 0.41576, 0.909476, 0.375166, -0.000605, -0.909472, 0.41576, 0.0, 0.0, 0.0, 0.0, 1.0],
                [0.999999, -0.000975, -0.000686, -0.0, 0.001076, 0.489205, 0.872171, 0.375166, -0.000515, -0.872167, 0.489204, -0.0, 0.0, 0.0, 0.0, 1.0],
                [0.999999, -0.000905, -0.000576, -0.0, 0.000998, 0.587507, 0.809221, 0.375166, -0.000394, -0.809217, 0.587506, -0.0, 0.0, 0.0, 0.0, 1.0],
                [1.0, -0.000816, -0.000469, 0.0, 0.0009, 0.68335, 0.730093, 0.375166, -0.000275, -0.730089, 0.683349, -0.0, 0.0, 0.0, 0.0, 1.0],
                [1.0, -0.000746, -0.0004, -0.0, 0.000823, 0.745016, 0.667049, 0.375166, -0.000199, -0.667045, 0.745015, 0.0, 0.0, 0.0, 0.0, 1.0],
                [1.0, -0.000733, -0.000389, -0.0, 0.000808, 0.755263, 0.655425, 0.375166, -0.000187, -0.655421, 0.755262, -0.0, 0.0, 0.0, 0.0, 1.0],
                [1.0, -0.00075, -0.000404, 0.0, 0.000827, 0.741539, 0.670912, 0.375166, -0.000204, -0.670909, 0.741538, 0.0, 0.0, 0.0, 0.0, 1.0],
                [1.0, -0.00076, -0.000413, 0.0, 0.000838, 0.733391, 0.67981, 0.375166, -0.000214, -0.679806, 0.73339, -0.0, 0.0, 0.0, 0.0, 1.0],
                [1.0, -0.000763, -0.000415, -0.0, 0.000841, 0.73139, 0.681962, 0.375166, -0.000216, -0.681959, 0.731388, 0.0, 0.0, 0.0, 0.0, 1.0],
                [1.0, -0.00076, -0.000413, -0.0, 0.000838, 0.733758, 0.679413, 0.375166, -0.000213, -0.679409, 0.733757, -0.0, 0.0, 0.0, 0.0, 1.0],
                [1.0, -0.000756, -0.000409, -0.0, 0.000834, 0.737026, 0.675866, 0.375166, -0.000209, -0.675862, 0.737025, 0.0, 0.0, 0.0, 0.0, 1.0],
                [1.0, -0.000754, -0.000408, 0.0, 0.000832, 0.738424, 0.67434, 0.375166, -0.000208, -0.674336, 0.738423, -0.0, 0.0, 0.0, 0.0, 1.0],
                [1.0, -0.000771, -0.000423, 0.0, 0.00085, 0.72424, 0.68955, 0.375166, -0.000225, -0.689547, 0.724239, -0.0, 0.0, 0.0, 0.0, 1.0],
                [1.0, -0.000816, -0.000469, 0.0, 0.0009, 0.683508, 0.729946, 0.375166, -0.000275, -0.729941, 0.683507, -0.0, 0.0, 0.0, 0.0, 1.0],
                [0.999999, -0.000872, -0.000533, 0.0, 0.000961, 0.62658, 0.779359, 0.375166, -0.000345, -0.779355, 0.626579, -0.0, 0.0, 0.0, 0.0, 1.0],
                [0.999999, -0.000918, -0.000594, 0.0, 0.001012, 0.571413, 0.820665, 0.375166, -0.000414, -0.820661, 0.571412, -0.0, 0.0, 0.0, 0.0, 1.0],
                [0.999999, -0.000945, -0.000636, 0.0, 0.001043, 0.534164, 0.845383, 0.375166, -0.000459, -0.845378, 0.534163, -0.0, 0.0, 0.0, 0.0, 1.0],
                [0.999999, -0.000954, -0.00065, 0.0, 0.001052, 0.521568, 0.853212, 0.375166, -0.000475, -0.853208, 0.521567, -0.0, 0.0, 0.0, 0.0, 1.0],
                [0.999999, -0.000954, -0.00065, 0.0, 0.001052, 0.521568, 0.853212, 0.375166, -0.000475, -0.853208, 0.521567, -0.0, 0.0, 0.0, 0.0, 1.0]
            ]
        },
        {
            "name": "Knee_R",
            "time": [0.0, 0.0167, 0.0333, 0.05, 0.0667, 0.0833, 0.1, 0.1167, 0.1333, 0.15, 0.1667, 0.1833, 0.2, 0.2167, 0.2333, 0.25, 0.2667, 0.2833, 0.3, 0.3167, 0.3333, 0.35, 0.3667, 0.3833, 0.4, 0.4167, 0.4333, 0.45, 0.4667, 0.4833, 0.5, 0.5167, 0.5333, 0.55, 0.5667, 0.5833, 0.6, 0.6167, 0.6333, 0.65, 0.6667, 0.6833, 0.7, 0.7167, 0.7333, 0.75, 0.7667, 0.7833, 0.8],
            "transform": [
                [1.0, -5.7e-05, 5.4e-05, 0.0, 5.7e-05, 0.048757, -0.998811, 0.375166, 5.4e-05, 0.998811, 0.048757, -0.0, 0.0, 0.0, 0.0, 1.0],
                [1.0, -5.7e-05, 5.4e-05, 0.0, 5.7e-05, 0.048757, -0.998811, 0.375166, 5.4e-05, 0.998811, 0.048757, -0.0, 0.0, 0.0, 0.0, 1.0],
                [1.0, -5.7e-05, 5.4e-05, 0.0, 5.7e-05, 0.048757, -0.998811, 0.375166, 5.4e-05, 0.998811, 0.048757, 0.0, 0.0, 0.0, 0.0, 1.0],
                [1.0, -5.7e-05, 5.4e-05, 0.0, 5.7e-05, 0.048757, -0.998811, 0.375166, 5.4e-05, 0.998811, 0.048757, -0.0, 0.0, 0.0, 0.0, 1.0],
                [1.0, -5.7e-05, 5.4e-05, 0.0, 5.7e-05, 0.048757, -0.99881, 0.375166, 5.4e-05, 0.998811, 0.048757, 0.0, 0.0, 0.0, 0.0, 1.0],
                [1.0, -5.7e-05, 5.4e-05, 0.0, 5.7e-05, 0.048757, -0.998811, 0.375166, 5.4e-05, 0.998811, 0.048757, -0.0, 0.0, 0.0, 0.0, 1.0],
                [1.0, -5.7e-05, 5.4e-05, 0.0, 5.7e-05, 0.048757, -0.998811, 0.375166, 5.4e-05, 0.998811, 0.048757, -0.0, 0.0, 0.0, 0.0, 1.0],
                [1.0, -5.7e-05, 5.4e-05, 0.0, 5.7e-05, 0.048757, -0.998811, 0.375166, 5.4e-05, 0.998811, 0.048757, -0.0, 0.0, 0.0, 0.0, 1.0],
                [1.0, -5.7e-05, 5.4e-05, -0.0, 5.7e-05, 0.048757, -0.998811, 0.375166, 5.4e-05, 0.998811, 0.048757, 0.0, 0.0, 0.0, 0.0, 1.0],
                [1.0, -5.7e-05, 5.4e-05, 0.0, 5.7e-05, 0.048757, -0.998811, 0.375166, 5.4e-05, 0.998811, 0.048757, 0.0, 0.0, 0.0, 0.0, 1.0],
                [1.0, -5.7e-05, 5.4e-05, 0.0, 5.7e-05, 0.048757, -0.998811, 0.375166, 5.4e-05, 0.998811, 0.048757, -0.0, 0.0, 0.0, 0.0, 1.0],
                [1.0, -5.7e-05, 5.4e-05, 0.0, 5.7e-05, 0.048757, -0.998811, 0.375166, 5.4e-05, 0.998811, 0.048757, 0.0, 0.0, 0.0, 0.0, 1.0],
                [1.0, -5.7e-05, 5.4e-05, -0.0, 5.7e-05, 0.048757, -0.998811, 0.375166, 5.4e-05, 0.998811, 0.048757, -0.0, 0.0, 0.0, 0.0, 1.0],
                [1.0, -5.7e-05, 5.4e-05, -0.0, 5.7e-05, 0.048757, -0.998811, 0.375166, 5.4e-05, 0.998811, 0.048757, -0.0, 0.0, 0.0, 0.0, 1.0],
                [1.0, -5.7e-05, 5.4e-05, 0.0, 5.7e-05, 0.048757, -0.998811, 0.375166, 5.4e-05, 0.998811, 0.048757, -0.0, 0.0, 0.0, 0.0, 1.0],
                [1.0, -5.7e-05, 5.4e-05, -0.0, 5.7e-05, 0.048757, -0.998811, 0.375166, 5.4e-05, 0.998811, 0.048757, 0.0, 0.0, 0.0, 0.0, 1.0],
                [1.0, -5.7e-05, 5.4e-05, -0.0, 5.7e-05, 0.048757, -0.998811, 0.375166, 5.4e-05, 0.998811, 0.048757, 0.0, 0.0, 0.0, 0.0, 1.0],
                [1.0, -5.7e-05, 5.4e-05, -0.0, 5.7e-05, 0.048757, -0.998811, 0.375166, 5.4e-05, 0.998811, 0.048757, 0.0, 0.0, 0.0, 0.0, 1.0],
                [1.0, -5.7e-05, 5.4e-05, -0.0, 5.7e-05, 0.048757, -0.998811, 0.375166, 5.4e-05, 0.99881, 0.048757, -0.0, 0.0, 0.0, 0.0, 1.0],
                [1.0, -5.7e-05, 5.4e-05, -0.0, 5.7e-05, 0.048757, -0.998811, 0.375166, 5.4e-05, 0.998811, 0.048757, 0.0, 0.0, 0.0, 0.0, 1.0],
                [1.0, -5.7e-05, 5.4e-05, 0.0, 5.7e-05, 0.048757, -0.998811, 0.375166, 5.4e-05, 0.998811, 0.048757, 0.0, 0.0, 0.0, 0.0, 1.0],
                [1.0, -5.7e-05, 5.4e-05, -0.0, 5.7e-05, 0.048757, -0.998811, 0.375166, 5.4e-05, 0.998811, 0.048757, 0.0, 0.0, 0.0, 0.0, 1.0],
                [1.0, -5.7e-05, 5.4e-05, -0.0, 5.7e-05, 0.048757, -0.998811, 0.375166, 5.4e-05, 0.998811, 0.048757, 0.0, 0.0, 0.0, 0.0, 1.0],
                [1.0, -5.7e-05, 5.4e-05, 0.0, 5.7e-05, 0.048757, -0.998811, 0.375166, 5.4e-05, 0.998811, 0.048757, -0.0, 0.0, 0.0, 0.0, 1.0],
                [1.0, -5.7e-05, 5.4e-05, 0.0, 5.7e-05, 0.048757, -0.99881, 0.375166, 5.4e-05, 0.998811, 0.048757, -0.0, 0.0, 0.0, 0.0, 1.0],
                [1.0, -5.7e-05, 5.4e-05, 0.0, 5.7e-05, 0.048757, -0.998811, 0.375166, 5.4e-05, 0.998811, 0.048757, -0.0, 0.0, 0.0, 0.0, 1.0],
                [1.0, -5.7e-05, 5.4e-05, 0.0, 5.7e-05, 0.048757, -0.99881, 0.375166, 5.4e-05, 0.99881, 0.048757, -0.0, 0.0, 0.0, 0.0, 1.0],
                [1.0, -5.7e-05, 5.4e-05, 0.0, 5.7e-05, 0.048757, -0.998811, 0.375166, 5.4e-05, 0.998811, 0.048757, 0.0, 0.0, 0.0, 0.0, 1.0],
                [1.0, -5.7e-05, 5.4e-05, -0.0, 5.7e-05, 0.048757, -0.998811, 0.375166, 5.4e-05, 0.998811, 0.048757, -0.0, 0.0, 0.0, 0.0, 1.0],
                [1.0, -5.7e-05, 5.4e-05, 0.0, 5.7e-05, 0.048757, -0.998811, 0.375166, 5.4e-05, 0.998811, 0.048757, -0.0, 0.0, 0.0, 0.0, 1.0],
                [1.0, -5.7e-05, 5.4e-05, -0.0, 5.7e-05, 0.048757, -0.998811, 0.375166, 5.4e-05, 0.998811, 0.048757, -0.0, 0.0, 0.0, 0.0, 1.0],
                [1.0, -5.7e-05, 5.4e-05, -0.0, 5.7e-05, 0.048757, -0.998811, 0.375166, 5.4e-05, 0.998811, 0.048757, 0.0, 0.0, 0.0, 0.0, 1.0],
                [1.0, -5.7e-05, 5.4e-05, -0.0, 5.7e-05, 0.048757, -0.998811, 0.375166, 5.4e-05, 0.998811, 0.048757, -0.0, 0.0, 0.0, 0.0, 1.0],
                [1.0, -5.7e-05, 5.4e-05, -0.0, 5.7e-05, 0.048757, -0.998811, 0.375166, 5.4e-05, 0.998811, 0.048757, -0.0, 0.0, 0.0, 0.0, 1.0],
                [1.0, -5.7e-05, 5.4e-05, 0.0, 5.7e-05, 0.048757, -0.998811, 0.375166, 5.4e-05, 0.998811, 0.048757, -0.0, 0.0, 0.0, 0.0, 1.0],
                [1.0, -5.7e-05, 5.4e-05, -0.0, 5.7e-05, 0.048757, -0.998811, 0.375166, 5.4e-05, 0.998811, 0.048757, 0.0, 0.0, 0.0, 0.0, 1.0],
                [1.0, -5.7e-05, 5.4e-05, -0.0, 5.7e-05, 0.048757, -0.998811, 0.375166, 5.4e-05, 0.998811, 0.048757, -0.0, 0.0, 0.0, 0.0, 1.0],
                [1.0, -5.7e-05, 5.4e-05, 0.0, 5.7e-05, 0.048757, -0.99881, 0.375166, 5.4e-05, 0.998811, 0.048757, 0.0, 0.0, 0.0, 0.0, 1.0],
                [1.0, -5.7e-05, 5.4e-05, 0.0, 5.7e-05, 0.048757, -0.998811, 0.375166, 5.4e-05, 0.998811, 0.048757, -0.0, 0.0, 0.0, 0.0, 1.0],
                [1.0, -5.7e-05, 5.4e-05, -0.0, 5.7e-05, 0.048757, -0.998811, 0.375166, 5.4e-05, 0.998811, 0.048757, 0.0, 0.0, 0.0, 0.0, 1.0],
                [1.0, -5.7e-05, 5.4e-05, -0.0, 5.7e-05, 0.048757, -0.998811, 0.375166, 5.4e-05, 0.998811, 0.048757, -0.0, 0.0, 0.0, 0.0, 1.0],
                [1.0, -5.7e-05, 5.4e-05, -0.0, 5.7e-05, 0.048757, -0.998811, 0.375166, 5.4e-05, 0.998811, 0.048757, 0.0, 0.0, 0.0, 0.0, 1.0],
                [1.0, -5.7e-05, 5.4e-05, 0.0, 5.7e-05, 0.048757, -0.998811, 0.375166, 5.4e-05, 0.998811, 0.048757, -0.0, 0.0, 0.0, 0.0, 1.0],
                [1.0, -5.7e-05, 5.4e-05, 0.0, 5.7e-05, 0.048757, -0.998811, 0.375166, 5.4e-05, 0.998811, 0.048757, -0.0, 0.0, 0.0, 0.0, 1.0],
                [1.0, -5.7e-05, 5.4e-05, 0.0, 5.7e-05, 0.048757, -0.998811, 0.375166, 5.4e-05, 0.998811, 0.048757, -0.0, 0.0, 0.0, 0.0, 1.0],
                [1.0, -5.7e-05, 5.4e-05, 0.0, 5.7e-05, 0.048757, -0.998811, 0.375166, 5.4e-05, 0.998811, 0.048757, -0.0, 0.0, 0.0, 0.0, 1.0],
                [1.0, -5.7e-05, 5.4e-05, 0.0, 5.7e-05, 0.048757, -0.998811, 0.375166, 5.4e-05, 0.998811, 0.048757, -0.0, 0.0, 0.0, 0.0, 1.0],
                [1.0, -5.7e-05, 5.4e-05, 0.0, 5.7e-05, 0.048757, -0.998811, 0.375166, 5.4e-05, 0.998811, 0.048757, -0.0, 0.0, 0.0, 0.0, 1.0],
                [1.0, -5.7e-05, 5.4e-05, 0.0, 5.7e-05, 0.048757, -0.998811, 0.375166, 5.4e-05, 0.998811, 0.048757, -0.0, 0.0, 0.0, 0.0, 1.0],
                [1.0, -5.7e-05, 5.4e-05, 0.0, 5.7e-05, 0.048757, -0.998811, 0.375166, 5.4e-05, 0.998811, 0.048757, -0.0, 0.0, 0.0, 0.0, 1.0]
            ]
        },
        {
            "name": "Thigh_L",
            "time": [0.0, 0.0167, 0.0333, 0.05, 0.0667, 0.0833, 0.1, 0.1167, 0.1333, 0.15, 0.1667, 0.1833, 0.2, 0.2167, 0.2333, 0.25, 0.2667, 0.2833, 0.3, 0.3167, 0.3333, 0.35, 0.3667, 0.3833, 0.4, 0.4167, 0.4333, 0.45, 0.4667, 0.4833, 0.5, 0.5167, 0.5333, 0.55, 0.5667, 0.5833, 0.6, 0.6167, 0.6333, 0.65, 0.6667, 0.6833, 0.7, 0.7167, 0.7333, 0.75, 0.7667, 0.7833, 0.8],
            "transform": [
                [0.968068, 0.126859, 0.216222, -0.125006, -0.032263, -0.792292, 0.60929, -0.002831, 0.248604, -0.596811, -0.762903, -1.2e-05, 0.0, 0.0, 0.0, 1.0],
                [0.96823, 0.123944, 0.217185, -0.125006, -0.030712, -0.803006, 0.595181, -0.002831, 0.248169, -0.582942, -0.773691, -1.2e-05, 0.0, 0.0, 0.0, 1.0],
                [0.968708, 0.106638, 0.224129, -0.125006, -0.026156, -0.854115, 0.519427, -0.002831, 0.246821, -0.509037, -0.824602, -1.2e-05, 0.0, 0.0, 0.0, 1.0],
                [0.969401, 0.060747, 0.237847, -0.125006, -0.019592, -0.946662, 0.321634, -0.002831, 0.244698, -0.316454, -0.916508, -1.2e-05, 0.0, 0.0, 0.0, 1.0],
                [0.970094, -0.006991, 0.242631, -0.125006, -0.013065, -0.999641, 0.023435, -0.002831, 0.242379, -0.025907, -0.969839, -1.2e-05, 0.0, 0.0, 0.0, 1.0],
                [0.97059, -0.067754, 0.231008, -0.125006, -0.008408, -0.968534, -0.248745, -0.002831, 0.240592, 0.239485, -0.940621, -1.2e-05, 0.0, 0.0, 0.0, 1.0],
                [0.970819, -0.100513, 0.217735, -0.125006, -0.006279, -0.91827, -0.395909, -0.002831, 0.239733, 0.382985, -0.892107, -1.2e-05, 0.0, 0.0, 0.0, 1.0],
                [0.97091, -0.115252, 0.209884, -0.125006, -0.005542, -0.887121, -0.461508, -0.002831, 0.239381, 0.446916, -0.861955, -1.2e-05, 0.0, 0.0, 0.0, 1.0],
                [0.970987, -0.129085, 0.201301, -0.125006, -0.005093, -0.852762, -0.522278, -0.002831, 0.239079, 0.506097, -0.828681, -1.2e-05, 0.0, 0.0, 0.0, 1.0],
                [0.971049, -0.141934, 0.192145, -0.125006, -0.004905, -0.816027, -0.577997, -0.002831, 0.238832, 0.560317, -0.793101, -1.2e-05, 0.0, 0.0, 0.0, 1.0],
                [0.971099, -0.15253, 0.183582, -0.125006, -0.004879, -0.781682, -0.623661, -0.002831, 0.238629, 0.604738, -0.759838, -1.2e-05, 0.0, 0.0, 0.0, 1.0],
                [0.971141, -0.156373, 0.180093, -0.125006, -0.004878, -0.767946, -0.6405, -0.002831, 0.238457, 0.621134, -0.746549, -1.2e-05, 0.0, 0.0, 0.0, 1.0],
                [0.971176, -0.152751, 0.182987, -0.125006, -0.004793, -0.780039, -0.625715, -0.002831, 0.238315, 0.606799, -0.758291, -1.2e-05, 0.0, 0.0, 0.0, 1.0],
                [0.971211, -0.150775, 0.184437, -0.125006, -0.004586, -0.785909, -0.618329, -0.002831, 0.238179, 0.599679, -0.763977, -1.2e-05, 0.0, 0.0, 0.0, 1.0],
                [0.971247, -0.152692, 0.182659, -0.125006, -0.004271, -0.778288, -0.627896, -0.002831, 0.238035, 0.609059, -0.756565, -1.2e-05, 0.0, 0.0, 0.0, 1.0],
                [0.971281, -0.155924, 0.179727, -0.125006, -0.003904, -0.765696, -0.643194, -0.002831, 0.237905, 0.624017, -0.744317, -1.2e-05, 0.0, 0.0, 0.0, 1.0],
                [0.971305, -0.157792, 0.177954, -0.125006, -0.003587, -0.757853, -0.652419, -0.002831, 0.237809, 0.633056, -0.736675, -1.2e-05, 0.0, 0.0, 0.0, 1.0],
                [0.971318, -0.156697, 0.17885, -0.125006, -0.003412, -0.761259, -0.648442, -0.002831, 0.237759, 0.62923, -0.739962, -1.2e-05, 0.0, 0.0, 0.0, 1.0],
                [0.971319, -0.152864, 0.182134, -0.125006, -0.003421, -0.774875, -0.632109, -0.002831, 0.237757, 0.613352, -0.753176, -1.2e-05, 0.0, 0.0, 0.0, 1.0],
                [0.971749, -0.140497, 0.189643, -0.125006, 0.005544, -0.789705, -0.613466, -0.002831, 0.235951, 0.597183, -0.766618, -1.2e-05, 0.0, 0.0, 0.0, 1.0],
                [0.972851, -0.111122, 0.20301, -0.125006, 0.030656, -0.807584, -0.58896, -0.002831, 0.229393, 0.57919, -0.782254, -1.2e-05, 0.0, 0.0, 0.0, 1.0],
                [0.974077, -0.066524, 0.216215, -0.125006, 0.063419, -0.83715, -0.543288, -0.002831, 0.217145, 0.542913, -0.811232, -1.2e-05, 0.0, 0.0, 0.0, 1.0],
                [0.974953, -0.013444, 0.222005, -0.125006, 0.093977, -0.879787, -0.46599, -0.002831, 0.201581, 0.475178, -0.85649, -1.2e-05, 0.0, 0.0, 0.0, 1.0],
                [0.975227, 0.03964, 0.217625, -0.125006, 0.117335, -0.926702, -0.357016, -0.002831, 0.187521, 0.373703, -0.908398, -1.2e-05, 0.0, 0.0, 0.0, 1.0],
                [0.974885, 0.086271, 0.205322, -0.125006, 0.132732, -0.96537, -0.224601, -0.002831, 0.178834, 0.24621, -0.952578, -1.2e-05, 0.0, 0.0, 0.0, 1.0],
                [0.972768, 0.133119, 0.18974, -0.125006, 0.144066, -0.988543, -0.04506, -0.002831, 0.181567, 0.071165, -0.980803, -1.2e-05, 0.0, 0.0, 0.0, 1.0],
                [0.967574, 0.187405, 0.169352, -0.125006, 0.149977, -0.965737, 0.211805, -0.002831, 0.203242, -0.179541, -0.96253, -1.2e-05, 0.0, 0.0, 0.0, 1.0],
                [0.962198, 0.23552, 0.136768, -0.125006, 0.132337, -0.843219, 0.521028, -0.002831, 0.238037, -0.483235, -0.842513, -1.2e-05, 0.0, 0.0, 0.0, 1.0],
                [0.963086, 0.253094, 0.091697, -0.125006, 0.080496, -0.595816, 0.799078, -0.002831, 0.256876, -0.762201, -0.594198, -1.2e-05, 0.0, 0.0, 0.0, 1.0],
                [0.968285, 0.244685, 0.050538, -0.125006, 0.026922, -0.303271, 0.952525, -0.002831, 0.248394, -0.920956, -0.300242, -1.2e-05, 0.0, 0.0, 0.0, 1.0],
                [0.971786, 0.234871, 0.021649, -0.125006, -0.00254, -0.081356, 0.996684, -0.002831, 0.235852, -0.968618, -0.078466, -1.2e-05, 0.0, 0.0, 0.0, 1.0],
                [0.973023, 0.230411, 0.011725, -0.125006, -0.015132, 0.013029, 0.999803, -0.002831, 0.230212, -0.973008, 0.016162, -1.2e-05, 0.0, 0.0, 0.0, 1.0],
                [0.972764, 0.229855, 0.029956, -0.125006, -0.018969, -0.049862, 0.998578, -0.002831, 0.231021, -0.971949, -0.044146, -1.2e-05, 0.0, 0.0, 0.0, 1.0],
                [0.971836, 0.225413, 0.068733, -0.125006, -0.017324, -0.222531, 0.974774, -0.002831, 0.235021, -0.94851, -0.212361, -1.2e-05, 0.0, 0.0, 0.0, 1.0],
                [0.971131, 0.209421, 0.114231, -0.125006, -0.013351, -0.430387, 0.902548, -0.002831, 0.238175, -0.878016, -0.415169, -1.2e-05, 0.0, 0.0, 0.0, 1.0],
                [0.970927, 0.186241, 0.150381, -0.125006, -0.009641, -0.597287, 0.801972, -0.002831, 0.23918, -0.780105, -0.57813, -1.2e-05, 0.0, 0.0, 0.0, 1.0],
                [0.970943, 0.17904, 0.158794, -0.125006, -0.00819, -0.63829, 0.769755, -0.002831, 0.239172, -0.748686, -0.61828, -1.2e-05, 0.0, 0.0, 0.0, 1.0],
                [0.97056, 0.186574, 0.152327, -0.125006, -0.014077, -0.587408, 0.809171, -0.002831, 0.240447, -0.787491, -0.567492, -1.2e-05, 0.0, 0.0, 0.0, 1.0],
                [0.969265, 0.190029, 0.15625, -0.125006, -0.031324, -0.53462, 0.844514, -0.002831, 0.244015, -0.823451, -0.51224, -1.2e-05, 0.0, 0.0, 0.0, 1.0],
                [0.966952, 0.19063, 0.169306, -0.125006, -0.056485, -0.487375, 0.871366, -0.002831, 0.248623, -0.852131, -0.460504, -1.2e-05, 0.0, 0.0, 0.0, 1.0],
                [0.96406, 0.189683, 0.186034, -0.125006, -0.081999, -0.453594, 0.88743, -0.002831, 0.252713, -0.87079, -0.421741, -1.2e-05, 0.0, 0.0, 0.0, 1.0],
                [0.961647, 0.188047, 0.199685, -0.125006, -0.100187, -0.436892, 0.893919, -0.002831, 0.255338, -0.879639, -0.401299, -1.2e-05, 0.0, 0.0, 0.0, 1.0],
                [0.960607, 0.186281, 0.206239, -0.125006, -0.107343, -0.435808, 0.893618, -0.002831, 0.256343, -0.880553, -0.398648, -1.2e-05, 0.0, 0.0, 0.0, 1.0],
                [0.960976, 0.182252, 0.208108, -0.125006, -0.103092, -0.462155, 0.880788, -0.002831, 0.256703, -0.86787, -0.425335, -1.2e-05, 0.0, 0.0, 0.0, 1.0],
                [0.962443, 0.172727, 0.209449, -0.125006, -0.088315, -0.530336, 0.843177, -0.002831, 0.256716, -0.830007, -0.495167, -1.2e-05, 0.0, 0.0, 0.0, 1.0],
                [0.964508, 0.158332, 0.211321, -0.125006, -0.067666, -0.625364, 0.777395, -0.002831, 0.255238, -0.764103, -0.592458, -1.2e-05, 0.0, 0.0, 0.0, 1.0],
                [0.96642, 0.142698, 0.213706, -0.125006, -0.048553, -0.71526, 0.697171, -0.002831, 0.252339, -0.684136, -0.684316, -1.2e-05, 0.0, 0.0, 0.0, 1.0],
                [0.967658, 0.131023, 0.215572, -0.125006, -0.036284, -0.773365, 0.632923, -0.002831, 0.249642, -0.620275, -0.743602, -1.2e-05, 0.0, 0.0, 0.0, 1.0],
                [0.968068, 0.126859, 0.216222, -0.125006, -0.032263, -0.792292, 0.60929, -0.002831, 0.248604, -0.596811, -0.762903, -1.2e-05, 0.0, 0.0, 0.0, 1.0],
                [0.968068, 0.126859, 0.216222, -0.125006, -0.032263, -0.792292, 0.60929, -0.002831, 0.248604, -0.596811, -0.762903, -1.2e-05, 0.0, 0.0, 0.0, 1.0]
            ]
        },
        {
            "name": "Leg_L",
