{
    "animation": [
        {
            "name": "Root",
            "time": [0.0, 0.0167, 0.0333, 0.05, 0.0667, 0.0833, 0.1, 0.1167, 0.1333, 0.15, 0.1667, 0.1833, 0.2, 0.2167, 0.2333, 0.25, 0.2667, 0.2833, 0.3, 0.3167, 0.3333, 0.35, 0.3667, 0.3833, 0.4, 0.4167, 0.4333, 0.45, 0.4667, 0.4833, 0.5, 0.5167, 0.5333, 0.55, 0.5667, 0.5833, 0.6, 0.6167, 0.6333, 0.65, 0.6667, 0.6833, 0.7, 0.7167, 0.7333, 0.75, 0.7667, 0.7833, 0.8, 0.8167, 0.8333, 0.85, 0.8667, 0.8833, 0.9, 0.9167, 0.9333, 0.95, 0.9667, 0.9833, 1.0, 1.0167, 1.0333, 1.05, 1.0667, 1.0833, 1.1, 1.1167, 1.1333, 1.15, 1.1667, 1.1833, 1.2],
            "transform": [
                [0.97749, 0.0, 0.210984, -5e-06, 0.210984, 0.0, -0.97749, 0.000946, 0.0, 1.0, 0.0, 0.739346, 0.0, 0.0, 0.0, 1.0],
                [0.976712, 0.0, 0.214556, -5e-06, 0.214556, 0.0, -0.976712, 0.000946, 0.0, 1.0, 0.0, 0.739418, 0.0, 0.0, 0.0, 1.0],
                [0.974483, 0.0, 0.22446, -5e-06, 0.22446, 0.0, -0.974483, 0.000946, 0.0, 1.0, 0.0, 0.739635, 0.0, 0.0, 0.0, 1.0],
                [0.970906, 0.0, 0.239461, -5e-06, 0.239461, 0.0, -0.970906, 0.000946, 0.0, 1.0, 0.0, 0.739984, 0.0, 0.0, 0.0, 1.0],
                [0.966062, 0.0, 0.258312, -5e-06, 0.258312, 0.0, -0.966062, 0.000946, 0.0, 1.0, 0.0, 0.740428, 0.0, 0.0, 0.0, 1.0],
                [0.960068, 0.0, 0.279768, -5e-06, 0.279768, 0.0, -0.960068, 0.000946, 0.0, 1.0, 0.0, 0.740907, 0.0, 0.0, 0.0, 1.0],
                [0.95312, 0.0, 0.302593, -5e-06, 0.302593, 0.0, -0.95312, 0.000946, 0.0, 1.0, 0.0, 0.741351, 0.0, 0.0, 0.0, 1.0],
                [0.945516, 0.0, 0.325575, -5e-06, 0.325575, 0.0, -0.945516, 0.000946, 0.0, 1.0, 0.0, 0.741699, 0.0, 0.0, 0.0, 1.0],
                [0.937666, 0.0, 0.347538, -5e-06, 0.347538, 0.0, -0.937666, 0.000946, 0.0, 1.0, 0.0, 0.741917, 0.0, 0.0, 0.0, 1.0],
                [0.930082, 0.0, 0.367352, -5e-06, 0.367352, 0.0, -0.930082, 0.000946, 0.0, 1.0, 0.0, 0.741989, 0.0, 0.0, 0.0, 1.0],
                [0.923269, -9.7e-05, 0.384154, 0.0, 0.384154, -3e-05, -0.923269, 0.000948, 0.000102, 1.0, 9e-06, 0.741758, 0.0, 0.0, 0.0, 1.0],
                [0.91738, -0.000357, 0.398012, 1.3e-05, 0.398012, -0.000115, -0.91738, 0.000952, 0.000374, 1.0, 3.7e-05, 0.741038, 0.0, 0.0, 0.0, 1.0],
                [0.91244, -0.000733, 0.40921, 3.2e-05, 0.40921, -0.00024, -0.91244, 0.000958, 0.000767, 1.0, 8e-05, 0.739821, 0.0, 0.0, 0.0, 1.0],
                [0.908439, -0.001177, 0.418017, 5.4e-05, 0.418016, -0.000393, -0.908439, 0.000966, 0.001233, 0.999999, 0.000135, 0.738157, 0.0, 0.0, 0.0, 1.0],
                [0.905338, -0.001644, 0.424689, 7.8e-05, 0.424689, -0.000555, -0.905339, 0.000974, 0.001724, 0.999999, 0.000196, 0.736174, 0.0, 0.0, 0.0, 1.0],
                [0.903077, -0.002087, 0.429474, 0.0001, 0.429473, -0.000711, -0.903079, 0.000982, 0.00219, 0.999998, 0.000254, 0.73405, 0.0, 0.0, 0.0, 1.0],
                [0.901579, -0.00246, 0.432608, 0.000118, 0.432607, -0.000843, -0.901582, 0.000989, 0.002583, 0.999997, 0.000305, 0.731964, 0.0, 0.0, 0.0, 1.0],
                [0.900754, -0.002719, 0.434322, 0.000131, 0.434321, -0.000934, -0.900758, 0.000993, 0.002855, 0.999996, 0.000339, 0.730053, 0.0, 0.0, 0.0, 1.0],
                [0.900502, -0.002815, 0.434843, 0.000136, 0.434842, -0.000968, -0.900506, 0.000995, 0.002956, 0.999996, 0.000352, 0.728394, 0.0, 0.0, 0.0, 1.0],
                [0.90123, -0.002719, 0.433332, 0.000131, 0.433331, -0.000933, -0.901235, 0.000993, 0.002855, 0.999996, 0.000338, 0.726729, 0.0, 0.0, 0.0, 1.0],
                [0.903328, -0.002462, 0.428943, 0.000118, 0.428942, -0.000838, -0.903332, 0.000988, 0.002583, 0.999997, 0.000299, 0.724803, 0.0, 0.0, 0.0, 1.0],
                [0.906645, -0.002089, 0.421889, 0.0001, 0.421888, -0.000702, -0.906648, 0.000982, 0.00219, 0.999998, 0.000245, 0.722693, 0.0, 0.0, 0.0, 1.0],
                [0.911014, -0.001647, 0.412372, 7.8e-05, 0.412372, -0.000543, -0.911016, 0.000974, 0.001724, 0.999999, 0.000184, 0.720538, 0.0, 0.0, 0.0, 1.0],
                [0.916257, -0.00118, 0.400589, 5.4e-05, 0.400589, -0.000381, -0.916258, 0.000965, 0.001234, 0.999999, 0.000124, 0.718521, 0.0, 0.0, 0.0, 1.0],
                [0.922192, -0.000735, 0.386733, 3.2e-05, 0.386733, -0.000231, -0.922192, 0.000958, 0.000767, 1.0, 7.1e-05, 0.716827, 0.0, 0.0, 0.0, 1.0],
                [0.928636, -0.000359, 0.370993, 1.3e-05, 0.370993, -0.00011, -0.928636, 0.000952, 0.000374, 1.0, 3.1e-05, 0.715586, 0.0, 0.0, 0.0, 1.0],
                [0.935413, -9.8e-05, 0.353556, 0.0, 0.353556, -2.9e-05, -0.935413, 0.000948, 0.000102, 1.0, 8e-06, 0.714851, 0.0, 0.0, 0.0, 1.0],
                [0.942356, 0.0, 0.334611, -5e-06, 0.334611, 0.0, -0.942356, 0.000946, 0.0, 1.0, 0.0, 0.714615, 0.0, 0.0, 0.0, 1.0],
                [0.949321, 0.0, 0.314308, -5e-06, 0.314308, 0.0, -0.949321, 0.000946, 0.0, 1.0, 0.0, 0.715222, 0.0, 0.0, 0.0, 1.0],
                [0.956187, 0.0, 0.292756, -5e-06, 0.292756, 0.0, -0.956187, 0.000946, 0.0, 1.0, 0.0, 0.717058, 0.0, 0.0, 0.0, 1.0],
                [0.962837, 0.0, 0.270083, -5e-06, 0.270083, 0.0, -0.962837, 0.000946, 0.0, 1.0, 0.0, 0.720037, 0.0, 0.0, 0.0, 1.0],
                [0.969161, 0.0, 0.246427, -5e-06, 0.246427, 0.0, -0.969161, 0.000946, 0.0, 1.0, 0.0, 0.723882, 0.0, 0.0, 0.0, 1.0],
                [0.975063, 0.0, 0.221928, -5e-06, 0.221928, 0.0, -0.975063, 0.000946, 0.0, 1.0, 0.0, 0.728125, 0.0, 0.0, 0.0, 1.0],
                [0.980456, 0.0, 0.196738, -5e-06, 0.196738, 0.0, -0.980456, 0.000946, 0.0, 1.0, 0.0, 0.732199, 0.0, 0.0, 0.0, 1.0],
                [0.985269, 0.0, 0.17101, -5e-06, 0.17101, 0.0, -0.985269, 0.000946, 0.0, 1.0, 0.0, 0.735606, 0.0, 0.0, 0.0, 1.0],
                [0.989446, 0.0, 0.144902, -5e-06, 0.144902, 0.0, -0.989446, 0.000946, 0.0, 1.0, 0.0, 0.738032, 0.0, 0.0, 0.0, 1.0],
                [0.992945, 0.0, 0.118578, -5e-06, 0.118578, 0.0, -0.992945, 0.000946, 0.0, 1.0, 0.0, 0.739346, 0.0, 0.0, 0.0, 1.0],
                [0.995741, 0.0, 0.092199, -5e-06, 0.092199, 0.0, -0.995741, 0.000946, 0.0, 1.0, 0.0, 0.740055, 0.0, 0.0, 0.0, 1.0],
                [0.997824, 0.0, 0.065929, -5e-06, 0.065929, 0.0, -0.997824, 0.000946, 0.0, 1.0, 0.0, 0.740665, 0.0, 0.0, 0.0, 1.0],
                [0.999202, 0.0, 0.03993, -5e-06, 0.03993, 0.0, -0.999202, 0.000946, 0.0, 1.0, 0.0, 0.741158, 0.0, 0.0, 0.0, 1.0],
                [0.999897, 0.0, 0.014363, -5e-06, 0.014363, 0.0, -0.999897, 0.000946, 0.0, 1.0, 0.0, 0.741523, 0.0, 0.0, 0.0, 1.0],
                [0.999944, 0.0, -0.010618, -5e-06, -0.010618, 0.0, -0.999944, 0.000946, 0.0, 1.0, 0.0, 0.741765, 0.0, 0.0, 0.0, 1.0],
                [0.999392, 0.0, -0.034861, -5e-06, -0.034861, 0.0, -0.999392, 0.000946, 0.0, 1.0, 0.0, 0.741903, 0.0, 0.0, 0.0, 1.0],
                [0.998304, 0.0, -0.058219, -5e-06, -0.058219, 0.0, -0.998304, 0.000946, 0.0, 1.0, 0.0, 0.741966, 0.0, 0.0, 0.0, 1.0],
                [0.99675, 0.0, -0.080552, -5e-06, -0.080552, 0.0, -0.99675, 0.000946, 0.0, 1.0, 0.0, 0.741987, 0.0, 0.0, 0.0, 1.0],
                [0.994813, 0.0, -0.101726, -5e-06, -0.101726, 0.0, -0.994813, 0.000946, 0.0, 1.0, 0.0, 0.741989, 0.0, 0.0, 0.0, 1.0],
                [0.992558, -0.006136, -0.121619, 0.000302, -0.121623, -0.000278, -0.992576, 0.00096, 0.006057, 0.999981, -0.001023, 0.741527, 0.0, 0.0, 0.0, 1.0],
                [0.989891, -0.0226, -0.140016, 0.001125, -0.14007, -0.000815, -0.990141, 0.000987, 0.022263, 0.999744, -0.003972, 0.740115, 0.0, 0.0, 0.0, 1.0],
                [0.986566, -0.046456, -0.156617, 0.002318, -0.156845, -0.001281, -0.987622, 0.00101, 0.04568, 0.99892, -0.00855, 0.73779, 0.0, 0.0, 0.0, 1.0],
                [0.982412, -0.074734, -0.171119, 0.003732, -0.17171, -0.001498, -0.985147, 0.001021, 0.073368, 0.997202, -0.014304, 0.734715, 0.0, 0.0, 0.0, 1.0],
                [0.977501, -0.104443, -0.18326, 0.005218, -0.184414, -0.001419, -0.982848, 0.001017, 0.102392, 0.99453, -0.020648, 0.731193, 0.0, 0.0, 0.0, 1.0],
                [0.972229, -0.132597, -0.192845, 0.006625, -0.194708, -0.001107, -0.980861, 0.001002, 0.129846, 0.991169, -0.026894, 0.727598, 0.0, 0.0, 0.0, 1.0],
                [0.967306, -0.156257, -0.199756, 0.007808, -0.202348, -0.000694, -0.979313, 0.000981, 0.152886, 0.987716, -0.032289, 0.724271, 0.0, 0.0, 0.0, 1.0],
                [0.963659, -0.172541, -0.203938, 0.008622, -0.207102, -0.000345, -0.978319, 0.000964, 0.16873, 0.985002, -0.036066, 0.721426, 0.0, 0.0, 0.0, 1.0],
                [0.962254, -0.178604, -0.205346, 0.008926, -0.208739, -0.000207, -0.977971, 0.000957, 0.174627, 0.983921, -0.03748, 0.719152, 0.0, 0.0, 0.0, 1.0],
                [0.963862, -0.17254, -0.202977, 0.008622, -0.206141, -0.00043, -0.978522, 0.000968, 0.168747, 0.985002, -0.035982, 0.717085, 0.0, 0.0, 0.0, 1.0],
                [0.968082, -0.156253, -0.195965, 0.007808, -0.198556, -0.000998, -0.980089, 0.000996, 0.152946, 0.987717, -0.031991, 0.714916, 0.0, 0.0, 0.0, 1.0],
                [0.973863, -0.132589, -0.184419, 0.006625, -0.186282, -0.001678, -0.982495, 0.00103, 0.129959, 0.99117, -0.026334, 0.712764, 0.0, 0.0, 0.0, 1.0],
                [0.980161, -0.104429, -0.168464, 0.005217, -0.169618, -0.002207, -0.985507, 0.001057, 0.102544, 0.99453, -0.019876, 0.710769, 0.0, 0.0, 0.0, 1.0],
                [0.986118, -0.074713, -0.148288, 0.003731, -0.148878, -0.002363, -0.988853, 0.001065, 0.07353, 0.997202, -0.013453, 0.709067, 0.0, 0.0, 0.0, 1.0],
                [0.991175, -0.04643, -0.124164, 0.002317, -0.124392, -0.002042, -0.992231, 0.001049, 0.045816, 0.998919, -0.0078, 0.707755, 0.0, 0.0, 0.0, 1.0],
                [0.995083, -0.022578, -0.096439, 0.001124, -0.096493, -0.00131, -0.995333, 0.001012, 0.022346, 0.999744, -0.003483, 0.706869, 0.0, 0.0, 0.0, 1.0],
                [0.997834, -0.006126, -0.065498, 0.000302, -0.065502, -0.000451, -0.997852, 0.000969, 0.006084, 0.999981, -0.000852, 0.706381, 0.0, 0.0, 0.0, 1.0],
                [0.999497, 0.0, -0.031726, -5e-06, -0.031726, 0.0, -0.999497, 0.000946, 0.0, 1.0, 0.0, 0.706232, 0.0, 0.0, 0.0, 1.0],
                [0.999991, 0.0, 0.00435, -5e-06, 0.00435, 0.0, -0.999991, 0.000946, 0.0, 1.0, 0.0, 0.707139, 0.0, 0.0, 0.0, 1.0],
                [0.999139, 0.0, 0.041485, -5e-06, 0.041485, 0.0, -0.999139, 0.000946, 0.0, 1.0, 0.0, 0.709861, 0.0, 0.0, 0.0, 1.0],
                [0.996935, 0.0, 0.078232, -5e-06, 0.078232, 0.0, -0.996935, 0.000946, 0.0, 1.0, 0.0, 0.714231, 0.0, 0.0, 0.0, 1.0],
                [0.993579, 0.0, 0.113138, -5e-06, 0.113138, 0.0, -0.993579, 0.000946, 0.0, 1.0, 0.0, 0.71979, 0.0, 0.0, 0.0, 1.0],
                [0.989465, 0.0, 0.144769, -5e-06, 0.144769, 0.0, -0.989465, 0.000946, 0.0, 1.0, 0.0, 0.725788, 0.0, 0.0, 0.0, 1.0],
                [0.985145, 0.0, 0.171723, -5e-06, 0.171723, 0.0, -0.985145, 0.000946, 0.0, 1.0, 0.0, 0.731347, 0.0, 0.0, 0.0, 1.0],
                [0.98127, 0.0, 0.192636, -5e-06, 0.192636, 0.0, -0.98127, 0.000946, 0.0, 1.0, 0.0, 0.735717, 0.0, 0.0, 0.0, 1.0],
                [0.978516, 0.0, 0.20617, -5e-06, 0.20617, 0.0, -0.978516, 0.000946, 0.0, 1.0, 0.0, 0.738439, 0.0, 0.0, 0.0, 1.0],
                [0.97749, 0.0, 0.210984, -5e-06, 0.210984, 0.0, -0.97749, 0.000946, 0.0, 1.0, 0.0, 0.739346, 0.0, 0.0, 0.0, 1.0],
                [0.97749, 0.0, 0.210984, -5e-06, 0.210984, 0.0, -0.97749, 0.000946, 0.0, 1.0, 0.0, 0.739346, 0.0, 0.0, 0.0, 1.0]
            ]
        },
        {
            "name": "Thigh_R",
            "time": [0.0, 0.0167, 0.0333, 0.05, 0.0667, 0.0833, 0.1, 0.1167, 0.1333, 0.15, 0.1667, 0.1833, 0.2, 0.2167, 0.2333, 0.25, 0.2667, 0.2833, 0.3, 0.3167, 0.3333, 0.35, 0.3667, 0.3833, 0.4, 0.4167, 0.4333, 0.45, 0.4667, 0.4833, 0.5, 0.5167, 0.5333, 0.55, 0.5667, 0.5833, 0.6, 0.6167, 0.6333, 0.65, 0.6667, 0.6833, 0.7, 0.7167, 0.7333, 0.75, 0.7667, 0.7833, 0.8, 0.8167, 0.8333, 0.85, 0.8667, 0.8833, 0.9, 0.9167, 0.9333, 0.95, 0.9667, 0.9833, 1.0, 1.0167, 1.0333, 1.05, 1.0667, 1.0833, 1.1, 1.1167, 1.1333, 1.15, 1.1667, 1.1833, 1.2],
            "transform": [
                [0.970091, 0.027253, 0.241209, 0.124994, -0.033561, -0.969077, 0.244468, -0.002831, 0.240411, -0.245253, -0.939181, -1.2e-05, 0.0, 0.0, 0.0, 1.0],
                [0.968859, 0.053172, 0.241839, 0.124994, -0.035654, -0.936538, 0.34875, -0.002831, 0.245034, -0.346514, -0.90548, -1.2e-05, 0.0, 0.0, 0.0, 1.0],
                [0.965917, 0.079967, 0.246191, 0.124994, -0.037577, -0.897691, 0.43902, -0.002831, 0.25611, -0.433309, -0.864094, -1.2e-05, 0.0, 0.0, 0.0, 1.0],
                [0.961376, 0.108282, 0.253048, 0.124994, -0.039397, -0.855761, 0.51587, -0.002831, 0.272407, -0.505915, -0.818445, -1.2e-05, 0.0, 0.0, 0.0, 1.0],
                [0.955321, 0.137931, 0.261413, 0.124994, -0.041184, -0.81369, 0.579839, -0.002831, 0.292686, -0.564699, -0.771659, -1.2e-05, 0.0, 0.0, 0.0, 1.0],
                [0.947882, 0.168108, 0.270665, 0.124994, -0.043021, -0.77418, 0.631502, -0.002831, 0.315703, -0.610234, -0.726603, -1.2e-05, 0.0, 0.0, 0.0, 1.0],
                [0.939266, 0.19755, 0.280633, 0.124994, -0.045012, -0.739738, 0.671389, -0.002831, 0.340226, -0.643245, -0.685922, -1.2e-05, 0.0, 0.0, 0.0, 1.0],
                [0.929789, 0.224579, 0.291645, 0.124994, -0.047284, -0.712875, 0.699696, -0.002831, 0.365042, -0.66436, -0.652208, -1.2e-05, 0.0, 0.0, 0.0, 1.0],
                [0.919893, 0.247111, 0.304523, 0.124994, -0.049983, -0.696296, 0.716014, -0.002831, 0.388971, -0.673876, -0.62817, -1.2e-05, 0.0, 0.0, 0.0, 1.0],
                [0.910135, 0.262272, 0.320733, 0.124994, -0.05327, -0.693627, 0.718364, -0.002831, 0.410874, -0.670892, -0.617326, -1.2e-05, 0.0, 0.0, 0.0, 1.0],
                [0.902499, 0.266617, 0.33825, 0.124994, -0.05142, -0.713041, 0.699236, -0.002831, 0.427612, -0.648451, -0.629813, -1.2e-05, 0.0, 0.0, 0.0, 1.0],
                [0.895934, 0.268047, 0.354196, 0.124994, -0.049985, -0.731493, 0.680016, -0.002831, 0.441366, -0.626953, -0.641974, -1.2e-05, 0.0, 0.0, 0.0, 1.0],
                [0.890464, 0.266984, 0.368504, 0.124994, -0.048906, -0.748959, 0.660811, -0.002831, 0.452418, -0.606449, -0.653867, -1.2e-05, 0.0, 0.0, 0.0, 1.0],
                [0.886073, 0.26377, 0.381183, 0.124994, -0.048118, -0.765538, 0.641591, -0.002831, 0.461041, -0.586838, -0.665634, -1.2e-05, 0.0, 0.0, 0.0, 1.0],
                [0.882715, 0.258516, 0.392408, 0.124994, -0.047549, -0.781646, 0.621909, -0.002831, 0.467496, -0.567626, -0.677682, -1.2e-05, 0.0, 0.0, 0.0, 1.0],
                [0.880319, 0.25118, 0.402429, 0.124994, -0.047126, -0.797816, 0.601058, -0.002831, 0.472035, -0.548087, -0.690499, -1.2e-05, 0.0, 0.0, 0.0, 1.0],
                [0.878793, 0.241464, 0.411606, 0.124994, -0.046774, -0.814796, 0.577859, -0.002831, 0.474905, -0.52707, -0.704746, -1.2e-05, 0.0, 0.0, 0.0, 1.0],
                [0.878034, 0.228915, 0.420306, 0.124994, -0.046422, -0.83332, 0.55084, -0.002831, 0.476343, -0.503166, -0.72106, -1.2e-05, 0.0, 0.0, 0.0, 1.0],
                [0.877926, 0.212634, 0.428991, 0.124994, -0.046001, -0.854373, 0.517622, -0.002831, 0.47658, -0.474167, -0.740299, -1.2e-05, 0.0, 0.0, 0.0, 1.0],
                [0.879016, 0.213393, 0.426375, 0.124994, -0.045146, -0.852984, 0.519981, -0.002831, 0.47465, -0.47632, -0.740157, -1.2e-05, 0.0, 0.0, 0.0, 1.0],
                [0.881666, 0.212466, 0.421338, 0.124994, -0.044376, -0.851608, 0.522299, -0.002831, 0.469783, -0.47919, -0.741408, -1.2e-05, 0.0, 0.0, 0.0, 1.0],
                [0.885699, 0.209751, 0.414178, 0.124994, -0.043714, -0.850479, 0.52419, -0.002831, 0.462197, -0.482379, -0.744103, -1.2e-05, 0.0, 0.0, 0.0, 1.0],
                [0.890922, 0.205096, 0.405212, 0.124994, -0.043177, -0.849931, 0.525124, -0.002831, 0.452101, -0.485339, -0.748369, -1.2e-05, 0.0, 0.0, 0.0, 1.0],
                [0.897126, 0.198371, 0.394735, 0.124994, -0.042777, -0.85031, 0.524543, -0.002831, 0.439699, -0.487465, -0.754352, -1.2e-05, 0.0, 0.0, 0.0, 1.0],
                [0.904103, 0.18934, 0.38308, 0.124994, -0.042528, -0.852158, 0.521556, -0.002831, 0.425194, -0.487831, -0.762389, -1.2e-05, 0.0, 0.0, 0.0, 1.0],
                [0.911644, 0.178053, 0.370409, 0.124994, -0.042441, -0.855674, 0.515774, -0.002831, 0.408783, -0.485922, -0.772516, -1.2e-05, 0.0, 0.0, 0.0, 1.0],
                [0.919551, 0.164685, 0.3568, 0.124994, -0.042535, -0.860905, 0.506986, -0.002831, 0.390662, -0.481375, -0.784644, -1.2e-05, 0.0, 0.0, 0.0, 1.0],
                [0.927634, 0.149509, 0.342262, 0.124994, -0.042833, -0.867752, 0.49515, -0.002831, 0.371026, -0.473977, -0.798556, -1.2e-05, 0.0, 0.0, 0.0, 1.0],
                [0.93612, 0.139284, 0.322926, 0.124994, -0.041098, -0.868611, 0.493789, -0.002831, 0.349272, -0.475516, -0.807403, -1.2e-05, 0.0, 0.0, 0.0, 1.0],
                [0.944443, 0.125992, 0.303571, 0.124994, -0.039385, -0.873573, 0.485098, -0.002831, 0.326308, -0.470103, -0.820081, -1.2e-05, 0.0, 0.0, 0.0, 1.0],
                [0.952479, 0.110516, 0.283851, 0.124994, -0.037681, -0.881954, 0.469827, -0.002831, 0.302265, -0.458196, -0.835882, -1.2e-05, 0.0, 0.0, 0.0, 1.0],
                [0.960116, 0.093831, 0.263387, 0.124994, -0.035979, -0.892715, 0.449185, -0.002831, 0.277276, -0.440746, -0.853738, -1.2e-05, 0.0, 0.0, 0.0, 1.0],
                [0.967256, 0.077051, 0.241825, 0.124994, -0.034282, -0.904407, 0.425291, -0.002831, 0.251477, -0.419656, -0.872156, -1.2e-05, 0.0, 0.0, 0.0, 1.0],
                [0.973811, 0.061134, 0.218987, 0.124994, -0.032595, -0.915683, 0.400578, -0.002831, 0.225011, -0.397225, -0.889714, -1.2e-05, 0.0, 0.0, 0.0, 1.0],
                [0.979708, 0.046826, 0.194883, 0.124994, -0.030917, -0.925383, 0.377772, -0.002831, 0.19803, -0.376131, -0.905161, -1.2e-05, 0.0, 0.0, 0.0, 1.0],
                [0.98489, 0.03442, 0.169727, 0.124994, -0.029239, -0.932931, 0.358866, -0.002831, 0.170695, -0.358406, -0.917832, -1.2e-05, 0.0, 0.0, 0.0, 1.0],
                [0.989314, 0.023863, 0.143835, 0.124994, -0.027547, -0.938154, 0.345122, -0.002831, 0.143174, -0.345396, -0.927476, -1.2e-05, 0.0, 0.0, 0.0, 1.0],
                [0.992829, 0.013259, 0.11881, 0.124994, -0.027442, -0.942015, 0.334446, -0.002831, 0.116355, -0.335308, -0.9349, -1.2e-05, 0.0, 0.0, 0.0, 1.0],
                [0.995595, 0.002259, 0.093728, 0.124994, -0.027281, -0.949472, 0.312665, -0.002831, 0.089698, -0.313845, -0.945232, -1.2e-05, 0.0, 0.0, 0.0, 1.0],
                [0.997624, -0.008007, 0.068427, 0.124994, -0.02705, -0.95899, 0.282148, -0.002831, 0.063362, -0.283329, -0.956932, -1.2e-05, 0.0, 0.0, 0.0, 1.0],
                [0.998939, -0.016763, 0.0429, 0.124994, -0.02674, -0.969445, 0.243847, -0.002831, 0.037501, -0.244736, -0.968869, -1.2e-05, 0.0, 0.0, 0.0, 1.0],
                [0.999578, -0.023388, 0.017253, 0.124994, -0.026347, -0.979801, 0.198234, -0.002831, 0.012268, -0.198606, -0.980007, -1.2e-05, 0.0, 0.0, 0.0, 1.0],
                [0.999591, -0.027366, -0.008306, 0.124994, -0.02587, -0.989047, 0.145314, -0.002831, -0.012192, -0.145041, -0.989355, -1.2e-05, 0.0, 0.0, 0.0, 1.0],
                [0.99904, -0.02823, -0.033479, 0.124994, -0.02531, -0.996091, 0.084626, -0.002831, -0.035737, -0.083698, -0.995854, -1.2e-05, 0.0, 0.0, 0.0, 1.0],
                [0.997998, -0.025536, -0.057858, 0.124994, -0.024675, -0.999575, 0.015545, -0.002831, -0.05823, -0.014088, -0.998208, -1.2e-05, 0.0, 0.0, 0.0, 1.0],
                [0.996543, -0.018762, -0.080931, 0.124994, -0.023976, -0.997666, -0.063946, -0.002831, -0.079542, 0.065664, -0.99467, -1.2e-05, 0.0, 0.0, 0.0, 1.0],
                [0.99458, -0.022669, -0.101469, 0.124994, -0.030489, -0.996627, -0.076192, -0.002831, -0.099399, 0.078872, -0.991921, -1.2e-05, 0.0, 0.0, 0.0, 1.0],
                [0.991854, -0.036589, -0.122014, 0.124994, -0.048075, -0.994546, -0.092565, -0.002831, -0.117961, 0.097675, -0.988207, -1.2e-05, 0.0, 0.0, 0.0, 1.0],
                [0.988138, -0.057202, -0.142514, 0.124994, -0.073502, -0.991, -0.111874, -0.002831, -0.134831, 0.121021, -0.983454, -1.2e-05, 0.0, 0.0, 0.0, 1.0],
                [0.98331, -0.081267, -0.162777, 0.124994, -0.103512, -0.985669, -0.133204, -0.002831, -0.149618, 0.147829, -0.977634, -1.2e-05, 0.0, 0.0, 0.0, 1.0],
                [0.97753, -0.105486, -0.182504, 0.124994, -0.134879, -0.978351, -0.156962, -0.002831, -0.161995, 0.17805, -0.9706, -1.2e-05, 0.0, 0.0, 0.0, 1.0],
                [0.971319, -0.126354, -0.201432, 0.124994, -0.16446, -0.968819, -0.185318, -0.002831, -0.171735, 0.213128, -0.961816, -1.2e-05, 0.0, 0.0, 0.0, 1.0],
                [0.96553, -0.139282, -0.219894, 0.124994, -0.189245, -0.955652, -0.225644, -0.002831, -0.178713, 0.259478, -0.949073, -1.2e-05, 0.0, 0.0, 0.0, 1.0],
                [0.961236, -0.142154, -0.236257, 0.124994, -0.206338, -0.939221, -0.274388, -0.002831, -0.182891, 0.312499, -0.932149, -1.2e-05, 0.0, 0.0, 0.0, 1.0],
                [0.959555, -0.147903, -0.239542, 0.124994, -0.212837, -0.938064, -0.273383, -0.002831, -0.184271, 0.313308, -0.931606, -1.2e-05, 0.0, 0.0, 0.0, 1.0],
                [0.961277, -0.166549, -0.219563, 0.124994, -0.207176, -0.962116, -0.177233, -0.002831, -0.181726, 0.215857, -0.959369, -1.2e-05, 0.0, 0.0, 0.0, 1.0],
                [0.96593, -0.166999, -0.197716, 0.124994, -0.191116, -0.975405, -0.109819, -0.002831, -0.174513, 0.143862, -0.974093, -1.2e-05, 0.0, 0.0, 0.0, 1.0],
                [0.972358, -0.15442, -0.175143, 0.124994, -0.167458, -0.983916, -0.062193, -0.002831, -0.162721, 0.089802, -0.982581, -1.2e-05, 0.0, 0.0, 0.0, 1.0],
                [0.979398, -0.133747, -0.151295, 0.124994, -0.139035, -0.989975, -0.024882, -0.002831, -0.14645, 0.045403, -0.988179, -1.2e-05, 0.0, 0.0, 0.0, 1.0],
                [0.986062, -0.108533, -0.126107, 0.124994, -0.108802, -0.994053, 0.004768, -0.002831, -0.125874, 0.009018, -0.992009, -1.2e-05, 0.0, 0.0, 0.0, 1.0],
                [0.991649, -0.082217, -0.099363, 0.124994, -0.079845, -0.996424, 0.027626, -0.002831, -0.101279, -0.019464, -0.994671, -1.2e-05, 0.0, 0.0, 0.0, 1.0],
                [0.99579, -0.058375, -0.070667, 0.124994, -0.055352, -0.997497, 0.044005, -0.002831, -0.073059, -0.03991, -0.996532, -1.2e-05, 0.0, 0.0, 0.0, 1.0],
                [0.998387, -0.04072, -0.039568, 0.124994, -0.038556, -0.997797, 0.053987, -0.002831, -0.041679, -0.052377, -0.997761, -1.2e-05, 0.0, 0.0, 0.0, 1.0],
                [0.999437, -0.033044, -0.005746, 0.124994, -0.032664, -0.997844, 0.056928, -0.002831, -0.007614, -0.05671, -0.998365, -1.2e-05, 0.0, 0.0, 0.0, 1.0],
                [0.999023, -0.030933, 0.031563, 0.124994, -0.033468, -0.995966, 0.083256, -0.002831, 0.02886, -0.084233, -0.996032, -1.2e-05, 0.0, 0.0, 0.0, 1.0],
                [0.997211, -0.026675, 0.069697, 0.124994, -0.03388, -0.993967, 0.104319, -0.002831, 0.066494, -0.106391, -0.992103, -1.2e-05, 0.0, 0.0, 0.0, 1.0],
                [0.994017, -0.020865, 0.107217, 0.124994, -0.033908, -0.992037, 0.121299, -0.002831, 0.103832, -0.124211, -0.986812, -1.2e-05, 0.0, 0.0, 0.0, 1.0],
                [0.989665, -0.014026, 0.142714, 0.124994, -0.033634, -0.990149, 0.135923, -0.002831, 0.139401, -0.139321, -0.98039, -1.2e-05, 0.0, 0.0, 0.0, 1.0],
                [0.984584, -0.00649, 0.174791, 0.124994, -0.033201, -0.988078, 0.150332, -0.002831, 0.171731, -0.15382, -0.973065, -1.2e-05, 0.0, 0.0, 0.0, 1.0],
                [0.979373, 0.001621, 0.202054, 0.124994, -0.032792, -0.985437, 0.166849, -0.002831, 0.199381, -0.170035, -0.965061, -1.2e-05, 0.0, 0.0, 0.0, 1.0],
                [0.974739, 0.010226, 0.223111, 0.124994, -0.032599, -0.98174, 0.187415, -0.002831, 0.220953, -0.189955, -0.956611, -1.2e-05, 0.0, 0.0, 0.0, 1.0],
                [0.971422, 0.019016, 0.236597, 0.124994, -0.032803, -0.976466, 0.213162, -0.002831, 0.235082, -0.214834, -0.94794, -1.2e-05, 0.0, 0.0, 0.0, 1.0],
                [0.970091, 0.027253, 0.241209, 0.124994, -0.033561, -0.969077, 0.244468, -0.002831, 0.240411, -0.245253, -0.939181, -1.2e-05, 0.0, 0.0, 0.0, 1.0],
                [0.970091, 0.027253, 0.241209, 0.124994, -0.033561, -0.969077, 0.244468, -0.002831, 0.240411, -0.245253, -0.939181, -1.2e-05, 0.0, 0.0, 0.0, 1.0]
            ]
        },
        {
            "name": "Leg_R",
            "time": [0.0, 0.0167, 0.0333, 0.05, 0.0667, 0.0833, 0.1, 0.1167, 0.1333, 0.15, 0.1667, 0.1833, 0.2, 0.2167, 0.2333, 0.25, 0.2667, 0.2833, 0.3, 0.3167, 0.3333, 0.35, 0.3667, 0.3833, 0.4, 0.4167, 0.4333, 0.45, 0.4667, 0.4833, 0.5, 0.5167, 0.5333, 0.55, 0.5667, 0.5833, 0.6, 0.6167, 0.6333, 0.65, 0.6667, 0.6833, 0.7, 0.7167, 0.7333, 0.75, 0.7667, 0.7833, 0.8, 0.8167, 0.8333, 0.85, 0.8667, 0.8833, 0.9, 0.9167, 0.9333, 0.95, 0.9667, 0.9833, 1.0, 1.0167, 1.0333, 1.05, 1.0667, 1.0833, 1.1, 1.1167, 1.1333, 1.15, 1.1667, 1.1833, 1.2],
            "transform": [
                [0.999999, -0.000972, -0.00068, 0.0, 0.001072, 0.494604, 0.869121, 0.375166, -0.000508, -0.869116, 0.494603, 0.0, 0.0, 0.0, 0.0, 1.0],
                [0.999999, -0.001003, -0.000738, -0.0, 0.001106, 0.442565, 0.896738, 0.375166, -0.000572, -0.896734, 0.442564, -0.0, 0.0, 0.0, 0.0, 1.0],
                [0.999999, -0.001019, -0.000773, 0.0, 0.001124, 0.411207, 0.911544, 0.375166, -0.000611, -0.911539, 0.411206, -0.0, 0.0, 0.0, 0.0, 1.0],
                [0.999999, -0.001025, -0.000786, -0.0, 0.001131, 0.399591, 0.916695, 0.375166, -0.000625, -0.916691, 0.39959, -0.0, 0.0, 0.0, 0.0, 1.0],
                [0.999999, -0.001022, -0.000778, 0.0, 0.001127, 0.4069, 0.913474, 0.375166, -0.000616, -0.91347, 0.4069, -0.0, 0.0, 0.0, 0.0, 1.0],
                [0.999999, -0.001008, -0.00075, -0.0, 0.001112, 0.43244, 0.901664, 0.375166, -0.000585, -0.90166, 0.432439, 0.0, 0.0, 0.0, 0.0, 1.0],
                [0.999999, -0.000984, -0.000701, -0.0, 0.001085, 0.475689, 0.879615, 0.375166, -0.000531, -0.879611, 0.475688, -0.0, 0.0, 0.0, 0.0, 1.0],
                [0.999999, -0.000944, -0.000633, 0.0, 0.001041, 0.536514, 0.843893, 0.375166, -0.000456, -0.84389, 0.536513, 0.0, 0.0, 0.0, 0.0, 1.0],
                [0.999999, -0.000882, -0.000546, -0.0, 0.000973, 0.614901, 0.788606, 0.375166, -0.00036, -0.788602, 0.6149, -0.0, 0.0, 0.0, 0.0, 1.0],
                [1.0, -0.000786, -0.000438, 0.0, 0.000867, 0.711061, 0.703133, 0.375166, -0.000241, -0.703129, 0.71106, 0.0, 0.0, 0.0, 0.0, 1.0],
                [1.0, -0.000754, -0.000407, -0.0, 0.000831, 0.738593, 0.674153, 0.375166, -0.000207, -0.67415, 0.738592, 0.0, 0.0, 0.0, 0.0, 1.0],
                [0.999999, -0.00072, -0.000378, -0.0, 0.000794, 0.765156, 0.643847, 0.375166, -0.000175, -0.643844, 0.765155, 0.0, 0.0, 0.0, 0.0, 1.0],
                [1.0, -0.000685, -0.000349, 0.0, 0.000755, 0.790531, 0.612424, 0.375166, -0.000143, -0.612421, 0.79053, 0.0, 0.0, 0.0, 0.0, 1.0],
                [1.0, -0.000648, -0.000322, 0.0, 0.000715, 0.814709, 0.579872, 0.375166, -0.000113, -0.579869, 0.814708, 0.0, 0.0, 0.0, 0.0, 1.0],
                [0.999999, -0.00061, -0.000296, -0.0, 0.000673, 0.838208, 0.545352, 0.375166, -8.5e-05, -0.545349, 0.838207, -0.0, 0.0, 0.0, 0.0, 1.0],
                [0.999999, -0.000568, -0.00027, -0.0, 0.000626, 0.861658, 0.507491, 0.375166, -5.6e-05, -0.507489, 0.861657, 0.0, 0.0, 0.0, 0.0, 1.0],
                [1.0, -0.000519, -0.000243, 0.0, 0.000572, 0.885902, 0.463873, 0.375166, -2.6e-05, -0.463871, 0.885902, -0.0, 0.0, 0.0, 0.0, 1.0],
                [1.0, -0.00046, -0.000214, 0.0, 0.000507, 0.911471, 0.411366, 0.375166, 6e-06, -0.411364, 0.91147, -0.0, 0.0, 0.0, 0.0, 1.0],
                [1.0, -0.000386, -0.000184, -0.0, 0.000425, 0.938678, 0.344796, 0.375166, 3.9e-05, -0.344795, 0.938677, 0.0, 0.0, 0.0, 0.0, 1.0],
                [1.0, -0.000415, -0.000195, -0.0, 0.000458, 0.928527, 0.371267, 0.375166, 2.7e-05, -0.371265, 0.928527, 0.0, 0.0, 0.0, 0.0, 1.0],
                [1.0, -0.000443, -0.000207, 0.0, 0.000489, 0.918134, 0.39627, 0.375166, 1.4e-05, -0.396268, 0.918134, -0.0, 0.0, 0.0, 0.0, 1.0],
                [1.0, -0.000469, -0.000218, -0.0, 0.000517, 0.907906, 0.419177, 0.375166, 1e-06, -0.419174, 0.907905, 0.0, 0.0, 0.0, 0.0, 1.0],
                [1.0, -0.000491, -0.000229, 0.0, 0.000542, 0.898431, 0.439115, 0.375166, -1e-05, -0.439113, 0.898431, -0.0, 0.0, 0.0, 0.0, 1.0],
                [0.999999, -0.000509, -0.000238, 0.0, 0.000561, 0.890385, 0.455211, 0.375166, -2e-05, -0.455209, 0.890383, 0.0, 0.0, 0.0, 0.0, 1.0],
                [1.0, -0.000521, -0.000244, 0.0, 0.000575, 0.884825, 0.465926, 0.375166, -2.7e-05, -0.465923, 0.884824, 0.0, 0.0, 0.0, 0.0, 1.0],
                [1.0, -0.000526, -0.000247, 0.0, 0.000581, 0.882277, 0.470732, 0.375166, -3e-05, -0.47073, 0.882277, -0.0, 0.0, 0.0, 0.0, 1.0],
                [1.0, -0.000525, -0.000246, 0.0, 0.000579, 0.882987, 0.4694, 0.375166, -2.9e-05, -0.469397, 0.882986, -0.0, 0.0, 0.0, 0.0, 1.0],
                [1.0, -0.000517, -0.000242, -0.0, 0.00057, 0.886896, 0.461972, 0.375166, -2.4e-05, -0.46197, 0.886895, -0.0, 0.0, 0.0, 0.0, 1.0],
                [1.0, -0.000547, -0.000258, 0.0, 0.000603, 0.872128, 0.489281, 0.375166, -4.3e-05, -0.489279, 0.872127, -0.0, 0.0, 0.0, 0.0, 1.0],
                [1.0, -0.000562, -0.000266, -0.0, 0.000619, 0.864732, 0.502236, 0.375166, -5.2e-05, -0.502233, 0.864731, -0.0, 0.0, 0.0, 0.0, 1.0],
                [1.0, -0.000562, -0.000267, 0.0, 0.00062, 0.864448, 0.502723, 0.375166, -5.2e-05, -0.502721, 0.864447, -0.0, 0.0, 0.0, 0.0, 1.0],
                [1.0, -0.000552, -0.00026, 0.0, 0.000608, 0.869919, 0.493197, 0.375166, -4.5e-05, -0.493194, 0.869918, -0.0, 0.0, 0.0, 0.0, 1.0],
                [1.0, -0.000534, -0.000251, -0.0, 0.000589, 0.878567, 0.477622, 0.375166, -3.5e-05, -0.477619, 0.878566, -0.0, 0.0, 0.0, 0.0, 1.0],
                [1.0, -0.000515, -0.000241, -0.0, 0.000568, 0.887674, 0.460474, 0.375166, -2.4e-05, -0.460471, 0.887673, -0.0, 0.0, 0.0, 0.0, 1.0],
                [1.0, -0.0005, -0.000233, 0.0, 0.000551, 0.89461, 0.446851, 0.375166, -1.5e-05, -0.446848, 0.894609, -0.0, 0.0, 0.0, 0.0, 1.0],
                [1.0, -0.000493, -0.000229, -0.0, 0.000543, 0.897742, 0.440524, 0.375166, -1.1e-05, -0.440522, 0.897741, 0.0, 0.0, 0.0, 0.0, 1.0],
                [1.0, -0.000496, -0.000231, 0.0, 0.000547, 0.896084, 0.443886, 0.375166, -1.3e-05, -0.443884, 0.896084, -0.0, 0.0, 0.0, 0.0, 1.0],
                [0.999999, -0.000565, -0.000268, 0.0, 0.000623, 0.862802, 0.505544, 0.375166, -5.4e-05, -0.505541, 0.862801, 0.0, 0.0, 0.0, 0.0, 1.0],
                [0.999999, -0.000611, -0.000297, -0.0, 0.000674, 0.837426, 0.546553, 0.375166, -8.5e-05, -0.54655, 0.837425, -0.0, 0.0, 0.0, 0.0, 1.0],
                [1.0, -0.00064, -0.000317, -0.0, 0.000706, 0.81978, 0.572681, 0.375166, -0.000107, -0.572677, 0.819779, -0.0, 0.0, 0.0, 0.0, 1.0],
                [1.0, -0.000656, -0.000328, -0.0, 0.000723, 0.809965, 0.586481, 0.375166, -0.000119, -0.586478, 0.809963, -0.0, 0.0, 0.0, 0.0, 1.0],
                [1.0, -0.000659, -0.00033, -0.0, 0.000727, 0.808006, 0.589177, 0.375166, -0.000122, -0.589174, 0.808004, 0.0, 0.0, 0.0, 0.0, 1.0],
                [1.0, -0.000649, -0.000323, -0.0, 0.000716, 0.814082, 0.580752, 0.375166, -0.000114, -0.580749, 0.814081, 0.0, 0.0, 0.0, 0.0, 1.0],
                [1.0, -0.000626, -0.000307, 0.0, 0.000691, 0.828538, 0.559935, 0.375166, -9.6e-05, -0.559932, 0.828537, -0.0, 0.0, 0.0, 0.0, 1.0],
                [1.0, -0.000587, -0.000281, 0.0, 0.000647, 0.851375, 0.52456, 0.375166, -6.8e-05, -0.524557, 0.851374, -0.0, 0.0, 0.0, 0.0, 1.0],
                [1.0, -0.000525, -0.000246, 0.0, 0.000579, 0.883096, 0.469194, 0.375166, -2.9e-05, -0.469192, 0.883095, 0.0, 0.0, 0.0, 0.0, 1.0],
                [1.0, -0.000492, -0.000229, -0.0, 0.000543, 0.89791, 0.440181, 0.375166, -1.1e-05, -0.440178, 0.897909, 0.0, 0.0, 0.0, 0.0, 1.0],
                [1.0, -0.000452, -0.00021, 0.0, 0.000498, 0.914675, 0.404192, 0.375166, 1e-05, -0.40419, 0.914674, 0.0, 0.0, 0.0, 0.0, 1.0],
                [1.0, -0.000405, -0.000191, 0.0, 0.000447, 0.93198, 0.362512, 0.375166, 3.1e-05, -0.362511, 0.931979, 0.0, 0.0, 0.0, 0.0, 1.0],
                [1.0, -0.000354, -0.000172, -0.0, 0.00039, 0.948701, 0.316175, 0.375166, 5.2e-05, -0.316174, 0.948701, 0.0, 0.0, 0.0, 0.0, 1.0],
                [1.0, -0.000295, -0.000155, 0.0, 0.000326, 0.964538, 0.263944, 0.375166, 7.1e-05, -0.263943, 0.964539, 0.0, 0.0, 0.0, 0.0, 1.0],
                [1.0, -0.000225, -0.000138, -0.0, 0.000248, 0.979543, 0.201237, 0.375166, 9e-05, -0.201237, 0.979543, -0.0, 0.0, 0.0, 0.0, 1.0],
                [1.0, -0.000126, -0.000122, -0.0, 0.000139, 0.99363, 0.112693, 0.375166, 0.000107, -0.112693, 0.99363, 0.0, 0.0, 0.0, 0.0, 1.0],
                [1.0, -6e-06, -0.000115, -0.0, 7e-06, 0.999985, 0.005365, 0.375166, 0.000115, -0.005366, 0.999986, 0.0, 0.0, 0.0, 0.0, 1.0],
                [1.0, -6e-06, -0.000115, -0.0, 7e-06, 0.999986, 0.005366, 0.375166, 0.000115, -0.005367, 0.999986, -0.0, 0.0, 0.0, 0.0, 1.0],
                [1.0, -0.000243, -0.000142, -0.0, 0.000268, 0.976123, 0.21722, 0.375166, 8.6e-05, -0.217219, 0.976123, 0.0, 0.0, 0.0, 0.0, 1.0],
                [1.0, -0.000408, -0.000192, -0.0, 0.00045, 0.931205, 0.364496, 0.375166, 3e-05, -0.364494, 0.931205, 0.0, 0.0, 0.0, 0.0, 1.0],
                [1.0, -0.000524, -0.000245, 0.0, 0.000578, 0.88346, 0.468507, 0.375166, -2.9e-05, -0.468505, 0.88346, -0.0, 0.0, 0.0, 0.0, 1.0],
                [0.999999, -0.000614, -0.000299, 0.0, 0.000678, 0.835483, 0.549518, 0.375166, -8.8e-05, -0.549515, 0.835482, -0.0, 0.0, 0.0, 0.0, 1.0],
                [1.0, -0.000686, -0.00035, 0.0, 0.000757, 0.789577, 0.613654, 0.375166, -0.000144, -0.613651, 0.789576, -0.0, 0.0, 0.0, 0.0, 1.0],
                [1.0, -0.000742, -0.000397, -0.0, 0.000819, 0.747958, 0.663747, 0.375166, -0.000196, -0.663744, 0.747957, 0.0, 0.0, 0.0, 0.0, 1.0],
                [1.0, -0.000785, -0.000437, -0.0, 0.000865, 0.712418, 0.701757, 0.375166, -0.00024, -0.701753, 0.712417, -0.0, 0.0, 0.0, 0.0, 1.0],
                [0.999999, -0.000816, -0.000468, -0.0, 0.000899, 0.684177, 0.729318, 0.375166, -0.000274, -0.729314, 0.684176, -0.0, 0.0, 0.0, 0.0, 1.0],
                [1.0, -0.000835, -0.00049, 0.0, 0.000921, 0.664692, 0.747119, 0.375166, -0.000298, -0.747116, 0.664691, -0.0, 0.0, 0.0, 0.0, 1.0],
                [1.0, -0.000865, -0.000525, -0.0, 0.000954, 0.633699, 0.773582, 0.375166, -0.000337, -0.773578, 0.633697, 0.0, 0.0, 0.0, 0.0, 1.0],
                [0.999999, -0.000885, -0.00055, 0.0, 0.000976, 0.611351, 0.791362, 0.375166, -0.000364, -0.791357, 0.61135, 0.0, 0.0, 0.0, 0.0, 1.0],
                [0.999999, -0.000897, -0.000566, 0.0, 0.00099, 0.596653, 0.8025, 0.375166, -0.000382, -0.802497, 0.596652, -0.0, 0.0, 0.0, 0.0, 1.0],
                [0.999999, -0.000905, -0.000577, -0.0, 0.000998, 0.587153, 0.809478, 0.375166, -0.000394, -0.809474, 0.587151, -0.0, 0.0, 0.0, 0.0, 1.0],
                [1.0, -0.000912, -0.000586, -0.0, 0.001005, 0.579257, 0.815147, 0.375166, -0.000404, -0.815142, 0.579256, 0.0, 0.0, 0.0, 0.0, 1.0],
                [1.0, -0.00092, -0.000597, 0.0, 0.001014, 0.568857, 0.822438, 0.375166, -0.000417, -0.822434, 0.568856, 0.0, 0.0, 0.0, 0.0, 1.0],
                [1.0, -0.000932, -0.000616, 0.0, 0.001028, 0.552459, 0.833542, 0.375166, -0.000437, -0.833537, 0.552458, -0.0, 0.0, 0.0, 0.0, 1.0],
                [1.0, -0.00095, -0.000643, -0.0, 0.001047, 0.527963, 0.849269, 0.375166, -0.000467, -0.849265, 0.527962, 0.0, 0.0, 0.0, 0.0, 1.0],
                [0.999999, -0.000972, -0.00068, 0.0, 0.001072, 0.494604, 0.869121, 0.375166, -0.000508, -0.869116, 0.494603, 0.0, 0.0, 0.0, 0.0, 1.0],
                [0.999999, -0.000972, -0.00068, 0.0, 0.001072, 0.494604, 0.869121, 0.375166, -0.000508, -0.869116, 0.494603, 0.0, 0.0, 0.0, 0.0, 1.0]
            ]
        },
        {
            "name": "Knee_R",
            "time": [0.0, 0.0167, 0.0333, 0.05, 0.0667, 0.0833, 0.1, 0.1167, 0.1333, 0.15, 0.1667, 0.1833, 0.2, 0.2167, 0.2333, 0.25, 0.2667, 0.2833, 0.3, 0.3167, 0.3333, 0.35, 0.3667, 0.3833, 0.4, 0.4167, 0.4333, 0.45, 0.4667, 0.4833, 0.5, 0.5167, 0.5333, 0.55, 0.5667, 0.5833, 0.6, 0.6167, 0.6333, 0.65, 0.6667, 0.6833, 0.7, 0.7167, 0.7333, 0.75, 0.7667, 0.7833, 0.8, 0.8167, 0.8333, 0.85, 0.8667, 0.8833, 0.9, 0.9167, 0.9333, 0.95, 0.9667, 0.9833, 1.0, 1.0167, 1.0333, 1.05, 1.0667, 1.0833, 1.1, 1.1167, 1.1333, 1.15, 1.1667, 1.1833, 1.2],
            "transform": [
                [1.0, -5.7e-05, 5.4e-05, 0.0, 5.7e-05, 0.048757, -0.998811, 0.375166, 5.4e-05, 0.998811, 0.048757, 0.0, 0.0, 0.0, 0.0, 1.0],
                [1.0, -5.7e-05, 5.4e-05, -0.0, 5.7e-05, 0.048757, -0.998811, 0.375166, 5.4e-05, 0.998811, 0.048757, -0.0, 0.0, 0.0, 0.0, 1.0],
                [1.0, -5.7e-05, 5.4e-05, 0.0, 5.7e-05, 0.048757, -0.998811, 0.375166, 5.4e-05, 0.998811, 0.048757, -0.0, 0.0, 0.0, 0.0, 1.0],
                [1.0, -5.7e-05, 5.4e-05, -0.0, 5.7e-05, 0.048757, -0.998811, 0.375166, 5.4e-05, 0.998811, 0.048757, -0.0, 0.0, 0.0, 0.0, 1.0],
                [1.0, -5.7e-05, 5.4e-05, 0.0, 5.7e-05, 0.048757, -0.998811, 0.375166, 5.4e-05, 0.998811, 0.048757, -0.0, 0.0, 0.0, 0.0, 1.0],
                [1.0, -5.7e-05, 5.4e-05, -0.0, 5.7e-05, 0.048757, -0.998811, 0.375166, 5.4e-05, 0.998811, 0.048757, 0.0, 0.0, 0.0, 0.0, 1.0],
                [1.0, -5.7e-05, 5.4e-05, -0.0, 5.7e-05, 0.048757, -0.998811, 0.375166, 5.4e-05, 0.998811, 0.048757, -0.0, 0.0, 0.0, 0.0, 1.0],
                [1.0, -5.7e-05, 5.4e-05, 0.0, 5.7e-05, 0.048757, -0.998811, 0.375166, 5.4e-05, 0.998811, 0.048757, 0.0, 0.0, 0.0, 0.0, 1.0],
                [1.0, -5.7e-05, 5.4e-05, -0.0, 5.7e-05, 0.048757, -0.998811, 0.375166, 5.4e-05, 0.998811, 0.048757, -0.0, 0.0, 0.0, 0.0, 1.0],
                [1.0, -5.7e-05, 5.4e-05, 0.0, 5.7e-05, 0.048757, -0.998811, 0.375166, 5.4e-05, 0.998811, 0.048757, 0.0, 0.0, 0.0, 0.0, 1.0],
                [1.0, -5.7e-05, 5.4e-05, -0.0, 5.7e-05, 0.048757, -0.998811, 0.375166, 5.4e-05, 0.998811, 0.048757, 0.0, 0.0, 0.0, 0.0, 1.0],
                [1.0, -5.7e-05, 5.4e-05, -0.0, 5.7e-05, 0.048757, -0.998811, 0.375166, 5.4e-05, 0.998811, 0.048757, 0.0, 0.0, 0.0, 0.0, 1.0],
                [1.0, -5.7e-05, 5.4e-05, 0.0, 5.7e-05, 0.048757, -0.998811, 0.375166, 5.4e-05, 0.998811, 0.048757, 0.0, 0.0, 0.0, 0.0, 1.0],
                [1.0, -5.7e-05, 5.4e-05, 0.0, 5.7e-05, 0.048757, -0.998811, 0.375166, 5.4e-05, 0.998811, 0.048757, 0.0, 0.0, 0.0, 0.0, 1.0],
                [1.0, -5.7e-05, 5.4e-05, -0.0, 5.7e-05, 0.048757, -0.998811, 0.375166, 5.4e-05, 0.998811, 0.048757, -0.0, 0.0, 0.0, 0.0, 1.0],
                [1.0, -5.7e-05, 5.4e-05, -0.0, 5.7e-05, 0.048757, -0.998811, 0.375166, 5.4e-05, 0.998811, 0.048757, 0.0, 0.0, 0.0, 0.0, 1.0],
                [1.0, -5.7e-05, 5.4e-05, 0.0, 5.7e-05, 0.048757, -0.998811, 0.375166, 5.4e-05, 0.998811, 0.048757, -0.0, 0.0, 0.0, 0.0, 1.0],
                [1.0, -5.7e-05, 5.4e-05, 0.0, 5.7e-05, 0.048757, -0.998811, 0.375166, 5.4e-05, 0.998811, 0.048757, -0.0, 0.0, 0.0, 0.0, 1.0],
                [1.0, -5.7e-05, 5.4e-05, -0.0, 5.7e-05, 0.048757, -0.998811, 0.375166, 5.4e-05, 0.998811, 0.048757, 0.0, 0.0, 0.0, 0.0, 1.0],
                [1.0, -5.7e-05, 5.4e-05, -0.0, 5.7e-05, 0.048757, -0.998811, 0.375166, 5.4e-05, 0.998811, 0.048757, 0.0, 0.0, 0.0, 0.0, 1.0],
                [1.0, -5.7e-05, 5.4e-05, 0.0, 5.7e-05, 0.048757, -0.998811, 0.375166, 5.4e-05, 0.998811, 0.048757, -0.0, 0.0, 0.0, 0.0, 1.0],
                [1.0, -5.7e-05, 5.4e-05, -0.0, 5.7e-05, 0.048757, -0.998811, 0.375166, 5.4e-05, 0.998811, 0.048757, 0.0, 0.0, 0.0, 0.0, 1.0],
                [1.0, -5.7e-05, 5.4e-05, 0.0, 5.7e-05, 0.048757, -0.998811, 0.375166, 5.4e-05, 0.998811, 0.048757, -0.0, 0.0, 0.0, 0.0, 1.0],
                [1.0, -5.7e-05, 5.4e-05, 0.0, 5.7e-05, 0.048757, -0.998811, 0.375166, 5.4e-05, 0.998811, 0.048757, 0.0, 0.0, 0.0, 0.0, 1.0],
                [1.0, -5.7e-05, 5.4e-05, 0.0, 5.7e-05, 0.048757, -0.99881, 0.375166, 5.4e-05, 0.99881, 0.048757, 0.0, 0.0, 0.0, 0.0, 1.0],
                [1.0, -5.7e-05, 5.4e-05, 0.0, 5.7e-05, 0.048757, -0.998811, 0.375166, 5.4e-05, 0.998811, 0.048757, -0.0, 0.0, 0.0, 0.0, 1.0],
