{
    "animation": [
        {
            "name": "Root",
            "time": [0.0, 0.0167, 0.0333, 0.05, 0.0667, 0.0833, 0.1, 0.1167, 0.1333, 0.15, 0.1667, 0.1833, 0.2, 0.2167, 0.2333, 0.25, 0.2667, 0.2833, 0.3, 0.3167, 0.3333, 0.35, 0.3667, 0.3833, 0.4, 0.4167, 0.4333, 0.45, 0.4667, 0.4833, 0.5, 0.5167, 0.5333, 0.55, 0.5667, 0.5833, 0.6, 0.6167, 0.6333, 0.65, 0.6667, 0.6833, 0.7, 0.7167, 0.7333, 0.75, 0.7667, 0.7833, 0.8, 0.8167, 0.8333, 0.85, 0.8667, 0.8833, 0.9, 0.9167, 0.9333, 0.95, 0.9667, 0.9833, 1.0, 1.0167, 1.0333, 1.05, 1.0667, 1.0833, 1.1, 1.1167, 1.1333, 1.15, 1.1667, 1.1833, 1.2, 1.2167, 1.2333, 1.25, 1.2667, 1.2833, 1.3, 1.3167, 1.3333, 1.35, 1.3667, 1.3833, 1.4, 1.4167, 1.4333, 1.45, 1.4667, 1.4833, 1.5, 1.5167, 1.5333, 1.55, 1.5667, 1.5833, 1.6, 1.6167, 1.6333, 1.65, 1.6667],
            "transform": [
                [0.900842, 0.0, -0.434148, -5e-06, -0.434148, 0.0, -0.900842, -0.015222, 0.0, 1.0, 0.0, 0.724815, 0.0, 0.0, 0.0, 1.0],
                [0.903342, 0.0, -0.428922, -0.000113, -0.428922, 0.0, -0.903342, -0.015283, 0.0, 1.0, 0.0, 0.724815, 0.0, 0.0, 0.0, 1.0],
                [0.910724, 0.0, -0.413016, -0.00044, -0.413016, 0.0, -0.910724, -0.015472, 0.0, 1.0, 0.0, 0.724815, 0.0, 0.0, 0.0, 1.0],
                [0.922507, 0.0, -0.38598, -0.000986, -0.38598, 0.0, -0.922507, -0.015792, 0.0, 1.0, 0.0, 0.724815, 0.0, 0.0, 0.0, 1.0],
                [0.937765, 0.0, -0.34727, -0.001748, -0.34727, 0.0, -0.937765, -0.016239, 0.0, 1.0, 0.0, 0.724815, 0.0, 0.0, 0.0, 1.0],
                [0.955074, 0.0, -0.296367, -0.00272, -0.296367, 0.0, -0.955074, -0.016801, 0.0, 1.0, 0.0, 0.724815, 0.0, 0.0, 0.0, 1.0],
                [0.972491, 0.0, -0.232941, -0.003896, -0.232941, 0.0, -0.972491, -0.017462, 0.0, 1.0, 0.0, 0.724815, 0.0, 0.0, 0.0, 1.0],
                [0.987587, 0.0, -0.157075, -0.005271, -0.157075, 0.0, -0.987587, -0.018199, 0.0, 1.0, 0.0, 0.724815, 0.0, 0.0, 0.0, 1.0],
                [0.997581, 0.0, -0.069507, -0.006842, -0.069507, 0.0, -0.997581, -0.018989, 0.0, 1.0, 0.0, 0.724815, 0.0, 0.0, 0.0, 1.0],
                [0.999603, 0.0, 0.028159, -0.008611, 0.028159, 0.0, -0.999603, -0.019809, 0.0, 1.0, 0.0, 0.724815, 0.0, 0.0, 0.0, 1.0],
                [0.991068, 0.0, 0.133359, -0.010581, 0.133359, 0.0, -0.991068, -0.020648, 0.0, 1.0, 0.0, 0.724815, 0.0, 0.0, 0.0, 1.0],
                [0.970111, 0.0, 0.242661, -0.012754, 0.242661, 0.0, -0.970111, -0.021505, 0.0, 1.0, 0.0, 0.724815, 0.0, 0.0, 0.0, 1.0],
                [0.935971, 0.0, 0.352078, -0.015127, 0.352078, 0.0, -0.935971, -0.022398, 0.0, 1.0, 0.0, 0.724815, 0.0, 0.0, 0.0, 1.0],
                [0.889178, 0.0, 0.457562, -0.017683, 0.457562, 0.0, -0.889178, -0.023358, 0.0, 1.0, 0.0, 0.724815, 0.0, 0.0, 0.0, 1.0],
                [0.831491, 0.0, 0.555539, -0.020388, 0.555539, 0.0, -0.831491, -0.024428, 0.0, 1.0, 0.0, 0.724815, 0.0, 0.0, 0.0, 1.0],
                [0.765579, 0.0, 0.643342, -0.02319, 0.643342, 0.0, -0.765579, -0.025653, 0.0, 1.0, 0.0, 0.724815, 0.0, 0.0, 0.0, 1.0],
                [0.694568, 0.0, 0.719427, -0.026022, 0.719427, 0.0, -0.694568, -0.027077, 0.0, 1.0, 0.0, 0.724815, 0.0, 0.0, 0.0, 1.0],
                [0.621575, 0.0, 0.783354, -0.028809, 0.783354, 0.0, -0.621575, -0.02873, 0.0, 1.0, 0.0, 0.724815, 0.0, 0.0, 0.0, 1.0],
                [0.549366, 0.0, 0.835582, -0.031472, 0.835582, 0.0, -0.549366, -0.030631, 0.0, 1.0, 0.0, 0.724815, 0.0, 0.0, 0.0, 1.0],
                [0.480158, 0.0, 0.877182, -0.033938, 0.877182, 0.0, -0.480158, -0.032787, 0.0, 1.0, 0.0, 0.724815, 0.0, 0.0, 0.0, 1.0],
                [0.415571, 0.0, 0.909561, -0.036142, 0.909561, 0.0, -0.415571, -0.035193, 0.0, 1.0, 0.0, 0.724815, 0.0, 0.0, 0.0, 1.0],
                [0.356686, 0.0, 0.934224, -0.038031, 0.934224, 0.0, -0.356686, -0.037835, 0.0, 1.0, 0.0, 0.724815, 0.0, 0.0, 0.0, 1.0],
                [0.304143, 0.0, 0.952626, -0.039564, 0.952626, 0.0, -0.304143, -0.040697, 0.0, 1.0, 0.0, 0.724815, 0.0, 0.0, 0.0, 1.0],
                [0.25827, 0.0, 0.966073, -0.040713, 0.966073, 0.0, -0.25827, -0.04376, 0.0, 1.0, 0.0, 0.724815, 0.0, 0.0, 0.0, 1.0],
                [0.219189, 0.0, 0.975683, -0.041458, 0.975683, 0.0, -0.219189, -0.047002, 0.0, 1.0, 0.0, 0.724815, 0.0, 0.0, 0.0, 1.0],
                [0.186921, 0.0, 0.982375, -0.041789, 0.982375, 0.0, -0.186921, -0.050406, 0.0, 1.0, 0.0, 0.724816, 0.0, 0.0, 0.0, 1.0],
                [0.150786, 0.0, 0.988567, -0.041162, 0.988567, 0.0, -0.150786, -0.054099, 0.0, 1.0, 0.0, 0.724816, 0.0, 0.0, 0.0, 1.0],
                [0.098579, 0.0, 0.995129, -0.039043, 0.995129, 0.0, -0.098579, -0.058201, 0.0, 1.0, 0.0, 0.724816, 0.0, 0.0, 0.0, 1.0],
                [0.027469, 0.0, 0.999623, -0.035479, 0.999623, 0.0, -0.027469, -0.062676, 0.0, 1.0, 0.0, 0.724816, 0.0, 0.0, 0.0, 1.0],
                [-0.065909, 0.0, 0.997826, -0.030571, 0.997826, 0.0, 0.065909, -0.06748, 0.0, 1.0, 0.0, 0.724816, 0.0, 0.0, 0.0, 1.0],
                [-0.184883, 0.0, 0.98276, -0.024492, 0.98276, 0.0, 0.184883, -0.072571, 0.0, 1.0, 0.0, 0.724816, 0.0, 0.0, 0.0, 1.0],
                [-0.331242, 0.0, 0.943546, -0.017504, 0.943546, 0.0, 0.331242, -0.077937, 0.0, 1.0, 0.0, 0.724816, 0.0, 0.0, 0.0, 1.0],
                [-0.502166, 0.0, 0.864771, -0.009946, 0.864771, 0.0, 0.502166, -0.083646, 0.0, 1.0, 0.0, 0.724816, 0.0, 0.0, 0.0, 1.0],
                [-0.685318, 0.0, 0.728244, -0.00218, 0.728244, 0.0, 0.685318, -0.089902, 0.0, 1.0, 0.0, 0.724816, 0.0, 0.0, 0.0, 1.0],
                [-0.854142, 0.0, 0.52004, 0.005547, 0.52004, 0.0, 0.854142, -0.097064, 0.0, 1.0, 0.0, 0.724816, 0.0, 0.0, 0.0, 1.0],
                [-0.969906, 0.0, 0.243479, 0.013281, 0.243479, 0.0, 0.969906, -0.105533, 0.0, 1.0, 0.0, 0.724816, 0.0, 0.0, 0.0, 1.0],
                [-0.997497, 0.0, -0.070701, 0.021408, -0.070701, 0.0, 0.997497, -0.115454, 0.0, 1.0, 0.0, 0.724816, 0.0, 0.0, 0.0, 1.0],
                [-0.928008, 0.0, -0.37256, 0.030397, -0.37256, 0.0, 0.928008, -0.126452, 0.0, 1.0, 0.0, 0.724816, 0.0, 0.0, 0.0, 1.0],
                [-0.785421, 0.0, -0.618961, 0.040383, -0.618961, 0.0, 0.785421, -0.137727, 0.0, 1.0, 0.0, 0.724816, 0.0, 0.0, 0.0, 1.0],
                [-0.609388, 0.0, -0.792872, 0.05103, -0.792872, 0.0, 0.609388, -0.148447, 0.0, 1.0, 0.0, 0.724816, 0.0, 0.0, 0.0, 1.0],
                [-0.433739, 0.0, -0.901039, 0.061728, -0.901039, 0.0, 0.433739, -0.15805, 0.0, 1.0, 0.0, 0.724816, 0.0, 0.0, 0.0, 1.0],
                [-0.277802, 0.0, -0.960638, 0.07186, -0.960638, 0.0, 0.277802, -0.166284, 0.0, 1.0, 0.0, 0.724816, 0.0, 0.0, 0.0, 1.0],
                [-0.148705, 0.0, -0.988881, 0.080941, -0.988881, 0.0, 0.148705, -0.173098, 0.0, 1.0, 0.0, 0.724816, 0.0, 0.0, 0.0, 1.0],
                [-0.046659, 0.0, -0.998911, 0.088644, -0.998911, 0.0, 0.046659, -0.178538, 0.0, 1.0, 0.0, 0.724816, 0.0, 0.0, 0.0, 1.0],
                [0.03099, 0.0, -0.99952, 0.094771, -0.99952, 0.0, -0.03099, -0.182682, 0.0, 1.0, 0.0, 0.724816, 0.0, 0.0, 0.0, 1.0],
                [0.087547, 0.0, -0.99616, 0.099214, -0.99616, 0.0, -0.087547, -0.185612, 0.0, 1.0, 0.0, 0.724816, 0.0, 0.0, 0.0, 1.0],
                [0.125986, 0.0, -0.992032, 0.101933, -0.992032, 0.0, -0.125986, -0.187405, 0.0, 1.0, 0.0, 0.724816, 0.0, 0.0, 0.0, 1.0],
                [0.148612, 0.0, -0.988896, 0.102929, -0.988896, 0.0, -0.148612, -0.188127, 0.0, 1.0, 0.0, 0.724816, 0.0, 0.0, 0.0, 1.0],
                [0.163774, 0.0, -0.986498, 0.10307, -0.986498, 0.0, -0.163774, -0.188324, 0.0, 1.0, 0.0, 0.724816, 0.0, 0.0, 0.0, 1.0],
                [0.178683, 0.0, -0.983907, 0.103212, -0.983907, 0.0, -0.178683, -0.188501, 0.0, 1.0, 0.0, 0.724816, 0.0, 0.0, 0.0, 1.0],
                [0.193387, 0.0, -0.981123, 0.103354, -0.981123, 0.0, -0.193387, -0.18866, 0.0, 1.0, 0.0, 0.724816, 0.0, 0.0, 0.0, 1.0],
                [0.207932, 0.0, -0.978143, 0.103496, -0.978143, 0.0, -0.207932, -0.188801, 0.0, 1.0, 0.0, 0.724816, 0.0, 0.0, 0.0, 1.0],
                [0.222366, 0.0, -0.974963, 0.103637, -0.974963, 0.0, -0.222366, -0.188925, 0.0, 1.0, 0.0, 0.724816, 0.0, 0.0, 0.0, 1.0],
                [0.236734, 0.0, -0.971575, 0.103778, -0.971575, 0.0, -0.236734, -0.189033, 0.0, 1.0, 0.0, 0.724816, 0.0, 0.0, 0.0, 1.0],
                [0.251082, 0.0, -0.967966, 0.103918, -0.967966, 0.0, -0.251082, -0.189125, 0.0, 1.0, 0.0, 0.724816, 0.0, 0.0, 0.0, 1.0],
                [0.265453, 0.0, -0.964124, 0.104055, -0.964124, 0.0, -0.265453, -0.189204, 0.0, 1.0, 0.0, 0.724816, 0.0, 0.0, 0.0, 1.0],
                [0.279889, 0.0, -0.960032, 0.104191, -0.960032, 0.0, -0.279889, -0.189271, 0.0, 1.0, 0.0, 0.724816, 0.0, 0.0, 0.0, 1.0],
                [0.294427, 0.0, -0.955674, 0.104323, -0.955674, 0.0, -0.294427, -0.189327, 0.0, 1.0, 0.0, 0.724816, 0.0, 0.0, 0.0, 1.0],
                [0.309099, 0.0, -0.95103, 0.104452, -0.95103, 0.0, -0.309099, -0.189375, 0.0, 1.0, 0.0, 0.724816, 0.0, 0.0, 0.0, 1.0],
                [0.323933, 0.0, -0.94608, 0.104577, -0.94608, 0.0, -0.323933, -0.189417, 0.0, 1.0, 0.0, 0.724816, 0.0, 0.0, 0.0, 1.0],
                [0.338947, 0.0, -0.940805, 0.104696, -0.940805, 0.0, -0.338947, -0.189454, 0.0, 1.0, 0.0, 0.724816, 0.0, 0.0, 0.0, 1.0],
                [0.354155, 0.0, -0.935187, 0.104811, -0.935187, 0.0, -0.354155, -0.18949, 0.0, 1.0, 0.0, 0.724816, 0.0, 0.0, 0.0, 1.0],
                [0.369558, 0.0, -0.929208, 0.104919, -0.929208, 0.0, -0.369558, -0.189526, 0.0, 1.0, 0.0, 0.724816, 0.0, 0.0, 0.0, 1.0],
                [0.38515, 0.0, -0.922854, 0.105021, -0.922854, 0.0, -0.38515, -0.189564, 0.0, 1.0, 0.0, 0.724816, 0.0, 0.0, 0.0, 1.0],
                [0.400916, 0.0, -0.916115, 0.105117, -0.916115, 0.0, -0.400916, -0.189607, 0.0, 1.0, 0.0, 0.724816, 0.0, 0.0, 0.0, 1.0],
                [0.416831, 0.0, -0.908984, 0.105205, -0.908984, 0.0, -0.416831, -0.189655, 0.0, 1.0, 0.0, 0.724816, 0.0, 0.0, 0.0, 1.0],
                [0.432864, 0.0, -0.901459, 0.105286, -0.901459, 0.0, -0.432864, -0.189711, 0.0, 1.0, 0.0, 0.724816, 0.0, 0.0, 0.0, 1.0],
                [0.448976, 0.0, -0.893544, 0.10536, -0.893544, 0.0, -0.448976, -0.189775, 0.0, 1.0, 0.0, 0.724816, 0.0, 0.0, 0.0, 1.0],
                [0.465125, 0.0, -0.885245, 0.105426, -0.885245, 0.0, -0.465125, -0.189849, 0.0, 1.0, 0.0, 0.724816, 0.0, 0.0, 0.0, 1.0],
                [0.481264, 0.0, -0.876576, 0.105484, -0.876576, 0.0, -0.481264, -0.189932, 0.0, 1.0, 0.0, 0.724816, 0.0, 0.0, 0.0, 1.0],
                [0.497345, 0.0, -0.867553, 0.105535, -0.867553, 0.0, -0.497345, -0.190025, 0.0, 1.0, 0.0, 0.724816, 0.0, 0.0, 0.0, 1.0],
                [0.51332, 0.0, -0.858198, 0.105578, -0.858198, 0.0, -0.51332, -0.190128, 0.0, 1.0, 0.0, 0.724816, 0.0, 0.0, 0.0, 1.0],
                [0.52914, 0.0, -0.848534, 0.105613, -0.848534, 0.0, -0.52914, -0.19024, 0.0, 1.0, 0.0, 0.724816, 0.0, 0.0, 0.0, 1.0],
                [0.544762, 0.0, -0.838591, 0.10564, -0.838591, 0.0, -0.544762, -0.190363, 0.0, 1.0, 0.0, 0.724816, 0.0, 0.0, 0.0, 1.0],
                [0.560143, 0.0, -0.828396, 0.105659, -0.828396, 0.0, -0.560143, -0.190494, 0.0, 1.0, 0.0, 0.724816, 0.0, 0.0, 0.0, 1.0],
                [0.575242, 0.0, -0.817983, 0.10567, -0.817983, 0.0, -0.575242, -0.190634, 0.0, 1.0, 0.0, 0.724816, 0.0, 0.0, 0.0, 1.0],
                [0.59073, 0.0, -0.806869, 0.105188, -0.806869, 0.0, -0.59073, -0.190856, 0.0, 1.0, 0.0, 0.724816, 0.0, 0.0, 0.0, 1.0],
                [0.607249, 0.0, -0.794511, 0.103715, -0.794511, 0.0, -0.607249, -0.191236, 0.0, 1.0, 0.0, 0.724816, 0.0, 0.0, 0.0, 1.0],
                [0.62471, 0.0, -0.780857, 0.101245, -0.780857, 0.0, -0.62471, -0.191773, 0.0, 1.0, 0.0, 0.724816, 0.0, 0.0, 0.0, 1.0],
                [0.642994, 0.0, -0.765872, 0.097784, -0.765872, 0.0, -0.642994, -0.192465, 0.0, 1.0, 0.0, 0.724816, 0.0, 0.0, 0.0, 1.0],
                [0.661951, 0.0, -0.749547, 0.093349, -0.749547, 0.0, -0.661951, -0.193305, 0.0, 1.0, 0.0, 0.724816, 0.0, 0.0, 0.0, 1.0],
                [0.681403, 0.0, -0.731908, 0.087979, -0.731908, 0.0, -0.681403, -0.194288, 0.0, 1.0, 0.0, 0.724816, 0.0, 0.0, 0.0, 1.0],
                [0.701144, 0.0, -0.71302, 0.08173, -0.71302, 0.0, -0.701144, -0.1954, 0.0, 1.0, 0.0, 0.724816, 0.0, 0.0, 0.0, 1.0],
                [0.720941, 0.0, -0.692996, 0.074681, -0.692996, 0.0, -0.720941, -0.196628, 0.0, 1.0, 0.0, 0.724816, 0.0, 0.0, 0.0, 1.0],
                [0.740547, 0.0, -0.672005, 0.066936, -0.672005, 0.0, -0.740547, -0.197953, 0.0, 1.0, 0.0, 0.724816, 0.0, 0.0, 0.0, 1.0],
                [0.759705, 0.0, -0.650268, 0.058621, -0.650268, 0.0, -0.759705, -0.199354, 0.0, 1.0, 0.0, 0.724816, 0.0, 0.0, 0.0, 1.0],
                [0.778165, 0.0, -0.62806, 0.04988, -0.62806, 0.0, -0.778165, -0.200807, 0.0, 1.0, 0.0, 0.724816, 0.0, 0.0, 0.0, 1.0],
                [0.795695, 0.0, -0.605697, 0.040878, -0.605697, 0.0, -0.795695, -0.202285, 0.0, 1.0, 0.0, 0.724816, 0.0, 0.0, 0.0, 1.0],
                [0.812094, 0.0, -0.583527, 0.031787, -0.583527, 0.0, -0.812094, -0.203762, 0.0, 1.0, 0.0, 0.724816, 0.0, 0.0, 0.0, 1.0],
                [0.827199, 0.0, -0.56191, 0.022784, -0.56191, 0.0, -0.827199, -0.20521, 0.0, 1.0, 0.0, 0.724816, 0.0, 0.0, 0.0, 1.0],
                [0.840894, 0.0, -0.5412, 0.014044, -0.5412, 0.0, -0.840894, -0.206604, 0.0, 1.0, 0.0, 0.724816, 0.0, 0.0, 0.0, 1.0],
                [0.853112, 0.0, -0.521728, 0.005729, -0.521728, 0.0, -0.853112, -0.207919, 0.0, 1.0, 0.0, 0.724816, 0.0, 0.0, 0.0, 1.0],
                [0.863826, 0.0, -0.50379, -0.002015, -0.50379, 0.0, -0.863826, -0.209136, 0.0, 1.0, 0.0, 0.724816, 0.0, 0.0, 0.0, 1.0],
                [0.87305, 0.0, -0.48763, -0.009063, -0.48763, 0.0, -0.87305, -0.210237, 0.0, 1.0, 0.0, 0.724816, 0.0, 0.0, 0.0, 1.0],
                [0.880826, 0.0, -0.47344, -0.015311, -0.47344, 0.0, -0.880826, -0.211208, 0.0, 1.0, 0.0, 0.724816, 0.0, 0.0, 0.0, 1.0],
                [0.887214, 0.0, -0.461358, -0.020681, -0.461358, 0.0, -0.887214, -0.212039, 0.0, 1.0, 0.0, 0.724816, 0.0, 0.0, 0.0, 1.0],
                [0.892286, 0.0, -0.451471, -0.025115, -0.451471, 0.0, -0.892286, -0.212723, 0.0, 1.0, 0.0, 0.724816, 0.0, 0.0, 0.0, 1.0],
                [0.896116, 0.0, -0.44382, -0.028578, -0.44382, 0.0, -0.896116, -0.213255, 0.0, 1.0, 0.0, 0.724816, 0.0, 0.0, 0.0, 1.0],
                [0.898777, 0.0, -0.438407, -0.031049, -0.438407, 0.0, -0.898777, -0.213635, 0.0, 1.0, 0.0, 0.724816, 0.0, 0.0, 0.0, 1.0],
                [0.900333, 0.0, -0.435201, -0.032525, -0.435201, 0.0, -0.900333, -0.213861, 0.0, 1.0, 0.0, 0.724816, 0.0, 0.0, 0.0, 1.0],
                [0.900842, 0.0, -0.434148, -0.033014, -0.434148, 0.0, -0.900842, -0.213936, 0.0, 1.0, 0.0, 0.724816, 0.0, 0.0, 0.0, 1.0]
            ]
        },
        {
            "name": "Thigh_R",
            "time": [0.0, 0.0167, 0.0333, 0.05, 0.0667, 0.0833, 0.1, 0.1167, 0.1333, 0.15, 0.1667, 0.1833, 0.2, 0.2167, 0.2333, 0.25, 0.2667, 0.2833, 0.3, 0.3167, 0.3333, 0.35, 0.3667, 0.3833, 0.4, 0.4167, 0.4333, 0.45, 0.4667, 0.4833, 0.5, 0.5167, 0.5333, 0.55, 0.5667, 0.5833, 0.6, 0.6167, 0.6333, 0.65, 0.6667, 0.6833, 0.7, 0.7167, 0.7333, 0.75, 0.7667, 0.7833, 0.8, 0.8167, 0.8333, 0.85, 0.8667, 0.8833, 0.9, 0.9167, 0.9333, 0.95, 0.9667, 0.9833, 1.0, 1.0167, 1.0333, 1.05, 1.0667, 1.0833, 1.1, 1.1167, 1.1333, 1.15, 1.1667, 1.1833, 1.2, 1.2167, 1.2333, 1.25, 1.2667, 1.2833, 1.3, 1.3167, 1.3333, 1.35, 1.3667, 1.3833, 1.4, 1.4167, 1.4333, 1.45, 1.4667, 1.4833, 1.5, 1.5167, 1.5333, 1.55, 1.5667, 1.5833, 1.6, 1.6167, 1.6333, 1.65, 1.6667],
            "transform": [
                [0.939904, -0.044191, 0.33857, 0.086814, -0.135932, -0.95805, 0.252317, -0.002831, 0.313216, -0.283175, -0.906485, -0.089076, 0.0, 0.0, 0.0, 1.0],
                [0.939903, -0.044191, 0.33857, 0.086814, -0.135932, -0.958049, 0.252317, -0.002831, 0.313215, -0.283176, -0.906485, -0.089076, 0.0, 0.0, 0.0, 1.0],
                [0.939904, -0.044191, 0.33857, 0.086814, -0.135932, -0.95805, 0.252316, -0.002831, 0.313216, -0.283175, -0.906485, -0.089076, 0.0, 0.0, 0.0, 1.0],
                [0.939904, -0.044191, 0.33857, 0.086814, -0.135932, -0.95805, 0.252317, -0.002831, 0.313216, -0.283175, -0.906485, -0.089076, 0.0, 0.0, 0.0, 1.0],
                [0.939903, -0.044191, 0.33857, 0.086814, -0.135932, -0.958049, 0.252317, -0.002831, 0.313216, -0.283176, -0.906485, -0.089076, 0.0, 0.0, 0.0, 1.0],
                [0.939903, -0.04419, 0.33857, 0.086814, -0.135932, -0.958049, 0.252318, -0.002831, 0.313215, -0.283176, -0.906484, -0.089076, 0.0, 0.0, 0.0, 1.0],
                [0.939903, -0.044191, 0.33857, 0.086814, -0.135932, -0.958049, 0.252317, -0.002831, 0.313216, -0.283176, -0.906485, -0.089076, 0.0, 0.0, 0.0, 1.0],
                [0.939903, -0.044191, 0.33857, 0.086814, -0.135932, -0.958049, 0.252317, -0.002831, 0.313216, -0.283176, -0.906485, -0.089076, 0.0, 0.0, 0.0, 1.0],
                [0.939903, -0.044191, 0.33857, 0.086814, -0.135932, -0.95805, 0.252316, -0.002831, 0.313215, -0.283175, -0.906485, -0.089076, 0.0, 0.0, 0.0, 1.0],
                [0.939903, -0.044191, 0.33857, 0.086814, -0.135932, -0.95805, 0.252317, -0.002831, 0.313216, -0.283175, -0.906485, -0.089076, 0.0, 0.0, 0.0, 1.0],
                [0.939903, -0.044191, 0.33857, 0.086814, -0.135932, -0.958049, 0.252317, -0.002831, 0.313215, -0.283176, -0.906485, -0.089076, 0.0, 0.0, 0.0, 1.0],
                [0.939903, -0.04419, 0.33857, 0.086814, -0.135932, -0.958049, 0.252318, -0.002831, 0.313216, -0.283176, -0.906485, -0.089076, 0.0, 0.0, 0.0, 1.0],
                [0.939903, -0.044191, 0.33857, 0.086814, -0.135932, -0.95805, 0.252317, -0.002831, 0.313216, -0.283175, -0.906485, -0.089076, 0.0, 0.0, 0.0, 1.0],
                [0.939903, -0.044191, 0.33857, 0.086814, -0.135932, -0.958049, 0.252317, -0.002831, 0.313216, -0.283176, -0.906485, -0.089076, 0.0, 0.0, 0.0, 1.0],
                [0.939903, -0.044191, 0.33857, 0.086814, -0.135932, -0.95805, 0.252317, -0.002831, 0.313216, -0.283175, -0.906485, -0.089076, 0.0, 0.0, 0.0, 1.0],
                [0.939903, -0.044191, 0.33857, 0.086814, -0.135932, -0.958049, 0.252317, -0.002831, 0.313216, -0.283176, -0.906485, -0.089076, 0.0, 0.0, 0.0, 1.0],
                [0.939903, -0.044191, 0.33857, 0.086814, -0.135932, -0.95805, 0.252317, -0.002831, 0.313216, -0.283175, -0.906485, -0.089076, 0.0, 0.0, 0.0, 1.0],
                [0.939903, -0.044191, 0.33857, 0.086814, -0.135932, -0.95805, 0.252317, -0.002831, 0.313216, -0.283175, -0.906485, -0.089076, 0.0, 0.0, 0.0, 1.0],
                [0.939903, -0.044191, 0.33857, 0.086814, -0.135932, -0.958049, 0.252317, -0.002831, 0.313216, -0.283176, -0.906485, -0.089076, 0.0, 0.0, 0.0, 1.0],
                [0.939903, -0.044191, 0.33857, 0.086814, -0.135932, -0.95805, 0.252316, -0.002831, 0.313216, -0.283175, -0.906485, -0.089076, 0.0, 0.0, 0.0, 1.0],
                [0.939903, -0.044191, 0.33857, 0.086814, -0.135932, -0.95805, 0.252316, -0.002831, 0.313216, -0.283175, -0.906485, -0.089076, 0.0, 0.0, 0.0, 1.0],
                [0.939903, -0.044191, 0.33857, 0.086814, -0.135932, -0.95805, 0.252317, -0.002831, 0.313216, -0.283175, -0.906485, -0.089076, 0.0, 0.0, 0.0, 1.0],
                [0.939903, -0.044191, 0.33857, 0.086814, -0.135932, -0.95805, 0.252316, -0.002831, 0.313216, -0.283175, -0.906485, -0.089076, 0.0, 0.0, 0.0, 1.0],
                [0.939904, -0.044191, 0.33857, 0.086814, -0.135932, -0.95805, 0.252316, -0.002831, 0.313216, -0.283175, -0.906485, -0.089076, 0.0, 0.0, 0.0, 1.0],
                [0.939903, -0.044191, 0.33857, 0.086814, -0.135932, -0.95805, 0.252316, -0.002831, 0.313216, -0.283175, -0.906485, -0.089076, 0.0, 0.0, 0.0, 1.0],
                [0.939903, -0.044191, 0.33857, 0.086814, -0.135932, -0.95805, 0.252317, -0.002831, 0.313215, -0.283175, -0.906485, -0.089076, 0.0, 0.0, 0.0, 1.0],
                [0.939904, -0.044191, 0.33857, 0.086814, -0.135932, -0.95805, 0.252316, -0.002831, 0.313216, -0.283175, -0.906485, -0.089076, 0.0, 0.0, 0.0, 1.0],
                [0.939903, -0.04419, 0.33857, 0.086814, -0.135932, -0.958049, 0.252318, -0.002831, 0.313215, -0.283176, -0.906485, -0.089076, 0.0, 0.0, 0.0, 1.0],
                [0.939903, -0.044191, 0.33857, 0.086814, -0.135932, -0.958049, 0.252317, -0.002831, 0.313216, -0.283176, -0.906485, -0.089076, 0.0, 0.0, 0.0, 1.0],
                [0.939903, -0.044191, 0.33857, 0.086814, -0.135932, -0.95805, 0.252316, -0.002831, 0.313216, -0.283175, -0.906485, -0.089076, 0.0, 0.0, 0.0, 1.0],
                [0.939903, -0.044191, 0.33857, 0.086814, -0.135932, -0.95805, 0.252317, -0.002831, 0.313216, -0.283175, -0.906485, -0.089076, 0.0, 0.0, 0.0, 1.0],
                [0.939903, -0.044191, 0.33857, 0.086814, -0.135932, -0.958049, 0.252317, -0.002831, 0.313216, -0.283176, -0.906484, -0.089076, 0.0, 0.0, 0.0, 1.0],
                [0.939903, -0.044191, 0.33857, 0.086814, -0.135932, -0.95805, 0.252316, -0.002831, 0.313216, -0.283175, -0.906485, -0.089076, 0.0, 0.0, 0.0, 1.0],
                [0.939903, -0.044191, 0.33857, 0.086814, -0.135932, -0.95805, 0.252316, -0.002831, 0.313216, -0.283175, -0.906485, -0.089076, 0.0, 0.0, 0.0, 1.0],
                [0.939903, -0.044191, 0.33857, 0.086814, -0.135932, -0.958049, 0.252317, -0.002831, 0.313216, -0.283176, -0.906485, -0.089076, 0.0, 0.0, 0.0, 1.0],
                [0.939903, -0.044191, 0.33857, 0.086814, -0.135932, -0.95805, 0.252316, -0.002831, 0.313216, -0.283175, -0.906485, -0.089076, 0.0, 0.0, 0.0, 1.0],
                [0.939903, -0.044191, 0.33857, 0.086814, -0.135932, -0.95805, 0.252316, -0.002831, 0.313216, -0.283175, -0.906485, -0.089076, 0.0, 0.0, 0.0, 1.0],
                [0.939903, -0.044191, 0.33857, 0.086814, -0.135932, -0.95805, 0.252317, -0.002831, 0.313216, -0.283175, -0.906485, -0.089076, 0.0, 0.0, 0.0, 1.0],
                [0.939903, -0.044191, 0.33857, 0.086814, -0.135932, -0.95805, 0.252316, -0.002831, 0.313215, -0.283175, -0.906485, -0.089076, 0.0, 0.0, 0.0, 1.0],
                [0.939904, -0.044191, 0.33857, 0.086814, -0.135932, -0.95805, 0.252316, -0.002831, 0.313216, -0.283175, -0.906485, -0.089076, 0.0, 0.0, 0.0, 1.0],
                [0.939903, -0.044191, 0.33857, 0.086814, -0.135932, -0.958049, 0.252317, -0.002831, 0.313216, -0.283176, -0.906485, -0.089076, 0.0, 0.0, 0.0, 1.0],
                [0.939903, -0.04419, 0.33857, 0.086814, -0.135932, -0.958049, 0.252318, -0.002831, 0.313215, -0.283177, -0.906484, -0.089076, 0.0, 0.0, 0.0, 1.0],
                [0.939903, -0.044191, 0.33857, 0.086814, -0.135932, -0.95805, 0.252317, -0.002831, 0.313216, -0.283175, -0.906485, -0.089076, 0.0, 0.0, 0.0, 1.0],
                [0.939903, -0.044191, 0.33857, 0.086814, -0.135932, -0.95805, 0.252317, -0.002831, 0.313216, -0.283175, -0.906485, -0.089076, 0.0, 0.0, 0.0, 1.0],
                [0.939903, -0.044191, 0.33857, 0.086814, -0.135932, -0.95805, 0.252316, -0.002831, 0.313216, -0.283175, -0.906485, -0.089076, 0.0, 0.0, 0.0, 1.0],
                [0.939903, -0.044191, 0.33857, 0.086814, -0.135932, -0.95805, 0.252316, -0.002831, 0.313216, -0.283175, -0.906485, -0.089076, 0.0, 0.0, 0.0, 1.0],
                [0.939903, -0.044191, 0.33857, 0.086814, -0.135932, -0.958049, 0.252317, -0.002831, 0.313216, -0.283176, -0.906485, -0.089076, 0.0, 0.0, 0.0, 1.0],
                [0.939903, -0.044191, 0.33857, 0.086814, -0.135932, -0.95805, 0.252316, -0.002831, 0.313216, -0.283175, -0.906485, -0.089076, 0.0, 0.0, 0.0, 1.0],
                [0.939903, -0.044191, 0.33857, 0.086814, -0.135932, -0.95805, 0.252317, -0.002831, 0.313215, -0.283175, -0.906485, -0.089076, 0.0, 0.0, 0.0, 1.0],
                [0.939903, -0.044191, 0.33857, 0.086814, -0.135932, -0.958049, 0.252317, -0.002831, 0.313216, -0.283176, -0.906485, -0.089076, 0.0, 0.0, 0.0, 1.0],
                [0.939903, -0.044191, 0.33857, 0.086814, -0.135932, -0.958049, 0.252317, -0.002831, 0.313215, -0.283176, -0.906485, -0.089076, 0.0, 0.0, 0.0, 1.0],
                [0.939903, -0.044191, 0.33857, 0.086814, -0.135932, -0.958049, 0.252317, -0.002831, 0.313216, -0.283176, -0.906485, -0.089076, 0.0, 0.0, 0.0, 1.0],
                [0.939903, -0.044191, 0.33857, 0.086814, -0.135932, -0.95805, 0.252316, -0.002831, 0.313216, -0.283175, -0.906485, -0.089076, 0.0, 0.0, 0.0, 1.0],
                [0.939903, -0.044191, 0.33857, 0.086814, -0.135932, -0.958049, 0.252317, -0.002831, 0.313216, -0.283176, -0.906485, -0.089076, 0.0, 0.0, 0.0, 1.0],
                [0.939903, -0.044191, 0.33857, 0.086814, -0.135932, -0.95805, 0.252316, -0.002831, 0.313216, -0.283175, -0.906485, -0.089076, 0.0, 0.0, 0.0, 1.0],
                [0.939903, -0.044191, 0.33857, 0.086814, -0.135932, -0.95805, 0.252317, -0.002831, 0.313216, -0.283175, -0.906485, -0.089076, 0.0, 0.0, 0.0, 1.0],
                [0.939903, -0.044191, 0.33857, 0.086814, -0.135932, -0.95805, 0.252316, -0.002831, 0.313216, -0.283175, -0.906485, -0.089076, 0.0, 0.0, 0.0, 1.0],
                [0.939903, -0.044191, 0.33857, 0.086814, -0.135932, -0.95805, 0.252317, -0.002831, 0.313216, -0.283175, -0.906485, -0.089076, 0.0, 0.0, 0.0, 1.0],
                [0.939903, -0.044191, 0.33857, 0.086814, -0.135932, -0.958049, 0.252317, -0.002831, 0.313216, -0.283176, -0.906485, -0.089076, 0.0, 0.0, 0.0, 1.0],
                [0.939903, -0.044191, 0.33857, 0.086814, -0.135932, -0.95805, 0.252316, -0.002831, 0.313216, -0.283175, -0.906485, -0.089076, 0.0, 0.0, 0.0, 1.0],
                [0.939903, -0.044191, 0.33857, 0.086814, -0.135932, -0.95805, 0.252317, -0.002831, 0.313216, -0.283175, -0.906485, -0.089076, 0.0, 0.0, 0.0, 1.0],
                [0.939903, -0.044191, 0.33857, 0.086814, -0.135932, -0.958049, 0.252317, -0.002831, 0.313216, -0.283176, -0.906485, -0.089076, 0.0, 0.0, 0.0, 1.0],
                [0.939903, -0.044191, 0.33857, 0.086814, -0.135932, -0.95805, 0.252317, -0.002831, 0.313215, -0.283175, -0.906485, -0.089076, 0.0, 0.0, 0.0, 1.0],
                [0.939903, -0.044191, 0.33857, 0.086814, -0.135932, -0.958049, 0.252317, -0.002831, 0.313215, -0.283176, -0.906485, -0.089076, 0.0, 0.0, 0.0, 1.0],
                [0.939903, -0.044191, 0.33857, 0.086814, -0.135932, -0.95805, 0.252316, -0.002831, 0.313216, -0.283175, -0.906485, -0.089076, 0.0, 0.0, 0.0, 1.0],
                [0.939903, -0.044191, 0.33857, 0.086814, -0.135932, -0.95805, 0.252316, -0.002831, 0.313216, -0.283175, -0.906485, -0.089076, 0.0, 0.0, 0.0, 1.0],
                [0.939904, -0.044191, 0.33857, 0.086814, -0.135932, -0.95805, 0.252316, -0.002831, 0.313216, -0.283175, -0.906485, -0.089076, 0.0, 0.0, 0.0, 1.0],
                [0.939903, -0.044191, 0.33857, 0.086814, -0.135932, -0.95805, 0.252317, -0.002831, 0.313215, -0.283175, -0.906485, -0.089076, 0.0, 0.0, 0.0, 1.0],
                [0.939903, -0.044191, 0.33857, 0.086814, -0.135932, -0.958049, 0.252317, -0.002831, 0.313215, -0.283176, -0.906484, -0.089076, 0.0, 0.0, 0.0, 1.0],
                [0.939903, -0.044191, 0.33857, 0.086814, -0.135932, -0.95805, 0.252317, -0.002831, 0.313216, -0.283175, -0.906485, -0.089076, 0.0, 0.0, 0.0, 1.0],
                [0.939903, -0.044191, 0.33857, 0.086814, -0.135932, -0.95805, 0.252316, -0.002831, 0.313216, -0.283175, -0.906485, -0.089076, 0.0, 0.0, 0.0, 1.0],
                [0.939903, -0.044191, 0.33857, 0.086814, -0.135932, -0.95805, 0.252317, -0.002831, 0.313216, -0.283175, -0.906485, -0.089076, 0.0, 0.0, 0.0, 1.0],
                [0.939903, -0.044191, 0.33857, 0.086814, -0.135932, -0.95805, 0.252316, -0.002831, 0.313215, -0.283175, -0.906485, -0.089076, 0.0, 0.0, 0.0, 1.0],
                [0.939903, -0.044191, 0.33857, 0.086814, -0.135932, -0.95805, 0.252317, -0.002831, 0.313215, -0.283175, -0.906485, -0.089076, 0.0, 0.0, 0.0, 1.0],
                [0.939903, -0.044191, 0.33857, 0.086814, -0.135932, -0.95805, 0.252316, -0.002831, 0.313215, -0.283175, -0.906485, -0.089076, 0.0, 0.0, 0.0, 1.0],
                [0.939903, -0.044191, 0.33857, 0.086814, -0.135932, -0.958049, 0.252317, -0.002831, 0.313216, -0.283176, -0.906485, -0.089076, 0.0, 0.0, 0.0, 1.0],
                [0.939903, -0.044191, 0.33857, 0.086814, -0.135932, -0.958049, 0.252317, -0.002831, 0.313216, -0.283176, -0.906485, -0.089076, 0.0, 0.0, 0.0, 1.0],
                [0.939903, -0.044191, 0.33857, 0.086814, -0.135932, -0.95805, 0.252317, -0.002831, 0.313216, -0.283175, -0.906485, -0.089076, 0.0, 0.0, 0.0, 1.0],
                [0.939903, -0.04419, 0.33857, 0.086814, -0.135932, -0.958049, 0.252318, -0.002831, 0.313216, -0.283177, -0.906484, -0.089076, 0.0, 0.0, 0.0, 1.0],
                [0.939903, -0.044191, 0.33857, 0.086814, -0.135932, -0.95805, 0.252316, -0.002831, 0.313216, -0.283175, -0.906485, -0.089076, 0.0, 0.0, 0.0, 1.0],
                [0.939903, -0.044191, 0.33857, 0.086814, -0.135932, -0.95805, 0.252316, -0.002831, 0.313215, -0.283175, -0.906485, -0.089076, 0.0, 0.0, 0.0, 1.0],
                [0.939904, -0.044191, 0.33857, 0.086814, -0.135932, -0.95805, 0.252316, -0.002831, 0.313216, -0.283175, -0.906485, -0.089076, 0.0, 0.0, 0.0, 1.0],
                [0.939903, -0.044191, 0.33857, 0.086814, -0.135932, -0.958049, 0.252317, -0.002831, 0.313215, -0.283176, -0.906485, -0.089076, 0.0, 0.0, 0.0, 1.0],
                [0.939903, -0.044191, 0.33857, 0.086814, -0.135932, -0.95805, 0.252316, -0.002831, 0.313216, -0.283175, -0.906485, -0.089076, 0.0, 0.0, 0.0, 1.0],
                [0.939903, -0.044191, 0.33857, 0.086814, -0.135932, -0.95805, 0.252317, -0.002831, 0.313216, -0.283175, -0.906485, -0.089076, 0.0, 0.0, 0.0, 1.0],
                [0.939903, -0.044191, 0.33857, 0.086814, -0.135932, -0.958049, 0.252317, -0.002831, 0.313216, -0.283176, -0.906485, -0.089076, 0.0, 0.0, 0.0, 1.0],
                [0.939903, -0.04419, 0.33857, 0.086814, -0.135932, -0.958049, 0.252318, -0.002831, 0.313216, -0.283176, -0.906485, -0.089076, 0.0, 0.0, 0.0, 1.0],
                [0.939904, -0.044191, 0.33857, 0.086814, -0.135932, -0.95805, 0.252316, -0.002831, 0.313216, -0.283175, -0.906485, -0.089076, 0.0, 0.0, 0.0, 1.0],
                [0.939903, -0.044191, 0.33857, 0.086814, -0.135932, -0.958049, 0.252317, -0.002831, 0.313216, -0.283176, -0.906485, -0.089076, 0.0, 0.0, 0.0, 1.0],
                [0.939903, -0.044191, 0.33857, 0.086814, -0.135932, -0.95805, 0.252317, -0.002831, 0.313215, -0.283175, -0.906485, -0.089076, 0.0, 0.0, 0.0, 1.0],
                [0.939903, -0.044191, 0.33857, 0.086814, -0.135932, -0.95805, 0.252316, -0.002831, 0.313216, -0.283175, -0.906485, -0.089076, 0.0, 0.0, 0.0, 1.0],
                [0.939903, -0.044191, 0.33857, 0.086814, -0.135932, -0.958049, 0.252317, -0.002831, 0.313216, -0.283176, -0.906485, -0.089076, 0.0, 0.0, 0.0, 1.0],
                [0.939903, -0.044191, 0.33857, 0.086814, -0.135932, -0.958049, 0.252317, -0.002831, 0.313216, -0.283176, -0.906485, -0.089076, 0.0, 0.0, 0.0, 1.0],
                [0.939903, -0.044191, 0.33857, 0.086814, -0.135932, -0.958049, 0.252317, -0.002831, 0.313216, -0.283176, -0.906485, -0.089076, 0.0, 0.0, 0.0, 1.0],
                [0.939904, -0.044191, 0.33857, 0.086814, -0.135932, -0.958049, 0.252317, -0.002831, 0.313216, -0.283176, -0.906485, -0.089076, 0.0, 0.0, 0.0, 1.0],
                [0.939903, -0.044191, 0.33857, 0.086814, -0.135932, -0.958049, 0.252317, -0.002831, 0.313216, -0.283176, -0.906485, -0.089076, 0.0, 0.0, 0.0, 1.0],
                [0.939903, -0.044191, 0.33857, 0.086814, -0.135932, -0.958049, 0.252317, -0.002831, 0.313216, -0.283176, -0.906485, -0.089076, 0.0, 0.0, 0.0, 1.0],
                [0.939903, -0.044191, 0.33857, 0.086814, -0.135932, -0.95805, 0.252317, -0.002831, 0.313215, -0.283175, -0.906485, -0.089076, 0.0, 0.0, 0.0, 1.0],
                [0.939903, -0.044191, 0.33857, 0.086814, -0.135932, -0.95805, 0.252316, -0.002831, 0.313216, -0.283175, -0.906485, -0.089076, 0.0, 0.0, 0.0, 1.0],
                [0.939903, -0.044191, 0.33857, 0.086814, -0.135932, -0.958049, 0.252317, -0.002831, 0.313215, -0.283176, -0.906485, -0.089076, 0.0, 0.0, 0.0, 1.0],
                [0.939904, -0.044191, 0.33857, 0.086814, -0.135932, -0.958049, 0.252317, -0.002831, 0.313216, -0.283176, -0.906485, -0.089076, 0.0, 0.0, 0.0, 1.0]
            ]
        },
        {
            "name": "Leg_R",
            "time": [0.0, 0.0167, 0.0333, 0.05, 0.0667, 0.0833, 0.1, 0.1167, 0.1333, 0.15, 0.1667, 0.1833, 0.2, 0.2167, 0.2333, 0.25, 0.2667, 0.2833, 0.3, 0.3167, 0.3333, 0.35, 0.3667, 0.3833, 0.4, 0.4167, 0.4333, 0.45, 0.4667, 0.4833, 0.5, 0.5167, 0.5333, 0.55, 0.5667, 0.5833, 0.6, 0.6167, 0.6333, 0.65, 0.6667, 0.6833, 0.7, 0.7167, 0.7333, 0.75, 0.7667, 0.7833, 0.8, 0.8167, 0.8333, 0.85, 0.8667, 0.8833, 0.9, 0.9167, 0.9333, 0.95, 0.9667, 0.9833, 1.0, 1.0167, 1.0333, 1.05, 1.0667, 1.0833, 1.1, 1.1167, 1.1333, 1.15, 1.1667, 1.1833, 1.2, 1.2167, 1.2333, 1.25, 1.2667, 1.2833, 1.3, 1.3167, 1.3333, 1.35, 1.3667, 1.3833, 1.4, 1.4167, 1.4333, 1.45, 1.4667, 1.4833, 1.5, 1.5167, 1.5333, 1.55, 1.5667, 1.5833, 1.6, 1.6167, 1.6333, 1.65, 1.6667],
            "transform": [
                [1.0, -0.00024, -0.000141, 0.0, 0.000265, 0.976706, 0.214587, 0.375166, 8.6e-05, -0.214586, 0.976705, -0.0, 0.0, 0.0, 0.0, 1.0],
                [1.0, -0.00024, -0.000141, -0.0, 0.000265, 0.976705, 0.214588, 0.375166, 8.6e-05, -0.214588, 0.976704, -0.0, 0.0, 0.0, 0.0, 1.0],
                [1.0, -0.00024, -0.000141, 0.0, 0.000265, 0.976706, 0.214585, 0.375166, 8.6e-05, -0.214585, 0.976705, 0.0, 0.0, 0.0, 0.0, 1.0],
                [1.0, -0.00024, -0.000141, 0.0, 0.000265, 0.976706, 0.214587, 0.375166, 8.6e-05, -0.214586, 0.976705, 0.0, 0.0, 0.0, 0.0, 1.0],
                [1.0, -0.00024, -0.000141, 0.0, 0.000265, 0.976706, 0.214588, 0.375166, 8.6e-05, -0.214587, 0.976705, 0.0, 0.0, 0.0, 0.0, 1.0],
                [1.0, -0.00024, -0.000141, 0.0, 0.000265, 0.976705, 0.214589, 0.375166, 8.6e-05, -0.214589, 0.976705, -0.0, 0.0, 0.0, 0.0, 1.0],
                [1.0, -0.00024, -0.000141, 0.0, 0.000265, 0.976706, 0.214588, 0.375166, 8.6e-05, -0.214587, 0.976705, -0.0, 0.0, 0.0, 0.0, 1.0],
                [1.0, -0.00024, -0.000141, -0.0, 0.000265, 0.976705, 0.214588, 0.375166, 8.6e-05, -0.214587, 0.976705, 0.0, 0.0, 0.0, 0.0, 1.0],
                [1.0, -0.00024, -0.000141, 0.0, 0.000265, 0.976706, 0.214586, 0.375166, 8.6e-05, -0.214586, 0.976705, 0.0, 0.0, 0.0, 0.0, 1.0],
                [1.0, -0.00024, -0.000141, -0.0, 0.000265, 0.976705, 0.214587, 0.375166, 8.6e-05, -0.214586, 0.976705, 0.0, 0.0, 0.0, 0.0, 1.0],
                [1.0, -0.00024, -0.000141, -0.0, 0.000265, 0.976705, 0.214588, 0.375166, 8.6e-05, -0.214588, 0.976705, 0.0, 0.0, 0.0, 0.0, 1.0],
                [1.0, -0.00024, -0.000141, -0.0, 0.000265, 0.976705, 0.214589, 0.375166, 8.6e-05, -0.214589, 0.976704, -0.0, 0.0, 0.0, 0.0, 1.0],
                [1.0, -0.00024, -0.000141, 0.0, 0.000265, 0.976706, 0.214587, 0.375166, 8.6e-05, -0.214586, 0.976705, 0.0, 0.0, 0.0, 0.0, 1.0],
                [1.0, -0.00024, -0.000141, -0.0, 0.000265, 0.976705, 0.214588, 0.375166, 8.6e-05, -0.214587, 0.976705, 0.0, 0.0, 0.0, 0.0, 1.0],
                [1.0, -0.00024, -0.000141, 0.0, 0.000265, 0.976705, 0.214587, 0.375166, 8.6e-05, -0.214586, 0.976705, 0.0, 0.0, 0.0, 0.0, 1.0],
                [1.0, -0.00024, -0.000141, -0.0, 0.000265, 0.976705, 0.214588, 0.375166, 8.6e-05, -0.214587, 0.976705, 0.0, 0.0, 0.0, 0.0, 1.0],
                [1.0, -0.00024, -0.000141, -0.0, 0.000265, 0.976705, 0.214586, 0.375166, 8.6e-05, -0.214586, 0.976705, 0.0, 0.0, 0.0, 0.0, 1.0],
                [1.0, -0.00024, -0.000141, 0.0, 0.000265, 0.976705, 0.214587, 0.375166, 8.6e-05, -0.214586, 0.976705, 0.0, 0.0, 0.0, 0.0, 1.0],
                [1.0, -0.00024, -0.000141, -0.0, 0.000265, 0.976705, 0.214588, 0.375166, 8.6e-05, -0.214588, 0.976704, 0.0, 0.0, 0.0, 0.0, 1.0],
                [1.0, -0.00024, -0.000141, -0.0, 0.000265, 0.976706, 0.214585, 0.375166, 8.6e-05, -0.214585, 0.976705, 0.0, 0.0, 0.0, 0.0, 1.0],
                [1.0, -0.00024, -0.000141, 0.0, 0.000265, 0.976706, 0.214585, 0.375166, 8.6e-05, -0.214585, 0.976705, 0.0, 0.0, 0.0, 0.0, 1.0],
                [1.0, -0.00024, -0.000141, -0.0, 0.000265, 0.976706, 0.214587, 0.375166, 8.6e-05, -0.214586, 0.976705, 0.0, 0.0, 0.0, 0.0, 1.0],
                [1.0, -0.00024, -0.000141, -0.0, 0.000265, 0.976706, 0.214585, 0.375166, 8.6e-05, -0.214585, 0.976705, 0.0, 0.0, 0.0, 0.0, 1.0],
                [1.0, -0.00024, -0.000141, 0.0, 0.000265, 0.976706, 0.214585, 0.375166, 8.6e-05, -0.214585, 0.976705, -0.0, 0.0, 0.0, 0.0, 1.0],
                [1.0, -0.00024, -0.000141, 0.0, 0.000265, 0.976706, 0.214585, 0.375166, 8.6e-05, -0.214585, 0.976705, 0.0, 0.0, 0.0, 0.0, 1.0],
                [1.0, -0.00024, -0.000141, -0.0, 0.000265, 0.976705, 0.214587, 0.375166, 8.6e-05, -0.214586, 0.976705, 0.0, 0.0, 0.0, 0.0, 1.0],
                [1.0, -0.00024, -0.000141, 0.0, 0.000265, 0.976706, 0.214586, 0.375166, 8.6e-05, -0.214586, 0.976705, 0.0, 0.0, 0.0, 0.0, 1.0],
                [1.0, -0.00024, -0.000141, -0.0, 0.000265, 0.976705, 0.214589, 0.375166, 8.6e-05, -0.214589, 0.976704, 0.0, 0.0, 0.0, 0.0, 1.0],
                [1.0, -0.00024, -0.000141, -0.0, 0.000265, 0.976705, 0.214588, 0.375166, 8.6e-05, -0.214587, 0.976705, 0.0, 0.0, 0.0, 0.0, 1.0],
                [1.0, -0.00024, -0.000141, 0.0, 0.000265, 0.976706, 0.214585, 0.375166, 8.6e-05, -0.214585, 0.976705, -0.0, 0.0, 0.0, 0.0, 1.0],
                [1.0, -0.00024, -0.000141, -0.0, 0.000265, 0.976705, 0.214587, 0.375166, 8.6e-05, -0.214586, 0.976705, 0.0, 0.0, 0.0, 0.0, 1.0],
                [1.0, -0.00024, -0.000141, -0.0, 0.000265, 0.976706, 0.214588, 0.375166, 8.6e-05, -0.214587, 0.976705, 0.0, 0.0, 0.0, 0.0, 1.0],
                [1.0, -0.00024, -0.000141, 0.0, 0.000265, 0.976706, 0.214585, 0.375166, 8.6e-05, -0.214585, 0.976706, -0.0, 0.0, 0.0, 0.0, 1.0],
                [1.0, -0.00024, -0.000141, -0.0, 0.000265, 0.976706, 0.214585, 0.375166, 8.6e-05, -0.214585, 0.976706, 0.0, 0.0, 0.0, 0.0, 1.0],
                [1.0, -0.00024, -0.000141, -0.0, 0.000265, 0.976706, 0.214588, 0.375166, 8.6e-05, -0.214587, 0.976705, 0.0, 0.0, 0.0, 0.0, 1.0],
                [1.0, -0.00024, -0.000141, 0.0, 0.000265, 0.976706, 0.214585, 0.375166, 8.6e-05, -0.214585, 0.976705, -0.0, 0.0, 0.0, 0.0, 1.0],
                [1.0, -0.00024, -0.000141, 0.0, 0.000265, 0.976706, 0.214585, 0.375166, 8.6e-05, -0.214585, 0.976705, 0.0, 0.0, 0.0, 0.0, 1.0],
                [1.0, -0.00024, -0.000141, 0.0, 0.000265, 0.976706, 0.214587, 0.375166, 8.6e-05, -0.214586, 0.976705, -0.0, 0.0, 0.0, 0.0, 1.0],
                [1.0, -0.00024, -0.000141, 0.0, 0.000265, 0.976706, 0.214586, 0.375166, 8.6e-05, -0.214585, 0.976705, 0.0, 0.0, 0.0, 0.0, 1.0],
                [1.0, -0.00024, -0.000141, 0.0, 0.000265, 0.976706, 0.214585, 0.375166, 8.6e-05, -0.214585, 0.976705, 0.0, 0.0, 0.0, 0.0, 1.0],
                [1.000001, -0.00024, -0.000141, -0.0, 0.000265, 0.976705, 0.214588, 0.375166, 8.6e-05, -0.214587, 0.976705, 0.0, 0.0, 0.0, 0.0, 1.0],
                [1.0, -0.00024, -0.000141, 0.0, 0.000265, 0.976705, 0.214589, 0.375166, 8.6e-05, -0.214589, 0.976704, -0.0, 0.0, 0.0, 0.0, 1.0],
                [1.0, -0.00024, -0.000141, 0.0, 0.000265, 0.976705, 0.214587, 0.375166, 8.6e-05, -0.214586, 0.976704, 0.0, 0.0, 0.0, 0.0, 1.0],
                [1.0, -0.00024, -0.000141, 0.0, 0.000265, 0.976706, 0.214587, 0.375166, 8.6e-05, -0.214586, 0.976705, 0.0, 0.0, 0.0, 0.0, 1.0],
                [1.0, -0.00024, -0.000141, 0.0, 0.000265, 0.976706, 0.214585, 0.375166, 8.6e-05, -0.214585, 0.976705, 0.0, 0.0, 0.0, 0.0, 1.0],
                [1.0, -0.00024, -0.000141, 0.0, 0.000265, 0.976706, 0.214585, 0.375166, 8.6e-05, -0.214585, 0.976705, -0.0, 0.0, 0.0, 0.0, 1.0],
                [1.0, -0.00024, -0.000141, 0.0, 0.000265, 0.976706, 0.214588, 0.375166, 8.6e-05, -0.214587, 0.976705, -0.0, 0.0, 0.0, 0.0, 1.0],
                [1.0, -0.00024, -0.000141, -0.0, 0.000265, 0.976706, 0.214586, 0.375166, 8.6e-05, -0.214586, 0.976705, -0.0, 0.0, 0.0, 0.0, 1.0],
                [1.0, -0.00024, -0.000141, -0.0, 0.000265, 0.976705, 0.214587, 0.375166, 8.6e-05, -0.214586, 0.976705, 0.0, 0.0, 0.0, 0.0, 1.0],
                [1.0, -0.00024, -0.000141, 0.0, 0.000265, 0.976706, 0.214588, 0.375166, 8.6e-05, -0.214587, 0.976705, 0.0, 0.0, 0.0, 0.0, 1.0],
