{
    "animation": [
        {
            "name": "Root",
            "time": [0.0, 0.0167, 0.0333, 0.05, 0.0667, 0.0833, 0.1, 0.1167, 0.1333, 0.15, 0.1667, 0.1833, 0.2, 0.2167, 0.2333, 0.25, 0.2667, 0.2833, 0.3, 0.3167, 0.3333, 0.35, 0.3667, 0.3833, 0.4, 0.4167, 0.4333, 0.45, 0.4667, 0.4833, 0.5, 0.5167, 0.5333, 0.55, 0.5667, 0.5833, 0.6, 0.6167, 0.6333, 0.65, 0.6667, 0.6833, 0.7, 0.7167, 0.7333, 0.75, 0.7667, 0.7833, 0.8, 0.8167, 0.8333, 0.85, 0.8667, 0.8833, 0.9, 0.9167, 0.9333, 0.95, 0.9667, 0.9833, 1.0, 1.0167, 1.0333, 1.05, 1.0667, 1.0833, 1.1, 1.1167, 1.1333, 1.15, 1.1667, 1.1833, 1.2, 1.2167, 1.2333, 1.25, 1.2667, 1.2833, 1.3, 1.3167, 1.3333, 1.35, 1.3667, 1.3833, 1.4, 1.4167, 1.4333, 1.45, 1.4667, 1.4833, 1.5, 1.5167, 1.5333, 1.55, 1.5667, 1.5833, 1.6, 1.6167, 1.6333, 1.65, 1.6667, 1.6833, 1.7, 1.7167, 1.7333, 1.75, 1.7667, 1.7833, 1.8, 1.8167, 1.8333, 1.85, 1.8667, 1.8833, 1.9, 1.9167, 1.9333, 1.95, 1.9667, 1.9833, 2.0],
            "transform": [
                [0.900842, 0.0, -0.434148, -5e-06, -0.434148, 0.0, -0.900842, 0.000946, 0.0, 1.0, 0.0, 0.31744, 0.0, 0.0, 0.0, 1.0],
                [0.900842, 0.0, -0.434148, -5e-06, -0.434148, 0.0, -0.900842, 0.000946, 0.0, 1.0, 0.0, 0.317432, 0.0, 0.0, 0.0, 1.0],
                [0.900842, 0.0, -0.434148, -5e-06, -0.434148, 0.0, -0.900842, 0.000946, 0.0, 1.0, 0.0, 0.317408, 0.0, 0.0, 0.0, 1.0],
                [0.900842, 0.0, -0.434148, -5e-06, -0.434148, 0.0, -0.900842, 0.000946, 0.0, 1.0, 0.0, 0.317367, 0.0, 0.0, 0.0, 1.0],
                [0.900842, 0.0, -0.434148, -5e-06, -0.434148, 0.0, -0.900842, 0.000946, 0.0, 1.0, 0.0, 0.31731, 0.0, 0.0, 0.0, 1.0],
                [0.900842, 0.0, -0.434148, -5e-06, -0.434148, 0.0, -0.900842, 0.000946, 0.0, 1.0, 0.0, 0.317236, 0.0, 0.0, 0.0, 1.0],
                [0.900842, 0.0, -0.434148, -5e-06, -0.434148, 0.0, -0.900842, 0.000946, 0.0, 1.0, 0.0, 0.317146, 0.0, 0.0, 0.0, 1.0],
                [0.900842, 0.0, -0.434148, -5e-06, -0.434148, 0.0, -0.900842, 0.000946, 0.0, 1.0, 0.0, 0.317039, 0.0, 0.0, 0.0, 1.0],
                [0.900842, 0.0, -0.434148, -5e-06, -0.434148, 0.0, -0.900842, 0.000946, 0.0, 1.0, 0.0, 0.316916, 0.0, 0.0, 0.0, 1.0],
                [0.900842, 0.0, -0.434148, -5e-06, -0.434148, 0.0, -0.900842, 0.000946, 0.0, 1.0, 0.0, 0.316777, 0.0, 0.0, 0.0, 1.0],
                [0.900842, 0.0, -0.434148, -5e-06, -0.434148, 0.0, -0.900842, 0.000946, 0.0, 1.0, 0.0, 0.316621, 0.0, 0.0, 0.0, 1.0],
                [0.900842, 0.0, -0.434148, -5e-06, -0.434148, 0.0, -0.900842, 0.000946, 0.0, 1.0, 0.0, 0.316449, 0.0, 0.0, 0.0, 1.0],
                [0.900842, 0.0, -0.434148, -5e-06, -0.434148, 0.0, -0.900842, 0.000946, 0.0, 1.0, 0.0, 0.316261, 0.0, 0.0, 0.0, 1.0],
                [0.900842, 0.0, -0.434148, -5e-06, -0.434148, 0.0, -0.900842, 0.000946, 0.0, 1.0, 0.0, 0.316058, 0.0, 0.0, 0.0, 1.0],
                [0.900842, 0.0, -0.434148, -5e-06, -0.434148, 0.0, -0.900842, 0.000946, 0.0, 1.0, 0.0, 0.315839, 0.0, 0.0, 0.0, 1.0],
                [0.900842, 0.0, -0.434148, -5e-06, -0.434148, 0.0, -0.900842, 0.000946, 0.0, 1.0, 0.0, 0.315606, 0.0, 0.0, 0.0, 1.0],
                [0.900842, 0.0, -0.434148, -5e-06, -0.434148, 0.0, -0.900842, 0.000946, 0.0, 1.0, 0.0, 0.315358, 0.0, 0.0, 0.0, 1.0],
                [0.900842, 0.0, -0.434148, -5e-06, -0.434148, 0.0, -0.900842, 0.000946, 0.0, 1.0, 0.0, 0.315096, 0.0, 0.0, 0.0, 1.0],
                [0.900842, 0.0, -0.434148, -5e-06, -0.434148, 0.0, -0.900842, 0.000946, 0.0, 1.0, 0.0, 0.314822, 0.0, 0.0, 0.0, 1.0],
                [0.900842, 0.0, -0.434148, -5e-06, -0.434148, 0.0, -0.900842, 0.000946, 0.0, 1.0, 0.0, 0.314534, 0.0, 0.0, 0.0, 1.0],
                [0.900842, 0.0, -0.434148, -5e-06, -0.434148, 0.0, -0.900842, 0.000946, 0.0, 1.0, 0.0, 0.314235, 0.0, 0.0, 0.0, 1.0],
                [0.900842, 0.0, -0.434148, -5e-06, -0.434148, 0.0, -0.900842, 0.000946, 0.0, 1.0, 0.0, 0.313926, 0.0, 0.0, 0.0, 1.0],
                [0.900842, 0.0, -0.434148, -5e-06, -0.434148, 0.0, -0.900842, 0.000946, 0.0, 1.0, 0.0, 0.313606, 0.0, 0.0, 0.0, 1.0],
                [0.900842, 0.0, -0.434148, -5e-06, -0.434148, 0.0, -0.900842, 0.000946, 0.0, 1.0, 0.0, 0.313276, 0.0, 0.0, 0.0, 1.0],
                [0.900842, 0.0, -0.434148, -5e-06, -0.434148, 0.0, -0.900842, 0.000946, 0.0, 1.0, 0.0, 0.312939, 0.0, 0.0, 0.0, 1.0],
                [0.900842, 0.0, -0.434148, -5e-06, -0.434148, 0.0, -0.900842, 0.000946, 0.0, 1.0, 0.0, 0.312595, 0.0, 0.0, 0.0, 1.0],
                [0.900842, 0.0, -0.434148, -5e-06, -0.434148, 0.0, -0.900842, 0.000946, 0.0, 1.0, 0.0, 0.312244, 0.0, 0.0, 0.0, 1.0],
                [0.900842, 0.0, -0.434148, -5e-06, -0.434148, 0.0, -0.900842, 0.000946, 0.0, 1.0, 0.0, 0.311889, 0.0, 0.0, 0.0, 1.0],
                [0.900842, 0.0, -0.434148, -5e-06, -0.434148, 0.0, -0.900842, 0.000946, 0.0, 1.0, 0.0, 0.31153, 0.0, 0.0, 0.0, 1.0],
                [0.900842, 0.0, -0.434148, -5e-06, -0.434148, 0.0, -0.900842, 0.000946, 0.0, 1.0, 0.0, 0.311169, 0.0, 0.0, 0.0, 1.0],
                [0.900842, 0.0, -0.434148, -5e-06, -0.434148, 0.0, -0.900842, 0.000946, 0.0, 1.0, 0.0, 0.310807, 0.0, 0.0, 0.0, 1.0],
                [0.900842, 0.0, -0.434148, -5e-06, -0.434148, 0.0, -0.900842, 0.000946, 0.0, 1.0, 0.0, 0.310444, 0.0, 0.0, 0.0, 1.0],
                [0.900842, 0.0, -0.434148, -5e-06, -0.434148, 0.0, -0.900842, 0.000946, 0.0, 1.0, 0.0, 0.310083, 0.0, 0.0, 0.0, 1.0],
                [0.900842, 0.0, -0.434148, -5e-06, -0.434148, 0.0, -0.900842, 0.000946, 0.0, 1.0, 0.0, 0.309724, 0.0, 0.0, 0.0, 1.0],
                [0.900842, 0.0, -0.434148, -5e-06, -0.434148, 0.0, -0.900842, 0.000946, 0.0, 1.0, 0.0, 0.309369, 0.0, 0.0, 0.0, 1.0],
                [0.900842, 0.0, -0.434148, -5e-06, -0.434148, 0.0, -0.900842, 0.000946, 0.0, 1.0, 0.0, 0.309018, 0.0, 0.0, 0.0, 1.0],
                [0.900842, 0.0, -0.434148, -5e-06, -0.434148, 0.0, -0.900842, 0.000946, 0.0, 1.0, 0.0, 0.308674, 0.0, 0.0, 0.0, 1.0],
                [0.900842, 0.0, -0.434148, -5e-06, -0.434148, 0.0, -0.900842, 0.000946, 0.0, 1.0, 0.0, 0.308337, 0.0, 0.0, 0.0, 1.0],
                [0.900842, 0.0, -0.434148, -5e-06, -0.434148, 0.0, -0.900842, 0.000946, 0.0, 1.0, 0.0, 0.308008, 0.0, 0.0, 0.0, 1.0],
                [0.900842, 0.0, -0.434148, -5e-06, -0.434148, 0.0, -0.900842, 0.000946, 0.0, 1.0, 0.0, 0.307688, 0.0, 0.0, 0.0, 1.0],
                [0.900842, 0.0, -0.434148, -5e-06, -0.434148, 0.0, -0.900842, 0.000946, 0.0, 1.0, 0.0, 0.307378, 0.0, 0.0, 0.0, 1.0],
                [0.900842, 0.0, -0.434148, -5e-06, -0.434148, 0.0, -0.900842, 0.000946, 0.0, 1.0, 0.0, 0.307079, 0.0, 0.0, 0.0, 1.0],
                [0.900842, 0.0, -0.434148, -5e-06, -0.434148, 0.0, -0.900842, 0.000946, 0.0, 1.0, 0.0, 0.306792, 0.0, 0.0, 0.0, 1.0],
                [0.900842, 0.0, -0.434148, -5e-06, -0.434148, 0.0, -0.900842, 0.000946, 0.0, 1.0, 0.0, 0.306517, 0.0, 0.0, 0.0, 1.0],
                [0.900842, 0.0, -0.434148, -5e-06, -0.434148, 0.0, -0.900842, 0.000946, 0.0, 1.0, 0.0, 0.306255, 0.0, 0.0, 0.0, 1.0],
                [0.900842, 0.0, -0.434148, -5e-06, -0.434148, 0.0, -0.900842, 0.000946, 0.0, 1.0, 0.0, 0.306008, 0.0, 0.0, 0.0, 1.0],
                [0.900842, 0.0, -0.434148, -5e-06, -0.434148, 0.0, -0.900842, 0.000946, 0.0, 1.0, 0.0, 0.305774, 0.0, 0.0, 0.0, 1.0],
                [0.900842, 0.0, -0.434148, -5e-06, -0.434148, 0.0, -0.900842, 0.000946, 0.0, 1.0, 0.0, 0.305556, 0.0, 0.0, 0.0, 1.0],
                [0.900842, 0.0, -0.434148, -5e-06, -0.434148, 0.0, -0.900842, 0.000946, 0.0, 1.0, 0.0, 0.305352, 0.0, 0.0, 0.0, 1.0],
                [0.900842, 0.0, -0.434148, -5e-06, -0.434148, 0.0, -0.900842, 0.000946, 0.0, 1.0, 0.0, 0.305164, 0.0, 0.0, 0.0, 1.0],
                [0.900842, 0.0, -0.434148, -5e-06, -0.434148, 0.0, -0.900842, 0.000946, 0.0, 1.0, 0.0, 0.304992, 0.0, 0.0, 0.0, 1.0],
                [0.900842, 0.0, -0.434148, -5e-06, -0.434148, 0.0, -0.900842, 0.000946, 0.0, 1.0, 0.0, 0.304837, 0.0, 0.0, 0.0, 1.0],
                [0.900842, 0.0, -0.434148, -5e-06, -0.434148, 0.0, -0.900842, 0.000946, 0.0, 1.0, 0.0, 0.304697, 0.0, 0.0, 0.0, 1.0],
                [0.900842, 0.0, -0.434148, -5e-06, -0.434148, 0.0, -0.900842, 0.000946, 0.0, 1.0, 0.0, 0.304574, 0.0, 0.0, 0.0, 1.0],
                [0.900842, 0.0, -0.434148, -5e-06, -0.434148, 0.0, -0.900842, 0.000946, 0.0, 1.0, 0.0, 0.304467, 0.0, 0.0, 0.0, 1.0],
                [0.900842, 0.0, -0.434148, -5e-06, -0.434148, 0.0, -0.900842, 0.000946, 0.0, 1.0, 0.0, 0.304377, 0.0, 0.0, 0.0, 1.0],
                [0.900842, 0.0, -0.434148, -5e-06, -0.434148, 0.0, -0.900842, 0.000946, 0.0, 1.0, 0.0, 0.304303, 0.0, 0.0, 0.0, 1.0],
                [0.900842, 0.0, -0.434148, -5e-06, -0.434148, 0.0, -0.900842, 0.000946, 0.0, 1.0, 0.0, 0.304246, 0.0, 0.0, 0.0, 1.0],
                [0.900842, 0.0, -0.434148, -5e-06, -0.434148, 0.0, -0.900842, 0.000946, 0.0, 1.0, 0.0, 0.304205, 0.0, 0.0, 0.0, 1.0],
                [0.900842, 0.0, -0.434148, -5e-06, -0.434148, 0.0, -0.900842, 0.000946, 0.0, 1.0, 0.0, 0.304181, 0.0, 0.0, 0.0, 1.0],
                [0.900842, 0.0, -0.434148, -5e-06, -0.434148, 0.0, -0.900842, 0.000946, 0.0, 1.0, 0.0, 0.304173, 0.0, 0.0, 0.0, 1.0],
                [0.900842, 0.0, -0.434148, -5e-06, -0.434148, 0.0, -0.900842, 0.000946, 0.0, 1.0, 0.0, 0.304181, 0.0, 0.0, 0.0, 1.0],
                [0.900842, 0.0, -0.434148, -5e-06, -0.434148, 0.0, -0.900842, 0.000946, 0.0, 1.0, 0.0, 0.304205, 0.0, 0.0, 0.0, 1.0],
                [0.900842, 0.0, -0.434148, -5e-06, -0.434148, 0.0, -0.900842, 0.000946, 0.0, 1.0, 0.0, 0.304246, 0.0, 0.0, 0.0, 1.0],
                [0.900842, 0.0, -0.434148, -5e-06, -0.434148, 0.0, -0.900842, 0.000946, 0.0, 1.0, 0.0, 0.304303, 0.0, 0.0, 0.0, 1.0],
                [0.900842, 0.0, -0.434148, -5e-06, -0.434148, 0.0, -0.900842, 0.000946, 0.0, 1.0, 0.0, 0.304377, 0.0, 0.0, 0.0, 1.0],
                [0.900842, 0.0, -0.434148, -5e-06, -0.434148, 0.0, -0.900842, 0.000946, 0.0, 1.0, 0.0, 0.304467, 0.0, 0.0, 0.0, 1.0],
                [0.900842, 0.0, -0.434148, -5e-06, -0.434148, 0.0, -0.900842, 0.000946, 0.0, 1.0, 0.0, 0.304574, 0.0, 0.0, 0.0, 1.0],
                [0.900842, 0.0, -0.434148, -5e-06, -0.434148, 0.0, -0.900842, 0.000946, 0.0, 1.0, 0.0, 0.304697, 0.0, 0.0, 0.0, 1.0],
                [0.900842, 0.0, -0.434148, -5e-06, -0.434148, 0.0, -0.900842, 0.000946, 0.0, 1.0, 0.0, 0.304837, 0.0, 0.0, 0.0, 1.0],
                [0.900842, 0.0, -0.434148, -5e-06, -0.434148, 0.0, -0.900842, 0.000946, 0.0, 1.0, 0.0, 0.304992, 0.0, 0.0, 0.0, 1.0],
                [0.900842, 0.0, -0.434148, -5e-06, -0.434148, 0.0, -0.900842, 0.000946, 0.0, 1.0, 0.0, 0.305164, 0.0, 0.0, 0.0, 1.0],
                [0.900842, 0.0, -0.434148, -5e-06, -0.434148, 0.0, -0.900842, 0.000946, 0.0, 1.0, 0.0, 0.305352, 0.0, 0.0, 0.0, 1.0],
                [0.900842, 0.0, -0.434148, -5e-06, -0.434148, 0.0, -0.900842, 0.000946, 0.0, 1.0, 0.0, 0.305556, 0.0, 0.0, 0.0, 1.0],
                [0.900842, 0.0, -0.434148, -5e-06, -0.434148, 0.0, -0.900842, 0.000946, 0.0, 1.0, 0.0, 0.305774, 0.0, 0.0, 0.0, 1.0],
                [0.900842, 0.0, -0.434148, -5e-06, -0.434148, 0.0, -0.900842, 0.000946, 0.0, 1.0, 0.0, 0.306008, 0.0, 0.0, 0.0, 1.0],
                [0.900842, 0.0, -0.434148, -5e-06, -0.434148, 0.0, -0.900842, 0.000946, 0.0, 1.0, 0.0, 0.306255, 0.0, 0.0, 0.0, 1.0],
                [0.900842, 0.0, -0.434148, -5e-06, -0.434148, 0.0, -0.900842, 0.000946, 0.0, 1.0, 0.0, 0.306517, 0.0, 0.0, 0.0, 1.0],
                [0.900842, 0.0, -0.434148, -5e-06, -0.434148, 0.0, -0.900842, 0.000946, 0.0, 1.0, 0.0, 0.306792, 0.0, 0.0, 0.0, 1.0],
                [0.900842, 0.0, -0.434148, -5e-06, -0.434148, 0.0, -0.900842, 0.000946, 0.0, 1.0, 0.0, 0.307079, 0.0, 0.0, 0.0, 1.0],
                [0.900842, 0.0, -0.434148, -5e-06, -0.434148, 0.0, -0.900842, 0.000946, 0.0, 1.0, 0.0, 0.307378, 0.0, 0.0, 0.0, 1.0],
                [0.900842, 0.0, -0.434148, -5e-06, -0.434148, 0.0, -0.900842, 0.000946, 0.0, 1.0, 0.0, 0.307688, 0.0, 0.0, 0.0, 1.0],
                [0.900842, 0.0, -0.434148, -5e-06, -0.434148, 0.0, -0.900842, 0.000946, 0.0, 1.0, 0.0, 0.308008, 0.0, 0.0, 0.0, 1.0],
                [0.900842, 0.0, -0.434148, -5e-06, -0.434148, 0.0, -0.900842, 0.000946, 0.0, 1.0, 0.0, 0.308337, 0.0, 0.0, 0.0, 1.0],
                [0.900842, 0.0, -0.434148, -5e-06, -0.434148, 0.0, -0.900842, 0.000946, 0.0, 1.0, 0.0, 0.308674, 0.0, 0.0, 0.0, 1.0],
                [0.900842, 0.0, -0.434148, -5e-06, -0.434148, 0.0, -0.900842, 0.000946, 0.0, 1.0, 0.0, 0.309018, 0.0, 0.0, 0.0, 1.0],
                [0.900842, 0.0, -0.434148, -5e-06, -0.434148, 0.0, -0.900842, 0.000946, 0.0, 1.0, 0.0, 0.309369, 0.0, 0.0, 0.0, 1.0],
                [0.900842, 0.0, -0.434148, -5e-06, -0.434148, 0.0, -0.900842, 0.000946, 0.0, 1.0, 0.0, 0.309724, 0.0, 0.0, 0.0, 1.0],
                [0.900842, 0.0, -0.434148, -5e-06, -0.434148, 0.0, -0.900842, 0.000946, 0.0, 1.0, 0.0, 0.310083, 0.0, 0.0, 0.0, 1.0],
                [0.900842, 0.0, -0.434148, -5e-06, -0.434148, 0.0, -0.900842, 0.000946, 0.0, 1.0, 0.0, 0.310444, 0.0, 0.0, 0.0, 1.0],
                [0.900842, 0.0, -0.434148, -5e-06, -0.434148, 0.0, -0.900842, 0.000946, 0.0, 1.0, 0.0, 0.310807, 0.0, 0.0, 0.0, 1.0],
                [0.900842, 0.0, -0.434148, -5e-06, -0.434148, 0.0, -0.900842, 0.000946, 0.0, 1.0, 0.0, 0.311169, 0.0, 0.0, 0.0, 1.0],
                [0.900842, 0.0, -0.434148, -5e-06, -0.434148, 0.0, -0.900842, 0.000946, 0.0, 1.0, 0.0, 0.31153, 0.0, 0.0, 0.0, 1.0],
                [0.900842, 0.0, -0.434148, -5e-06, -0.434148, 0.0, -0.900842, 0.000946, 0.0, 1.0, 0.0, 0.311889, 0.0, 0.0, 0.0, 1.0],
                [0.900842, 0.0, -0.434148, -5e-06, -0.434148, 0.0, -0.900842, 0.000946, 0.0, 1.0, 0.0, 0.312244, 0.0, 0.0, 0.0, 1.0],
                [0.900842, 0.0, -0.434148, -5e-06, -0.434148, 0.0, -0.900842, 0.000946, 0.0, 1.0, 0.0, 0.312595, 0.0, 0.0, 0.0, 1.0],
                [0.900842, 0.0, -0.434148, -5e-06, -0.434148, 0.0, -0.900842, 0.000946, 0.0, 1.0, 0.0, 0.312939, 0.0, 0.0, 0.0, 1.0],
                [0.900842, 0.0, -0.434148, -5e-06, -0.434148, 0.0, -0.900842, 0.000946, 0.0, 1.0, 0.0, 0.313276, 0.0, 0.0, 0.0, 1.0],
                [0.900842, 0.0, -0.434148, -5e-06, -0.434148, 0.0, -0.900842, 0.000946, 0.0, 1.0, 0.0, 0.313606, 0.0, 0.0, 0.0, 1.0],
                [0.900842, 0.0, -0.434148, -5e-06, -0.434148, 0.0, -0.900842, 0.000946, 0.0, 1.0, 0.0, 0.313926, 0.0, 0.0, 0.0, 1.0],
                [0.900842, 0.0, -0.434148, -5e-06, -0.434148, 0.0, -0.900842, 0.000946, 0.0, 1.0, 0.0, 0.314235, 0.0, 0.0, 0.0, 1.0],
                [0.900842, 0.0, -0.434148, -5e-06, -0.434148, 0.0, -0.900842, 0.000946, 0.0, 1.0, 0.0, 0.314534, 0.0, 0.0, 0.0, 1.0],
                [0.900842, 0.0, -0.434148, -5e-06, -0.434148, 0.0, -0.900842, 0.000946, 0.0, 1.0, 0.0, 0.314822, 0.0, 0.0, 0.0, 1.0],
                [0.900842, 0.0, -0.434148, -5e-06, -0.434148, 0.0, -0.900842, 0.000946, 0.0, 1.0, 0.0, 0.315096, 0.0, 0.0, 0.0, 1.0],
                [0.900842, 0.0, -0.434148, -5e-06, -0.434148, 0.0, -0.900842, 0.000946, 0.0, 1.0, 0.0, 0.315358, 0.0, 0.0, 0.0, 1.0],
                [0.900842, 0.0, -0.434148, -5e-06, -0.434148, 0.0, -0.900842, 0.000946, 0.0, 1.0, 0.0, 0.315606, 0.0, 0.0, 0.0, 1.0],
                [0.900842, 0.0, -0.434148, -5e-06, -0.434148, 0.0, -0.900842, 0.000946, 0.0, 1.0, 0.0, 0.315839, 0.0, 0.0, 0.0, 1.0],
                [0.900842, 0.0, -0.434148, -5e-06, -0.434148, 0.0, -0.900842, 0.000946, 0.0, 1.0, 0.0, 0.316058, 0.0, 0.0, 0.0, 1.0],
                [0.900842, 0.0, -0.434148, -5e-06, -0.434148, 0.0, -0.900842, 0.000946, 0.0, 1.0, 0.0, 0.316261, 0.0, 0.0, 0.0, 1.0],
                [0.900842, 0.0, -0.434148, -5e-06, -0.434148, 0.0, -0.900842, 0.000946, 0.0, 1.0, 0.0, 0.316449, 0.0, 0.0, 0.0, 1.0],
                [0.900842, 0.0, -0.434148, -5e-06, -0.434148, 0.0, -0.900842, 0.000946, 0.0, 1.0, 0.0, 0.316621, 0.0, 0.0, 0.0, 1.0],
                [0.900842, 0.0, -0.434148, -5e-06, -0.434148, 0.0, -0.900842, 0.000946, 0.0, 1.0, 0.0, 0.316777, 0.0, 0.0, 0.0, 1.0],
                [0.900842, 0.0, -0.434148, -5e-06, -0.434148, 0.0, -0.900842, 0.000946, 0.0, 1.0, 0.0, 0.316916, 0.0, 0.0, 0.0, 1.0],
                [0.900842, 0.0, -0.434148, -5e-06, -0.434148, 0.0, -0.900842, 0.000946, 0.0, 1.0, 0.0, 0.317039, 0.0, 0.0, 0.0, 1.0],
                [0.900842, 0.0, -0.434148, -5e-06, -0.434148, 0.0, -0.900842, 0.000946, 0.0, 1.0, 0.0, 0.317146, 0.0, 0.0, 0.0, 1.0],
                [0.900842, 0.0, -0.434148, -5e-06, -0.434148, 0.0, -0.900842, 0.000946, 0.0, 1.0, 0.0, 0.317236, 0.0, 0.0, 0.0, 1.0],
                [0.900842, 0.0, -0.434148, -5e-06, -0.434148, 0.0, -0.900842, 0.000946, 0.0, 1.0, 0.0, 0.31731, 0.0, 0.0, 0.0, 1.0],
                [0.900842, 0.0, -0.434148, -5e-06, -0.434148, 0.0, -0.900842, 0.000946, 0.0, 1.0, 0.0, 0.317367, 0.0, 0.0, 0.0, 1.0],
                [0.900842, 0.0, -0.434148, -5e-06, -0.434148, 0.0, -0.900842, 0.000946, 0.0, 1.0, 0.0, 0.317408, 0.0, 0.0, 0.0, 1.0],
                [0.900842, 0.0, -0.434148, -5e-06, -0.434148, 0.0, -0.900842, 0.000946, 0.0, 1.0, 0.0, 0.317432, 0.0, 0.0, 0.0, 1.0],
                [0.900842, 0.0, -0.434148, -5e-06, -0.434148, 0.0, -0.900842, 0.000946, 0.0, 1.0, 0.0, 0.31744, 0.0, 0.0, 0.0, 1.0]
            ]
        },
        {
            "name": "Thigh_R",
            "time": [0.0, 0.0167, 0.0333, 0.05, 0.0667, 0.0833, 0.1, 0.1167, 0.1333, 0.15, 0.1667, 0.1833, 0.2, 0.2167, 0.2333, 0.25, 0.2667, 0.2833, 0.3, 0.3167, 0.3333, 0.35, 0.3667, 0.3833, 0.4, 0.4167, 0.4333, 0.45, 0.4667, 0.4833, 0.5, 0.5167, 0.5333, 0.55, 0.5667, 0.5833, 0.6, 0.6167, 0.6333, 0.65, 0.6667, 0.6833, 0.7, 0.7167, 0.7333, 0.75, 0.7667, 0.7833, 0.8, 0.8167, 0.8333, 0.85, 0.8667, 0.8833, 0.9, 0.9167, 0.9333, 0.95, 0.9667, 0.9833, 1.0, 1.0167, 1.0333, 1.05, 1.0667, 1.0833, 1.1, 1.1167, 1.1333, 1.15, 1.1667, 1.1833, 1.2, 1.2167, 1.2333, 1.25, 1.2667, 1.2833, 1.3, 1.3167, 1.3333, 1.35, 1.3667, 1.3833, 1.4, 1.4167, 1.4333, 1.45, 1.4667, 1.4833, 1.5, 1.5167, 1.5333, 1.55, 1.5667, 1.5833, 1.6, 1.6167, 1.6333, 1.65, 1.6667, 1.6833, 1.7, 1.7167, 1.7333, 1.75, 1.7667, 1.7833, 1.8, 1.8167, 1.8333, 1.85, 1.8667, 1.8833, 1.9, 1.9167, 1.9333, 1.95, 1.9667, 1.9833, 2.0],
            "transform": [
                [0.930837, 0.358358, -0.071535, 0.124994, 0.32098, -0.708209, 0.628805, -0.002831, 0.174682, -0.608258, -0.774242, -1.2e-05, 0.0, 0.0, 0.0, 1.0],
                [0.930833, 0.358369, -0.071538, 0.124994, 0.32099, -0.708204, 0.628806, -0.002831, 0.174688, -0.608258, -0.77424, -1.2e-05, 0.0, 0.0, 0.0, 1.0],
                [0.93082, 0.358401, -0.071547, 0.124994, 0.321019, -0.708187, 0.62881, -0.002831, 0.174704, -0.608258, -0.774237, -1.2e-05, 0.0, 0.0, 0.0, 1.0],
                [0.930798, 0.358456, -0.071563, 0.124994, 0.321069, -0.708159, 0.628816, -0.002831, 0.174731, -0.608259, -0.77423, -1.2e-05, 0.0, 0.0, 0.0, 1.0],
                [0.930766, 0.358532, -0.071586, 0.124994, 0.321138, -0.70812, 0.628825, -0.002831, 0.174769, -0.60826, -0.774221, -1.2e-05, 0.0, 0.0, 0.0, 1.0],
                [0.930726, 0.358631, -0.071615, 0.124994, 0.321228, -0.70807, 0.628836, -0.002831, 0.174818, -0.60826, -0.774209, -1.2e-05, 0.0, 0.0, 0.0, 1.0],
                [0.930677, 0.358751, -0.07165, 0.124994, 0.321338, -0.708008, 0.628849, -0.002831, 0.174878, -0.608261, -0.774195, -1.2e-05, 0.0, 0.0, 0.0, 1.0],
                [0.930619, 0.358894, -0.071692, 0.124994, 0.321468, -0.707934, 0.628865, -0.002831, 0.174949, -0.608262, -0.774178, -1.2e-05, 0.0, 0.0, 0.0, 1.0],
                [0.930552, 0.359059, -0.07174, 0.124994, 0.321618, -0.70785, 0.628884, -0.002831, 0.175031, -0.608263, -0.774159, -1.2e-05, 0.0, 0.0, 0.0, 1.0],
                [0.930475, 0.359246, -0.071795, 0.124994, 0.321788, -0.707754, 0.628904, -0.002831, 0.175125, -0.608264, -0.774137, -1.2e-05, 0.0, 0.0, 0.0, 1.0],
                [0.93039, 0.359455, -0.071856, 0.124994, 0.321978, -0.707647, 0.628927, -0.002831, 0.175229, -0.608265, -0.774113, -1.2e-05, 0.0, 0.0, 0.0, 1.0],
                [0.930295, 0.359686, -0.071923, 0.124994, 0.322189, -0.707529, 0.628952, -0.002831, 0.175344, -0.608266, -0.774086, -1.2e-05, 0.0, 0.0, 0.0, 1.0],
                [0.930192, 0.359939, -0.071997, 0.124994, 0.322419, -0.7074, 0.62898, -0.002831, 0.17547, -0.608266, -0.774057, -1.2e-05, 0.0, 0.0, 0.0, 1.0],
                [0.930079, 0.360213, -0.072077, 0.124994, 0.322668, -0.70726, 0.629009, -0.002831, 0.175606, -0.608267, -0.774026, -1.2e-05, 0.0, 0.0, 0.0, 1.0],
                [0.929959, 0.360508, -0.072162, 0.124994, 0.322937, -0.70711, 0.62904, -0.002831, 0.175753, -0.608267, -0.773993, -1.2e-05, 0.0, 0.0, 0.0, 1.0],
                [0.929829, 0.360823, -0.072254, 0.124994, 0.323224, -0.70695, 0.629073, -0.002831, 0.175911, -0.608266, -0.773957, -1.2e-05, 0.0, 0.0, 0.0, 1.0],
                [0.929691, 0.361158, -0.072351, 0.124994, 0.323529, -0.706779, 0.629108, -0.002831, 0.176077, -0.608265, -0.77392, -1.2e-05, 0.0, 0.0, 0.0, 1.0],
                [0.929545, 0.361513, -0.072454, 0.124994, 0.323852, -0.706599, 0.629144, -0.002831, 0.176254, -0.608264, -0.773881, -1.2e-05, 0.0, 0.0, 0.0, 1.0],
                [0.929392, 0.361886, -0.072562, 0.124994, 0.324191, -0.706409, 0.629182, -0.002831, 0.17644, -0.608262, -0.77384, -1.2e-05, 0.0, 0.0, 0.0, 1.0],
                [0.929231, 0.362277, -0.072675, 0.124994, 0.324547, -0.706211, 0.629221, -0.002831, 0.176635, -0.608259, -0.773798, -1.2e-05, 0.0, 0.0, 0.0, 1.0],
                [0.929062, 0.362685, -0.072793, 0.124994, 0.324918, -0.706005, 0.629261, -0.002831, 0.176838, -0.608256, -0.773754, -1.2e-05, 0.0, 0.0, 0.0, 1.0],
                [0.928887, 0.363109, -0.072915, 0.124994, 0.325304, -0.705791, 0.629302, -0.002831, 0.177049, -0.608251, -0.773709, -1.2e-05, 0.0, 0.0, 0.0, 1.0],
                [0.928705, 0.363548, -0.073041, 0.124994, 0.325703, -0.705569, 0.629344, -0.002831, 0.177268, -0.608246, -0.773664, -1.2e-05, 0.0, 0.0, 0.0, 1.0],
                [0.928518, 0.364, -0.073171, 0.124994, 0.326114, -0.705341, 0.629386, -0.002831, 0.177493, -0.60824, -0.773617, -1.2e-05, 0.0, 0.0, 0.0, 1.0],
                [0.928325, 0.364465, -0.073304, 0.124994, 0.326537, -0.705108, 0.629429, -0.002831, 0.177724, -0.608233, -0.773569, -1.2e-05, 0.0, 0.0, 0.0, 1.0],
                [0.928128, 0.36494, -0.07344, 0.124994, 0.326969, -0.704869, 0.629472, -0.002831, 0.177961, -0.608224, -0.773522, -1.2e-05, 0.0, 0.0, 0.0, 1.0],
                [0.927926, 0.365425, -0.073578, 0.124994, 0.327411, -0.704626, 0.629515, -0.002831, 0.178202, -0.608215, -0.773473, -1.2e-05, 0.0, 0.0, 0.0, 1.0],
                [0.92772, 0.365918, -0.073718, 0.124994, 0.327859, -0.704379, 0.629558, -0.002831, 0.178448, -0.608205, -0.773425, -1.2e-05, 0.0, 0.0, 0.0, 1.0],
                [0.927512, 0.366418, -0.07386, 0.124994, 0.328313, -0.704129, 0.629601, -0.002831, 0.178696, -0.608193, -0.773377, -1.2e-05, 0.0, 0.0, 0.0, 1.0],
                [0.927301, 0.366922, -0.074003, 0.124994, 0.328771, -0.703877, 0.629643, -0.002831, 0.178947, -0.60818, -0.773329, -1.2e-05, 0.0, 0.0, 0.0, 1.0],
                [0.927089, 0.367429, -0.074147, 0.124994, 0.329232, -0.703625, 0.629684, -0.002831, 0.1792, -0.608167, -0.773281, -1.2e-05, 0.0, 0.0, 0.0, 1.0],
                [0.926876, 0.367938, -0.07429, 0.124994, 0.329695, -0.703372, 0.629725, -0.002831, 0.179453, -0.608152, -0.773234, -1.2e-05, 0.0, 0.0, 0.0, 1.0],
                [0.926662, 0.368446, -0.074434, 0.124994, 0.330156, -0.703119, 0.629765, -0.002831, 0.179705, -0.608136, -0.773188, -1.2e-05, 0.0, 0.0, 0.0, 1.0],
                [0.926449, 0.368952, -0.074576, 0.124994, 0.330616, -0.702868, 0.629804, -0.002831, 0.179957, -0.608119, -0.773142, -1.2e-05, 0.0, 0.0, 0.0, 1.0],
                [0.926238, 0.369455, -0.074717, 0.124994, 0.331073, -0.702619, 0.629842, -0.002831, 0.180207, -0.608102, -0.773098, -1.2e-05, 0.0, 0.0, 0.0, 1.0],
                [0.926028, 0.369951, -0.074856, 0.124994, 0.331524, -0.702373, 0.629879, -0.002831, 0.180454, -0.608084, -0.773054, -1.2e-05, 0.0, 0.0, 0.0, 1.0],
                [0.925821, 0.370441, -0.074993, 0.124994, 0.331969, -0.702132, 0.629914, -0.002831, 0.180697, -0.608065, -0.773012, -1.2e-05, 0.0, 0.0, 0.0, 1.0],
                [0.925618, 0.370922, -0.075127, 0.124994, 0.332405, -0.701895, 0.629948, -0.002831, 0.180937, -0.608046, -0.772972, -1.2e-05, 0.0, 0.0, 0.0, 1.0],
                [0.925419, 0.371392, -0.075258, 0.124994, 0.332833, -0.701663, 0.62998, -0.002831, 0.18117, -0.608026, -0.772933, -1.2e-05, 0.0, 0.0, 0.0, 1.0],
                [0.925224, 0.37185, -0.075386, 0.124994, 0.333249, -0.701438, 0.630011, -0.002831, 0.181398, -0.608006, -0.772895, -1.2e-05, 0.0, 0.0, 0.0, 1.0],
                [0.925035, 0.372295, -0.075509, 0.124994, 0.333653, -0.701219, 0.630041, -0.002831, 0.181619, -0.607986, -0.772859, -1.2e-05, 0.0, 0.0, 0.0, 1.0],
                [0.924852, 0.372725, -0.075628, 0.124994, 0.334043, -0.701008, 0.630069, -0.002831, 0.181833, -0.607965, -0.772825, -1.2e-05, 0.0, 0.0, 0.0, 1.0],
                [0.924676, 0.373139, -0.075743, 0.124994, 0.334419, -0.700805, 0.630095, -0.002831, 0.182039, -0.607945, -0.772792, -1.2e-05, 0.0, 0.0, 0.0, 1.0],
                [0.924507, 0.373536, -0.075852, 0.124994, 0.33478, -0.700611, 0.63012, -0.002831, 0.182236, -0.607925, -0.772761, -1.2e-05, 0.0, 0.0, 0.0, 1.0],
                [0.924345, 0.373915, -0.075957, 0.124994, 0.335123, -0.700426, 0.630143, -0.002831, 0.182424, -0.607906, -0.772732, -1.2e-05, 0.0, 0.0, 0.0, 1.0],
                [0.924191, 0.374274, -0.076056, 0.124994, 0.33545, -0.70025, 0.630164, -0.002831, 0.182603, -0.607887, -0.772705, -1.2e-05, 0.0, 0.0, 0.0, 1.0],
                [0.924046, 0.374614, -0.076149, 0.124994, 0.335757, -0.700085, 0.630184, -0.002831, 0.182771, -0.607869, -0.772679, -1.2e-05, 0.0, 0.0, 0.0, 1.0],
                [0.92391, 0.374932, -0.076236, 0.124994, 0.336046, -0.699929, 0.630203, -0.002831, 0.18293, -0.607851, -0.772656, -1.2e-05, 0.0, 0.0, 0.0, 1.0],
                [0.923783, 0.375228, -0.076318, 0.124994, 0.336315, -0.699785, 0.63022, -0.002831, 0.183077, -0.607835, -0.772634, -1.2e-05, 0.0, 0.0, 0.0, 1.0],
                [0.923665, 0.375503, -0.076393, 0.124994, 0.336564, -0.699651, 0.630235, -0.002831, 0.183213, -0.607819, -0.772614, -1.2e-05, 0.0, 0.0, 0.0, 1.0],
                [0.923557, 0.375754, -0.076462, 0.124994, 0.336792, -0.699529, 0.630249, -0.002831, 0.183338, -0.607804, -0.772596, -1.2e-05, 0.0, 0.0, 0.0, 1.0],
                [0.923459, 0.375982, -0.076524, 0.124994, 0.337, -0.699418, 0.630261, -0.002831, 0.183451, -0.607791, -0.772579, -1.2e-05, 0.0, 0.0, 0.0, 1.0],
                [0.923371, 0.376187, -0.07658, 0.124994, 0.337185, -0.699319, 0.630272, -0.002831, 0.183553, -0.607779, -0.772565, -1.2e-05, 0.0, 0.0, 0.0, 1.0],
                [0.923294, 0.376368, -0.076629, 0.124994, 0.337349, -0.699231, 0.630282, -0.002831, 0.183643, -0.607768, -0.772552, -1.2e-05, 0.0, 0.0, 0.0, 1.0],
                [0.923226, 0.376524, -0.076672, 0.124994, 0.337491, -0.699155, 0.63029, -0.002831, 0.183721, -0.607758, -0.772541, -1.2e-05, 0.0, 0.0, 0.0, 1.0],
                [0.923169, 0.376657, -0.076708, 0.124994, 0.337611, -0.699091, 0.630297, -0.002831, 0.183786, -0.60775, -0.772532, -1.2e-05, 0.0, 0.0, 0.0, 1.0],
                [0.923122, 0.376765, -0.076738, 0.124994, 0.33771, -0.699038, 0.630303, -0.002831, 0.18384, -0.607743, -0.772524, -1.2e-05, 0.0, 0.0, 0.0, 1.0],
                [0.923086, 0.376849, -0.076761, 0.124994, 0.337786, -0.698997, 0.630307, -0.002831, 0.183882, -0.607738, -0.772518, -1.2e-05, 0.0, 0.0, 0.0, 1.0],
                [0.92306, 0.376909, -0.076777, 0.124994, 0.33784, -0.698968, 0.63031, -0.002831, 0.183912, -0.607734, -0.772514, -1.2e-05, 0.0, 0.0, 0.0, 1.0],
                [0.923045, 0.376945, -0.076787, 0.124994, 0.337873, -0.698951, 0.630312, -0.002831, 0.18393, -0.607732, -0.772512, -1.2e-05, 0.0, 0.0, 0.0, 1.0],
                [0.92304, 0.376957, -0.07679, 0.124994, 0.337884, -0.698945, 0.630313, -0.002831, 0.183935, -0.607731, -0.772511, -1.2e-05, 0.0, 0.0, 0.0, 1.0],
                [0.923045, 0.376945, -0.076787, 0.124994, 0.337873, -0.698951, 0.630312, -0.002831, 0.18393, -0.607732, -0.772512, -1.2e-05, 0.0, 0.0, 0.0, 1.0],
                [0.92306, 0.376909, -0.076777, 0.124994, 0.33784, -0.698968, 0.63031, -0.002831, 0.183912, -0.607734, -0.772514, -1.2e-05, 0.0, 0.0, 0.0, 1.0],
                [0.923086, 0.376849, -0.076761, 0.124994, 0.337786, -0.698997, 0.630307, -0.002831, 0.183882, -0.607738, -0.772518, -1.2e-05, 0.0, 0.0, 0.0, 1.0],
                [0.923122, 0.376765, -0.076738, 0.124994, 0.33771, -0.699038, 0.630303, -0.002831, 0.18384, -0.607743, -0.772524, -1.2e-05, 0.0, 0.0, 0.0, 1.0],
                [0.923169, 0.376657, -0.076708, 0.124994, 0.337611, -0.699091, 0.630297, -0.002831, 0.183786, -0.60775, -0.772532, -1.2e-05, 0.0, 0.0, 0.0, 1.0],
                [0.923226, 0.376524, -0.076672, 0.124994, 0.337491, -0.699155, 0.63029, -0.002831, 0.183721, -0.607758, -0.772541, -1.2e-05, 0.0, 0.0, 0.0, 1.0],
                [0.923294, 0.376368, -0.076629, 0.124994, 0.337349, -0.699231, 0.630282, -0.002831, 0.183643, -0.607768, -0.772552, -1.2e-05, 0.0, 0.0, 0.0, 1.0],
                [0.923371, 0.376187, -0.07658, 0.124994, 0.337185, -0.699319, 0.630272, -0.002831, 0.183553, -0.607779, -0.772565, -1.2e-05, 0.0, 0.0, 0.0, 1.0],
                [0.923459, 0.375982, -0.076524, 0.124994, 0.337, -0.699418, 0.630261, -0.002831, 0.183451, -0.607791, -0.772579, -1.2e-05, 0.0, 0.0, 0.0, 1.0],
                [0.923557, 0.375754, -0.076462, 0.124994, 0.336792, -0.699529, 0.630249, -0.002831, 0.183338, -0.607804, -0.772596, -1.2e-05, 0.0, 0.0, 0.0, 1.0],
                [0.923665, 0.375503, -0.076393, 0.124994, 0.336564, -0.699651, 0.630235, -0.002831, 0.183213, -0.607819, -0.772614, -1.2e-05, 0.0, 0.0, 0.0, 1.0],
                [0.923783, 0.375228, -0.076318, 0.124994, 0.336315, -0.699785, 0.63022, -0.002831, 0.183077, -0.607835, -0.772634, -1.2e-05, 0.0, 0.0, 0.0, 1.0],
                [0.92391, 0.374932, -0.076236, 0.124994, 0.336046, -0.699929, 0.630203, -0.002831, 0.18293, -0.607851, -0.772656, -1.2e-05, 0.0, 0.0, 0.0, 1.0],
                [0.924046, 0.374614, -0.076149, 0.124994, 0.335757, -0.700085, 0.630184, -0.002831, 0.182771, -0.607869, -0.772679, -1.2e-05, 0.0, 0.0, 0.0, 1.0],
                [0.924191, 0.374274, -0.076056, 0.124994, 0.33545, -0.70025, 0.630164, -0.002831, 0.182603, -0.607887, -0.772705, -1.2e-05, 0.0, 0.0, 0.0, 1.0],
                [0.924345, 0.373915, -0.075957, 0.124994, 0.335123, -0.700426, 0.630143, -0.002831, 0.182424, -0.607906, -0.772732, -1.2e-05, 0.0, 0.0, 0.0, 1.0],
                [0.924507, 0.373536, -0.075852, 0.124994, 0.33478, -0.700611, 0.63012, -0.002831, 0.182236, -0.607925, -0.772761, -1.2e-05, 0.0, 0.0, 0.0, 1.0],
                [0.924676, 0.373139, -0.075743, 0.124994, 0.334419, -0.700805, 0.630095, -0.002831, 0.182039, -0.607945, -0.772792, -1.2e-05, 0.0, 0.0, 0.0, 1.0],
                [0.924852, 0.372725, -0.075628, 0.124994, 0.334043, -0.701008, 0.630069, -0.002831, 0.181833, -0.607965, -0.772825, -1.2e-05, 0.0, 0.0, 0.0, 1.0],
                [0.925035, 0.372295, -0.075509, 0.124994, 0.333653, -0.701219, 0.630041, -0.002831, 0.181619, -0.607986, -0.772859, -1.2e-05, 0.0, 0.0, 0.0, 1.0],
                [0.925224, 0.37185, -0.075386, 0.124994, 0.333249, -0.701438, 0.630011, -0.002831, 0.181398, -0.608006, -0.772895, -1.2e-05, 0.0, 0.0, 0.0, 1.0],
                [0.925419, 0.371392, -0.075258, 0.124994, 0.332833, -0.701663, 0.62998, -0.002831, 0.18117, -0.608026, -0.772933, -1.2e-05, 0.0, 0.0, 0.0, 1.0],
                [0.925618, 0.370922, -0.075127, 0.124994, 0.332405, -0.701895, 0.629948, -0.002831, 0.180937, -0.608046, -0.772972, -1.2e-05, 0.0, 0.0, 0.0, 1.0],
                [0.925821, 0.370441, -0.074993, 0.124994, 0.331969, -0.702132, 0.629914, -0.002831, 0.180697, -0.608065, -0.773012, -1.2e-05, 0.0, 0.0, 0.0, 1.0],
                [0.926028, 0.369951, -0.074856, 0.124994, 0.331524, -0.702373, 0.629879, -0.002831, 0.180454, -0.608084, -0.773054, -1.2e-05, 0.0, 0.0, 0.0, 1.0],
                [0.926238, 0.369455, -0.074717, 0.124994, 0.331073, -0.702619, 0.629842, -0.002831, 0.180207, -0.608102, -0.773098, -1.2e-05, 0.0, 0.0, 0.0, 1.0],
                [0.926449, 0.368952, -0.074576, 0.124994, 0.330616, -0.702868, 0.629804, -0.002831, 0.179957, -0.608119, -0.773142, -1.2e-05, 0.0, 0.0, 0.0, 1.0],
                [0.926662, 0.368446, -0.074434, 0.124994, 0.330156, -0.703119, 0.629765, -0.002831, 0.179705, -0.608136, -0.773188, -1.2e-05, 0.0, 0.0, 0.0, 1.0],
                [0.926876, 0.367938, -0.07429, 0.124994, 0.329695, -0.703372, 0.629725, -0.002831, 0.179453, -0.608152, -0.773234, -1.2e-05, 0.0, 0.0, 0.0, 1.0],
                [0.927089, 0.367429, -0.074147, 0.124994, 0.329232, -0.703625, 0.629684, -0.002831, 0.1792, -0.608167, -0.773281, -1.2e-05, 0.0, 0.0, 0.0, 1.0],
                [0.927301, 0.366922, -0.074003, 0.124994, 0.328771, -0.703877, 0.629643, -0.002831, 0.178947, -0.60818, -0.773329, -1.2e-05, 0.0, 0.0, 0.0, 1.0],
                [0.927512, 0.366418, -0.07386, 0.124994, 0.328313, -0.704129, 0.629601, -0.002831, 0.178696, -0.608193, -0.773377, -1.2e-05, 0.0, 0.0, 0.0, 1.0],
                [0.92772, 0.365918, -0.073718, 0.124994, 0.327859, -0.704379, 0.629558, -0.002831, 0.178448, -0.608205, -0.773425, -1.2e-05, 0.0, 0.0, 0.0, 1.0],
                [0.927926, 0.365425, -0.073578, 0.124994, 0.327411, -0.704626, 0.629515, -0.002831, 0.178202, -0.608215, -0.773473, -1.2e-05, 0.0, 0.0, 0.0, 1.0],
                [0.928128, 0.36494, -0.07344, 0.124994, 0.326969, -0.704869, 0.629472, -0.002831, 0.177961, -0.608224, -0.773521, -1.2e-05, 0.0, 0.0, 0.0, 1.0],
                [0.928325, 0.364465, -0.073304, 0.124994, 0.326537, -0.705108, 0.629429, -0.002831, 0.177724, -0.608233, -0.773569, -1.2e-05, 0.0, 0.0, 0.0, 1.0],
                [0.928518, 0.364, -0.073171, 0.124994, 0.326114, -0.705341, 0.629386, -0.002831, 0.177493, -0.60824, -0.773617, -1.2e-05, 0.0, 0.0, 0.0, 1.0],
                [0.928705, 0.363548, -0.073041, 0.124994, 0.325703, -0.705569, 0.629344, -0.002831, 0.177268, -0.608246, -0.773664, -1.2e-05, 0.0, 0.0, 0.0, 1.0],
                [0.928887, 0.363109, -0.072915, 0.124994, 0.325304, -0.705791, 0.629302, -0.002831, 0.177049, -0.608251, -0.773709, -1.2e-05, 0.0, 0.0, 0.0, 1.0],
                [0.929062, 0.362685, -0.072793, 0.124994, 0.324918, -0.706005, 0.629261, -0.002831, 0.176838, -0.608256, -0.773754, -1.2e-05, 0.0, 0.0, 0.0, 1.0],
                [0.929231, 0.362278, -0.072675, 0.124994, 0.324547, -0.706211, 0.629221, -0.002831, 0.176635, -0.608259, -0.773798, -1.2e-05, 0.0, 0.0, 0.0, 1.0],
                [0.929392, 0.361886, -0.072562, 0.124994, 0.324191, -0.706409, 0.629182, -0.002831, 0.17644, -0.608262, -0.77384, -1.2e-05, 0.0, 0.0, 0.0, 1.0],
                [0.929545, 0.361513, -0.072454, 0.124994, 0.323852, -0.706599, 0.629144, -0.002831, 0.176254, -0.608264, -0.773881, -1.2e-05, 0.0, 0.0, 0.0, 1.0],
                [0.929691, 0.361158, -0.072351, 0.124994, 0.323529, -0.706779, 0.629108, -0.002831, 0.176077, -0.608265, -0.77392, -1.2e-05, 0.0, 0.0, 0.0, 1.0],
                [0.929829, 0.360823, -0.072254, 0.124994, 0.323224, -0.70695, 0.629073, -0.002831, 0.175911, -0.608266, -0.773957, -1.2e-05, 0.0, 0.0, 0.0, 1.0],
                [0.929959, 0.360508, -0.072162, 0.124994, 0.322937, -0.70711, 0.62904, -0.002831, 0.175753, -0.608267, -0.773993, -1.2e-05, 0.0, 0.0, 0.0, 1.0],
                [0.930079, 0.360213, -0.072077, 0.124994, 0.322668, -0.70726, 0.629009, -0.002831, 0.175606, -0.608267, -0.774026, -1.2e-05, 0.0, 0.0, 0.0, 1.0],
                [0.930192, 0.359939, -0.071997, 0.124994, 0.322419, -0.7074, 0.62898, -0.002831, 0.17547, -0.608266, -0.774057, -1.2e-05, 0.0, 0.0, 0.0, 1.0],
                [0.930295, 0.359686, -0.071923, 0.124994, 0.322189, -0.707529, 0.628952, -0.002831, 0.175344, -0.608266, -0.774086, -1.2e-05, 0.0, 0.0, 0.0, 1.0],
                [0.93039, 0.359455, -0.071856, 0.124994, 0.321978, -0.707647, 0.628927, -0.002831, 0.175229, -0.608265, -0.774113, -1.2e-05, 0.0, 0.0, 0.0, 1.0],
                [0.930475, 0.359246, -0.071795, 0.124994, 0.321788, -0.707754, 0.628904, -0.002831, 0.175125, -0.608264, -0.774137, -1.2e-05, 0.0, 0.0, 0.0, 1.0],
                [0.930552, 0.359059, -0.07174, 0.124994, 0.321618, -0.70785, 0.628884, -0.002831, 0.175031, -0.608263, -0.774159, -1.2e-05, 0.0, 0.0, 0.0, 1.0],
                [0.930619, 0.358894, -0.071692, 0.124994, 0.321468, -0.707934, 0.628865, -0.002831, 0.174949, -0.608262, -0.774178, -1.2e-05, 0.0, 0.0, 0.0, 1.0],
                [0.930677, 0.358751, -0.07165, 0.124994, 0.321338, -0.708008, 0.628849, -0.002831, 0.174878, -0.608261, -0.774195, -1.2e-05, 0.0, 0.0, 0.0, 1.0],
                [0.930726, 0.358631, -0.071615, 0.124994, 0.321228, -0.70807, 0.628836, -0.002831, 0.174818, -0.60826, -0.774209, -1.2e-05, 0.0, 0.0, 0.0, 1.0],
                [0.930766, 0.358532, -0.071586, 0.124994, 0.321138, -0.70812, 0.628825, -0.002831, 0.174769, -0.60826, -0.774221, -1.2e-05, 0.0, 0.0, 0.0, 1.0],
                [0.930798, 0.358456, -0.071563, 0.124994, 0.321069, -0.708159, 0.628816, -0.002831, 0.174731, -0.608259, -0.77423, -1.2e-05, 0.0, 0.0, 0.0, 1.0],
                [0.93082, 0.358401, -0.071547, 0.124994, 0.321019, -0.708187, 0.62881, -0.002831, 0.174704, -0.608259, -0.774237, -1.2e-05, 0.0, 0.0, 0.0, 1.0],
                [0.930833, 0.358369, -0.071538, 0.124994, 0.32099, -0.708204, 0.628806, -0.002831, 0.174688, -0.608258, -0.77424, -1.2e-05, 0.0, 0.0, 0.0, 1.0],
                [0.930837, 0.358358, -0.071535, 0.124994, 0.32098, -0.708209, 0.628805, -0.002831, 0.174682, -0.608258, -0.774242, -1.2e-05, 0.0, 0.0, 0.0, 1.0]
            ]
        },
        {
            "name": "Leg_R",
            "time": [0.0, 0.0167, 0.0333, 0.05, 0.0667, 0.0833, 0.1, 0.1167, 0.1333, 0.15, 0.1667, 0.1833, 0.2, 0.2167, 0.2333, 0.25, 0.2667, 0.2833, 0.3, 0.3167, 0.3333, 0.35, 0.3667, 0.3833, 0.4, 0.4167, 0.4333, 0.45, 0.4667, 0.4833, 0.5, 0.5167, 0.5333, 0.55, 0.5667, 0.5833, 0.6, 0.6167, 0.6333, 0.65, 0.6667, 0.6833, 0.7, 0.7167, 0.7333, 0.75, 0.7667, 0.7833, 0.8, 0.8167, 0.8333, 0.85, 0.8667, 0.8833, 0.9, 0.9167, 0.9333, 0.95, 0.9667, 0.9833, 1.0, 1.0167, 1.0333, 1.05, 1.0667, 1.0833, 1.1, 1.1167, 1.1333, 1.15, 1.1667, 1.1833, 1.2, 1.2167, 1.2333, 1.25, 1.2667, 1.2833, 1.3, 1.3167, 1.3333, 1.35, 1.3667, 1.3833, 1.4, 1.4167, 1.4333, 1.45, 1.4667, 1.4833, 1.5, 1.5167, 1.5333, 1.55, 1.5667, 1.5833, 1.6, 1.6167, 1.6333, 1.65, 1.6667, 1.6833, 1.7, 1.7167, 1.7333, 1.75, 1.7667, 1.7833, 1.8, 1.8167, 1.8333, 1.85, 1.8667, 1.8833, 1.9, 1.9167, 1.9333, 1.95, 1.9667, 1.9833, 2.0],
            "transform": [
                [0.999998, -0.000914, -0.001878, 0.0, 0.001008, -0.576148, 0.817337, 0.375166, -0.001829, -0.81735, -0.576135, 0.0, 0.0, 0.0, 0.0, 1.0],
                [0.999998, -0.000914, -0.001878, 0.0, 0.001008, -0.576165, 0.817324, 0.375166, -0.001829, -0.817338, -0.576153, 0.0, 0.0, 0.0, 0.0, 1.0],
                [0.999998, -0.000914, -0.001878, 0.0, 0.001008, -0.576218, 0.817287, 0.375166, -0.001829, -0.817301, -0.576206, 0.0, 0.0, 0.0, 0.0, 1.0],
                [0.999998, -0.000914, -0.001878, 0.0, 0.001008, -0.576306, 0.817225, 0.375166, -0.001829, -0.817239, -0.576294, 0.0, 0.0, 0.0, 0.0, 1.0],
                [0.999998, -0.000914, -0.001878, 0.0, 0.001008, -0.57643, 0.817138, 0.375166, -0.001829, -0.817151, -0.576418, -0.0, 0.0, 0.0, 0.0, 1.0],
                [0.999998, -0.000914, -0.001878, 0.0, 0.001008, -0.57659, 0.817025, 0.375166, -0.001829, -0.817038, -0.576577, -0.0, 0.0, 0.0, 0.0, 1.0],
                [0.999998, -0.000914, -0.001878, 0.0, 0.001007, -0.576785, 0.816887, 0.375166, -0.00183, -0.8169, -0.576773, -0.0, 0.0, 0.0, 0.0, 1.0],
                [0.999998, -0.000913, -0.001879, -0.0, 0.001007, -0.577016, 0.816724, 0.375166, -0.00183, -0.816737, -0.577004, -0.0, 0.0, 0.0, 0.0, 1.0],
