{
    "animation": [
        {
            "name": "Root",
            "time": [0.0, 0.0167, 0.0333, 0.05, 0.0667, 0.0833, 0.1, 0.1167, 0.1333, 0.15, 0.1667, 0.1833, 0.2, 0.2167, 0.2333, 0.25, 0.2667, 0.2833, 0.3, 0.3167, 0.3333, 0.35, 0.3667, 0.3833, 0.4, 0.4167, 0.4333, 0.45, 0.4667, 0.4833, 0.5, 0.5167, 0.5333, 0.55, 0.5667, 0.5833, 0.6, 0.6167, 0.6333, 0.65, 0.6667, 0.6833, 0.7, 0.7167, 0.7333, 0.75, 0.7667, 0.7833, 0.8, 0.8167, 0.8333, 0.85, 0.8667, 0.8833, 0.9, 0.9167, 0.9333, 0.95, 0.9667, 0.9833, 1.0, 1.0167, 1.0333, 1.05, 1.0667, 1.0833, 1.1, 1.1167, 1.1333, 1.15, 1.1667, 1.1833, 1.2, 1.2167, 1.2333, 1.25],
            "transform": [
                [0.61045, 0.0, -0.792055, -5e-06, -0.792055, 0.0, -0.61045, 0.000946, 0.0, 1.0, 0.0, 0.739346, 0.0, 0.0, 0.0, 1.0],
                [0.61045, 0.0, -0.792055, -5e-06, -0.792055, 0.0, -0.61045, -0.003179, 0.0, 1.0, 0.0, 0.739346, 0.0, 0.0, 0.0, 1.0],
                [0.61045, 0.0, -0.792055, -5e-06, -0.792055, 0.0, -0.61045, -0.015835, 0.0, 1.0, 0.0, 0.739346, 0.0, 0.0, 0.0, 1.0],
                [0.61045, 0.0, -0.792055, -5e-06, -0.792055, 0.0, -0.61045, -0.03683, 0.0, 1.0, 0.0, 0.739346, 0.0, 0.0, 0.0, 1.0],
                [0.61045, 0.0, -0.792055, -5e-06, -0.792055, 0.0, -0.61045, -0.064783, 0.0, 1.0, 0.0, 0.739346, 0.0, 0.0, 0.0, 1.0],
                [0.61045, 0.0, -0.792055, -5e-06, -0.792055, 0.0, -0.61045, -0.096988, 0.0, 1.0, 0.0, 0.739346, 0.0, 0.0, 0.0, 1.0],
                [0.61045, 0.0, -0.792055, -5e-06, -0.792055, 0.0, -0.61045, -0.12994, 0.0, 1.0, 0.0, 0.739346, 0.0, 0.0, 0.0, 1.0],
                [0.61045, 0.0, -0.792055, -5e-06, -0.792055, 0.0, -0.61045, -0.16035, 0.0, 1.0, 0.0, 0.739346, 0.0, 0.0, 0.0, 1.0],
                [0.61045, 0.0, -0.792055, -5e-06, -0.792055, 0.0, -0.61045, -0.18593, 0.0, 1.0, 0.0, 0.739346, 0.0, 0.0, 0.0, 1.0],
                [0.61045, 0.0, -0.792055, -5e-06, -0.792055, 0.0, -0.61045, -0.205546, 0.0, 1.0, 0.0, 0.739346, 0.0, 0.0, 0.0, 1.0],
                [0.61045, 0.0, -0.792055, -5e-06, -0.792055, 0.0, -0.61045, -0.221553, 0.0, 1.0, 0.0, 0.739346, 0.0, 0.0, 0.0, 1.0],
                [0.61045, 0.0, -0.792055, -5e-06, -0.792055, 0.0, -0.61045, -0.236152, 0.0, 1.0, 0.0, 0.739346, 0.0, 0.0, 0.0, 1.0],
                [0.61045, 0.0, -0.792055, -5e-06, -0.792055, 0.0, -0.61045, -0.248585, 0.0, 1.0, 0.0, 0.739346, 0.0, 0.0, 0.0, 1.0],
                [0.61045, 0.0, -0.792055, -5e-06, -0.792055, 0.0, -0.61045, -0.258045, 0.0, 1.0, 0.0, 0.739346, 0.0, 0.0, 0.0, 1.0],
                [0.61045, 0.0, -0.792055, -5e-06, -0.792055, 0.0, -0.61045, -0.263886, 0.0, 1.0, 0.0, 0.739346, 0.0, 0.0, 0.0, 1.0],
                [0.61045, 0.0, -0.792055, -5e-06, -0.792055, 0.0, -0.61045, -0.265822, 0.0, 1.0, 0.0, 0.739346, 0.0, 0.0, 0.0, 1.0],
                [0.61045, 0.0, -0.792055, -5e-06, -0.792055, 0.0, -0.61045, -0.246552, 0.0, 1.0, 0.0, 0.725144, 0.0, 0.0, 0.0, 1.0],
                [0.61045, 0.0, -0.792055, -5e-06, -0.792055, 0.0, -0.61045, -0.188736, 0.0, 1.0, 0.0, 0.682533, 0.0, 0.0, 0.0, 1.0],
                [0.61045, 0.0, -0.792055, -5e-06, -0.792055, 0.0, -0.61045, -0.095902, 0.0, 1.0, 0.0, 0.614114, 0.0, 0.0, 0.0, 1.0],
                [0.61045, 0.0, -0.792055, -5e-06, -0.792055, 0.0, -0.61045, 0.022194, 0.0, 1.0, 0.0, 0.527076, 0.0, 0.0, 0.0, 1.0],
                [0.61045, 0.0, -0.792055, -5e-06, -0.792055, 0.0, -0.61045, 0.149608, 0.0, 1.0, 0.0, 0.433172, 0.0, 0.0, 0.0, 1.0],
                [0.61045, 0.0, -0.792055, -5e-06, -0.792055, 0.0, -0.61045, 0.267705, 0.0, 1.0, 0.0, 0.346134, 0.0, 0.0, 0.0, 1.0],
                [0.61045, 0.0, -0.792055, -5e-06, -0.792055, 0.0, -0.61045, 0.360539, 0.0, 1.0, 0.0, 0.277715, 0.0, 0.0, 0.0, 1.0],
                [0.61045, 0.0, -0.792055, -5e-06, -0.792055, 0.0, -0.61045, 0.418355, 0.0, 1.0, 0.0, 0.235105, 0.0, 0.0, 0.0, 1.0],
                [0.61045, 0.0, -0.792055, -5e-06, -0.792055, 0.0, -0.61045, 0.437625, 0.0, 1.0, 0.0, 0.220902, 0.0, 0.0, 0.0, 1.0],
                [0.61045, 0.0, -0.792055, -5e-06, -0.792055, 0.0, -0.61045, 0.437625, 0.0, 1.0, 0.0, 0.220905, 0.0, 0.0, 0.0, 1.0],
                [0.61045, 0.0, -0.792055, -5e-06, -0.792055, 0.0, -0.61045, 0.437625, 0.0, 1.0, 0.0, 0.220924, 0.0, 0.0, 0.0, 1.0],
                [0.61045, 0.0, -0.792055, -5e-06, -0.792055, 0.0, -0.61045, 0.437625, 0.0, 1.0, 0.0, 0.22098, 0.0, 0.0, 0.0, 1.0],
                [0.61045, 0.0, -0.792055, -5e-06, -0.792055, 0.0, -0.61045, 0.437625, 0.0, 1.0, 0.0, 0.221093, 0.0, 0.0, 0.0, 1.0],
                [0.61045, 0.0, -0.792055, -5e-06, -0.792055, 0.0, -0.61045, 0.437625, 0.0, 1.0, 0.0, 0.221289, 0.0, 0.0, 0.0, 1.0],
                [0.61045, 0.0, -0.792055, -5e-06, -0.792055, 0.0, -0.61045, 0.437625, 0.0, 1.0, 0.0, 0.221598, 0.0, 0.0, 0.0, 1.0],
                [0.61045, 0.0, -0.792055, -5e-06, -0.792055, 0.0, -0.61045, 0.437625, 0.0, 1.0, 0.0, 0.222049, 0.0, 0.0, 0.0, 1.0],
                [0.61045, 0.0, -0.792055, -5e-06, -0.792055, 0.0, -0.61045, 0.437625, 0.0, 1.0, 0.0, 0.222676, 0.0, 0.0, 0.0, 1.0],
                [0.61045, 0.0, -0.792055, -5e-06, -0.792055, 0.0, -0.61045, 0.437625, 0.0, 1.0, 0.0, 0.223516, 0.0, 0.0, 0.0, 1.0],
                [0.61045, 0.0, -0.792055, -5e-06, -0.792055, 0.0, -0.61045, 0.437625, 0.0, 1.0, 0.0, 0.224604, 0.0, 0.0, 0.0, 1.0],
                [0.61045, 0.0, -0.792055, -5e-06, -0.792055, 0.0, -0.61045, 0.437625, 0.0, 1.0, 0.0, 0.225977, 0.0, 0.0, 0.0, 1.0],
                [0.61045, 0.0, -0.792055, -5e-06, -0.792055, 0.0, -0.61045, 0.437625, 0.0, 1.0, 0.0, 0.22767, 0.0, 0.0, 0.0, 1.0],
                [0.61045, 0.0, -0.792055, -5e-06, -0.792055, 0.0, -0.61045, 0.437625, 0.0, 1.0, 0.0, 0.229716, 0.0, 0.0, 0.0, 1.0],
                [0.61045, 0.0, -0.792055, -5e-06, -0.792055, 0.0, -0.61045, 0.437625, 0.0, 1.0, 0.0, 0.232142, 0.0, 0.0, 0.0, 1.0],
                [0.61045, 0.0, -0.792055, -5e-06, -0.792055, 0.0, -0.61045, 0.437625, 0.0, 1.0, 0.0, 0.23497, 0.0, 0.0, 0.0, 1.0],
                [0.61045, 0.0, -0.792055, -5e-06, -0.792055, 0.0, -0.61045, 0.437625, 0.0, 1.0, 0.0, 0.238219, 0.0, 0.0, 0.0, 1.0],
                [0.61045, 0.0, -0.792055, -5e-06, -0.792055, 0.0, -0.61045, 0.437625, 0.0, 1.0, 0.0, 0.241897, 0.0, 0.0, 0.0, 1.0],
                [0.61045, 0.0, -0.792055, -5e-06, -0.792055, 0.0, -0.61045, 0.437625, 0.0, 1.0, 0.0, 0.246009, 0.0, 0.0, 0.0, 1.0],
                [0.61045, 0.0, -0.792055, -5e-06, -0.792055, 0.0, -0.61045, 0.437625, 0.0, 1.0, 0.0, 0.250552, 0.0, 0.0, 0.0, 1.0],
                [0.61045, 0.0, -0.792055, -5e-06, -0.792055, 0.0, -0.61045, 0.437625, 0.0, 1.0, 0.0, 0.255518, 0.0, 0.0, 0.0, 1.0],
                [0.61045, 0.0, -0.792055, -5e-06, -0.792055, 0.0, -0.61045, 0.437625, 0.0, 1.0, 0.0, 0.260894, 0.0, 0.0, 0.0, 1.0],
                [0.61045, 0.0, -0.792055, -5e-06, -0.792055, 0.0, -0.61045, 0.437625, 0.0, 1.0, 0.0, 0.266664, 0.0, 0.0, 0.0, 1.0],
                [0.61045, 0.0, -0.792055, -5e-06, -0.792055, 0.0, -0.61045, 0.437625, 0.0, 1.0, 0.0, 0.272809, 0.0, 0.0, 0.0, 1.0],
                [0.61045, 0.0, -0.792055, -5e-06, -0.792055, 0.0, -0.61045, 0.437625, 0.0, 1.0, 0.0, 0.279309, 0.0, 0.0, 0.0, 1.0],
                [0.61045, 0.0, -0.792055, -5e-06, -0.792055, 0.0, -0.61045, 0.437625, 0.0, 1.0, 0.0, 0.286142, 0.0, 0.0, 0.0, 1.0],
                [0.61045, 0.0, -0.792055, -5e-06, -0.792055, 0.0, -0.61045, 0.437625, 0.0, 1.0, 0.0, 0.293286, 0.0, 0.0, 0.0, 1.0],
                [0.61045, 0.0, -0.792055, -5e-06, -0.792055, 0.0, -0.61045, 0.437625, 0.0, 1.0, 0.0, 0.30072, 0.0, 0.0, 0.0, 1.0],
                [0.61045, 0.0, -0.792055, -5e-06, -0.792055, 0.0, -0.61045, 0.438725, 0.0, 1.0, 0.0, 0.309542, 0.0, 0.0, 0.0, 1.0],
                [0.61045, 0.0, -0.792055, -5e-06, -0.792055, 0.0, -0.61045, 0.442048, 0.0, 1.0, 0.0, 0.320876, 0.0, 0.0, 0.0, 1.0],
                [0.61045, 0.0, -0.792055, -5e-06, -0.792055, 0.0, -0.61045, 0.447611, 0.0, 1.0, 0.0, 0.334714, 0.0, 0.0, 0.0, 1.0],
                [0.61045, 0.0, -0.792055, -5e-06, -0.792055, 0.0, -0.61045, 0.455401, 0.0, 1.0, 0.0, 0.351015, 0.0, 0.0, 0.0, 1.0],
                [0.61045, 0.0, -0.792055, -5e-06, -0.792055, 0.0, -0.61045, 0.465368, 0.0, 1.0, 0.0, 0.369686, 0.0, 0.0, 0.0, 1.0],
                [0.61045, 0.0, -0.792055, -5e-06, -0.792055, 0.0, -0.61045, 0.477419, 0.0, 1.0, 0.0, 0.390584, 0.0, 0.0, 0.0, 1.0],
                [0.61045, 0.0, -0.792055, -5e-06, -0.792055, 0.0, -0.61045, 0.491408, 0.0, 1.0, 0.0, 0.413501, 0.0, 0.0, 0.0, 1.0],
                [0.61045, 0.0, -0.792055, -5e-06, -0.792055, 0.0, -0.61045, 0.507137, 0.0, 1.0, 0.0, 0.438166, 0.0, 0.0, 0.0, 1.0],
                [0.61045, 0.0, -0.792055, -5e-06, -0.792055, 0.0, -0.61045, 0.524346, 0.0, 1.0, 0.0, 0.464238, 0.0, 0.0, 0.0, 1.0],
                [0.61045, 0.0, -0.792055, -5e-06, -0.792055, 0.0, -0.61045, 0.542723, 0.0, 1.0, 0.0, 0.491316, 0.0, 0.0, 0.0, 1.0],
                [0.61045, 0.0, -0.792055, -5e-06, -0.792055, 0.0, -0.61045, 0.56191, 0.0, 1.0, 0.0, 0.518946, 0.0, 0.0, 0.0, 1.0],
                [0.61045, 0.0, -0.792055, -5e-06, -0.792055, 0.0, -0.61045, 0.58151, 0.0, 1.0, 0.0, 0.546639, 0.0, 0.0, 0.0, 1.0],
                [0.61045, 0.0, -0.792055, -5e-06, -0.792055, 0.0, -0.61045, 0.60111, 0.0, 1.0, 0.0, 0.573891, 0.0, 0.0, 0.0, 1.0],
                [0.61045, 0.0, -0.792055, -5e-06, -0.792055, 0.0, -0.61045, 0.620296, 0.0, 1.0, 0.0, 0.600205, 0.0, 0.0, 0.0, 1.0],
                [0.61045, 0.0, -0.792055, -5e-06, -0.792055, 0.0, -0.61045, 0.638674, 0.0, 1.0, 0.0, 0.625117, 0.0, 0.0, 0.0, 1.0],
                [0.61045, 0.0, -0.792055, -5e-06, -0.792055, 0.0, -0.61045, 0.655883, 0.0, 1.0, 0.0, 0.648209, 0.0, 0.0, 0.0, 1.0],
                [0.61045, 0.0, -0.792055, -5e-06, -0.792055, 0.0, -0.61045, 0.671611, 0.0, 1.0, 0.0, 0.66913, 0.0, 0.0, 0.0, 1.0],
                [0.61045, 0.0, -0.792055, -5e-06, -0.792055, 0.0, -0.61045, 0.6856, 0.0, 1.0, 0.0, 0.687597, 0.0, 0.0, 0.0, 1.0],
                [0.61045, 0.0, -0.792055, -5e-06, -0.792055, 0.0, -0.61045, 0.697651, 0.0, 1.0, 0.0, 0.703397, 0.0, 0.0, 0.0, 1.0],
                [0.61045, 0.0, -0.792055, -5e-06, -0.792055, 0.0, -0.61045, 0.707618, 0.0, 1.0, 0.0, 0.716388, 0.0, 0.0, 0.0, 1.0],
                [0.61045, 0.0, -0.792055, -5e-06, -0.792055, 0.0, -0.61045, 0.715408, 0.0, 1.0, 0.0, 0.726488, 0.0, 0.0, 0.0, 1.0],
                [0.61045, 0.0, -0.792055, -5e-06, -0.792055, 0.0, -0.61045, 0.720971, 0.0, 1.0, 0.0, 0.733666, 0.0, 0.0, 0.0, 1.0],
                [0.61045, 0.0, -0.792055, -5e-06, -0.792055, 0.0, -0.61045, 0.724294, 0.0, 1.0, 0.0, 0.737937, 0.0, 0.0, 0.0, 1.0],
                [0.61045, 0.0, -0.792055, -5e-06, -0.792055, 0.0, -0.61045, 0.725394, 0.0, 1.0, 0.0, 0.739346, 0.0, 0.0, 0.0, 1.0],
                [0.61045, 0.0, -0.792055, -5e-06, -0.792055, 0.0, -0.61045, 0.725394, 0.0, 1.0, 0.0, 0.739346, 0.0, 0.0, 0.0, 1.0]
            ]
        },
        {
            "name": "Thigh_R",
            "time": [0.0, 0.0167, 0.0333, 0.05, 0.0667, 0.0833, 0.1, 0.1167, 0.1333, 0.15, 0.1667, 0.1833, 0.2, 0.2167, 0.2333, 0.25, 0.2667, 0.2833, 0.3, 0.3167, 0.3333, 0.35, 0.3667, 0.3833, 0.4, 0.4167, 0.4333, 0.45, 0.4667, 0.4833, 0.5, 0.5167, 0.5333, 0.55, 0.5667, 0.5833, 0.6, 0.6167, 0.6333, 0.65, 0.6667, 0.6833, 0.7, 0.7167, 0.7333, 0.75, 0.7667, 0.7833, 0.8, 0.8167, 0.8333, 0.85, 0.8667, 0.8833, 0.9, 0.9167, 0.9333, 0.95, 0.9667, 0.9833, 1.0, 1.0167, 1.0333, 1.05, 1.0667, 1.0833, 1.1, 1.1167, 1.1333, 1.15, 1.1667, 1.1833, 1.2, 1.2167, 1.2333, 1.25],
            "transform": [
                [0.916032, 0.208837, -0.342437, 0.086814, 0.13512, -0.964531, -0.226756, -0.002831, -0.377661, 0.161453, -0.911724, -0.089074, 0.0, 0.0, 0.0, 1.0],
                [0.91575, 0.204797, -0.345617, 0.086814, 0.131954, -0.965911, -0.222712, -0.002831, -0.379461, 0.158349, -0.911521, -0.089074, 0.0, 0.0, 0.0, 1.0],
                [0.914814, 0.184934, -0.359033, 0.086814, 0.122354, -0.97413, -0.189992, -0.002831, -0.384895, 0.129885, -0.91374, -0.089074, 0.0, 0.0, 0.0, 1.0],
                [0.913049, 0.128213, -0.387158, 0.086814, 0.106812, -0.99134, -0.076387, -0.002831, -0.393615, 0.028399, -0.918802, -0.089074, 0.0, 0.0, 0.0, 1.0],
                [0.910355, 0.076429, -0.406693, 0.086814, 0.086653, -0.996215, 0.006757, -0.002831, -0.404653, -0.041385, -0.913498, -0.089074, 0.0, 0.0, 0.0, 1.0],
                [0.90681, 0.024455, -0.420814, 0.086814, 0.064264, -0.994666, 0.080682, -0.002831, -0.416613, -0.1002, -0.90351, -0.089074, 0.0, 0.0, 0.0, 1.0],
                [0.902762, -0.023609, -0.429476, 0.086814, 0.042282, -0.988785, 0.143231, -0.002831, -0.428058, -0.147457, -0.891605, -0.089074, 0.0, 0.0, 0.0, 1.0],
                [0.898709, -0.06415, -0.43381, 0.086814, 0.022815, -0.981063, 0.192336, -0.002831, -0.437951, -0.182747, -0.880194, -0.089074, 0.0, 0.0, 0.0, 1.0],
                [0.895103, -0.09556, -0.435481, 0.086814, 0.007036, -0.973611, 0.228102, -0.002831, -0.445804, -0.207235, -0.870776, -0.089074, 0.0, 0.0, 0.0, 1.0],
                [0.892233, -0.117975, -0.435875, 0.086814, -0.004703, -0.967645, 0.252271, -0.002831, -0.451551, -0.223031, -0.863886, -0.089074, 0.0, 0.0, 0.0, 1.0],
                [0.889832, -0.135168, -0.435789, 0.086814, -0.014055, -0.96278, 0.269916, -0.002831, -0.456071, -0.234052, -0.85858, -0.089074, 0.0, 0.0, 0.0, 1.0],
                [0.887603, -0.149949, -0.435501, 0.086814, -0.022409, -0.958463, 0.28433, -0.002831, -0.460065, -0.242611, -0.854061, -0.089074, 0.0, 0.0, 0.0, 1.0],
                [0.885676, -0.161836, -0.435168, 0.086814, -0.029394, -0.95495, 0.295304, -0.002831, -0.463373, -0.248751, -0.8505, -0.089074, 0.0, 0.0, 0.0, 1.0],
                [0.884194, -0.170431, -0.4349, 0.086814, -0.034631, -0.952417, 0.302818, -0.002831, -0.465834, -0.252688, -0.847991, -0.089074, 0.0, 0.0, 0.0, 1.0],
                [0.883273, -0.175534, -0.434741, 0.086814, -0.03783, -0.95093, 0.307081, -0.002831, -0.467329, -0.254789, -0.846538, -0.089074, 0.0, 0.0, 0.0, 1.0],
                [0.882967, -0.177191, -0.434691, 0.086814, -0.038885, -0.950451, 0.308429, -0.002831, -0.467821, -0.255428, -0.846074, -0.089074, 0.0, 0.0, 0.0, 1.0],
                [0.881656, -0.193157, -0.430531, 0.086814, -0.028209, -0.932328, 0.360508, -0.002831, -0.471049, -0.305696, -0.827408, -0.089074, 0.0, 0.0, 0.0, 1.0],
                [0.876529, -0.204904, -0.435539, 0.086814, 0.005366, -0.900649, 0.434509, -0.002831, -0.481319, -0.38319, -0.788315, -0.089074, 0.0, 0.0, 0.0, 1.0],
                [0.863755, -0.172947, -0.473285, 0.086814, 0.064087, -0.893921, 0.443613, -0.002831, -0.499821, -0.413494, -0.761018, -0.089074, 0.0, 0.0, 0.0, 1.0],
                [0.83689, -0.064771, -0.543509, 0.086814, 0.145298, -0.931054, 0.33469, -0.002831, -0.527735, -0.359055, -0.769757, -0.089074, 0.0, 0.0, 0.0, 1.0],
                [0.791324, 0.132132, -0.596936, 0.086814, 0.231448, -0.968433, 0.092469, -0.002831, -0.565897, -0.211315, -0.796908, -0.089074, 0.0, 0.0, 0.0, 1.0],
                [0.734711, 0.354571, -0.578331, 0.086814, 0.286462, -0.934942, -0.209266, -0.002831, -0.61493, -0.011899, -0.788469, -0.089074, 0.0, 0.0, 0.0, 1.0],
                [0.686757, 0.516155, -0.511801, 0.086814, 0.28038, -0.837715, -0.468592, -0.002831, -0.670636, 0.178333, -0.720013, -0.089074, 0.0, 0.0, 0.0, 1.0],
                [0.659038, 0.598758, -0.455139, 0.086814, 0.231827, -0.737405, -0.63438, -0.002831, -0.715489, 0.31259, -0.624776, -0.089074, 0.0, 0.0, 0.0, 1.0],
                [0.650342, 0.62294, -0.434736, 0.086814, 0.204077, -0.694526, -0.689877, -0.002831, -0.731715, 0.35996, -0.578797, -0.089074, 0.0, 0.0, 0.0, 1.0],
                [0.650343, 0.622938, -0.434738, 0.086814, 0.204074, -0.694527, -0.689877, -0.002831, -0.731716, 0.359961, -0.578796, -0.089074, 0.0, 0.0, 0.0, 1.0],
                [0.650345, 0.622923, -0.434757, 0.086814, 0.204049, -0.694537, -0.689875, -0.002831, -0.731721, 0.359967, -0.578785, -0.089074, 0.0, 0.0, 0.0, 1.0],
                [0.650349, 0.622882, -0.434809, 0.086814, 0.203977, -0.694564, -0.689868, -0.002831, -0.731737, 0.359987, -0.578753, -0.089074, 0.0, 0.0, 0.0, 1.0],
                [0.650359, 0.622796, -0.434916, 0.086814, 0.203831, -0.694619, -0.689856, -0.002831, -0.731769, 0.360028, -0.578687, -0.089074, 0.0, 0.0, 0.0, 1.0],
                [0.650377, 0.622649, -0.435101, 0.086814, 0.203578, -0.694715, -0.689834, -0.002831, -0.731824, 0.360098, -0.578574, -0.089074, 0.0, 0.0, 0.0, 1.0],
                [0.650403, 0.622418, -0.435391, 0.086814, 0.203182, -0.694865, -0.6898, -0.002831, -0.73191, 0.360207, -0.578397, -0.089074, 0.0, 0.0, 0.0, 1.0],
                [0.650442, 0.622082, -0.435813, 0.086814, 0.202606, -0.695083, -0.68975, -0.002831, -0.732035, 0.360367, -0.578139, -0.089074, 0.0, 0.0, 0.0, 1.0],
                [0.650496, 0.621618, -0.436395, 0.086814, 0.20181, -0.695383, -0.68968, -0.002831, -0.732208, 0.360588, -0.577782, -0.089074, 0.0, 0.0, 0.0, 1.0],
                [0.650566, 0.621003, -0.437166, 0.086814, 0.200753, -0.69578, -0.689588, -0.002831, -0.732436, 0.360882, -0.577309, -0.089074, 0.0, 0.0, 0.0, 1.0],
                [0.650654, 0.620214, -0.438153, 0.086814, 0.199401, -0.696287, -0.689469, -0.002831, -0.732727, 0.361261, -0.576703, -0.089074, 0.0, 0.0, 0.0, 1.0],
                [0.650763, 0.619234, -0.439376, 0.086814, 0.197719, -0.696914, -0.68932, -0.002831, -0.733086, 0.361734, -0.57595, -0.089074, 0.0, 0.0, 0.0, 1.0],
                [0.650891, 0.618048, -0.440853, 0.086814, 0.195683, -0.697667, -0.689139, -0.002831, -0.733518, 0.36231, -0.575037, -0.089074, 0.0, 0.0, 0.0, 1.0],
                [0.651039, 0.616647, -0.442592, 0.086814, 0.193278, -0.698548, -0.688925, -0.002831, -0.734024, 0.362997, -0.573957, -0.089074, 0.0, 0.0, 0.0, 1.0],
                [0.651206, 0.615078, -0.444527, 0.086814, 0.190499, -0.699484, -0.68875, -0.002831, -0.734603, 0.363859, -0.57267, -0.089074, 0.0, 0.0, 0.0, 1.0],
                [0.651388, 0.613249, -0.446781, 0.086814, 0.187357, -0.700612, -0.688466, -0.002831, -0.735249, 0.364774, -0.571256, -0.089074, 0.0, 0.0, 0.0, 1.0],
                [0.651581, 0.61123, -0.449259, 0.086814, 0.183871, -0.701836, -0.688158, -0.002831, -0.735957, 0.365808, -0.569681, -0.089074, 0.0, 0.0, 0.0, 1.0],
                [0.651783, 0.609052, -0.451916, 0.086814, 0.180076, -0.70312, -0.687851, -0.002831, -0.736717, 0.366974, -0.567947, -0.089074, 0.0, 0.0, 0.0, 1.0],
                [0.651989, 0.606748, -0.454711, 0.086814, 0.176011, -0.704434, -0.687559, -0.002831, -0.737517, 0.36827, -0.566066, -0.089074, 0.0, 0.0, 0.0, 1.0],
                [0.652193, 0.604353, -0.457597, 0.086814, 0.171725, -0.705745, -0.687298, -0.002831, -0.738346, 0.369693, -0.564054, -0.089074, 0.0, 0.0, 0.0, 1.0],
                [0.652392, 0.601915, -0.460517, 0.086814, 0.16727, -0.707012, -0.687095, -0.002831, -0.739192, 0.371248, -0.56192, -0.089074, 0.0, 0.0, 0.0, 1.0],
                [0.652583, 0.599483, -0.46341, 0.086814, 0.162696, -0.708186, -0.686985, -0.002831, -0.740044, 0.372942, -0.559673, -0.089074, 0.0, 0.0, 0.0, 1.0],
                [0.652762, 0.597109, -0.466213, 0.086814, 0.158054, -0.709216, -0.687006, -0.002831, -0.740891, 0.374787, -0.557314, -0.089074, 0.0, 0.0, 0.0, 1.0],
                [0.652929, 0.59485, -0.468861, 0.086814, 0.153389, -0.710049, -0.687203, -0.002831, -0.741725, 0.376799, -0.554844, -0.089074, 0.0, 0.0, 0.0, 1.0],
                [0.65308, 0.59276, -0.47129, 0.086814, 0.148742, -0.710626, -0.687628, -0.002831, -0.742538, 0.378998, -0.552253, -0.089074, 0.0, 0.0, 0.0, 1.0],
                [0.653216, 0.590936, -0.473387, 0.086814, 0.144148, -0.71083, -0.688395, -0.002831, -0.743324, 0.381456, -0.549496, -0.089074, 0.0, 0.0, 0.0, 1.0],
                [0.653336, 0.589346, -0.475199, 0.086814, 0.139635, -0.710728, -0.689431, -0.002831, -0.744079, 0.384098, -0.546626, -0.089074, 0.0, 0.0, 0.0, 1.0],
                [0.653441, 0.58812, -0.476571, 0.086814, 0.135225, -0.710143, -0.690911, -0.002831, -0.744801, 0.387047, -0.543554, -0.089074, 0.0, 0.0, 0.0, 1.0],
                [0.654307, 0.582061, -0.482782, 0.086814, 0.134786, -0.717953, -0.682879, -0.002831, -0.74412, 0.381763, -0.548204, -0.089074, 0.0, 0.0, 0.0, 1.0],
                [0.656646, 0.565957, -0.498497, 0.086814, 0.141645, -0.741751, -0.655508, -0.002831, -0.740779, 0.359849, -0.567221, -0.089074, 0.0, 0.0, 0.0, 1.0],
                [0.660146, 0.541823, -0.520216, 0.086814, 0.154814, -0.775852, -0.611585, -0.002831, -0.73501, 0.323221, -0.596046, -0.089074, 0.0, 0.0, 0.0, 1.0],
                [0.664358, 0.512777, -0.543763, 0.086814, 0.17312, -0.813318, -0.555424, -0.002831, -0.727088, 0.274886, -0.629095, -0.089074, 0.0, 0.0, 0.0, 1.0],
                [0.668913, 0.481512, -0.566296, 0.086814, 0.195303, -0.848907, -0.491088, -0.002831, -0.717225, 0.217918, -0.661876, -0.089074, 0.0, 0.0, 0.0, 1.0],
                [0.673771, 0.449269, -0.586668, 0.086814, 0.220014, -0.879893, -0.421116, -0.002831, -0.705426, 0.154682, -0.691683, -0.089074, 0.0, 0.0, 0.0, 1.0],
                [0.679424, 0.415732, -0.604598, 0.086814, 0.245709, -0.905323, -0.346376, -0.002831, -0.691383, 0.086802, -0.717238, -0.089074, 0.0, 0.0, 0.0, 1.0],
                [0.686966, 0.379014, -0.620012, 0.086814, 0.27047, -0.925255, -0.265914, -0.002831, -0.67448, 0.014999, -0.738123, -0.089074, 0.0, 0.0, 0.0, 1.0],
                [0.69794, 0.336552, -0.63214, 0.086814, 0.29189, -0.939719, -0.17802, -0.002831, -0.653973, -0.060249, -0.754096, -0.089074, 0.0, 0.0, 0.0, 1.0],
                [0.713855, 0.285982, -0.639228, 0.086814, 0.307213, -0.948161, -0.081103, -0.002831, -0.62931, -0.138464, -0.764699, -0.089074, 0.0, 0.0, 0.0, 1.0],
                [0.735452, 0.227504, -0.638232, 0.086814, 0.313861, -0.949166, 0.023342, -0.002831, -0.600501, -0.217464, -0.769462, -0.089074, 0.0, 0.0, 0.0, 1.0],
                [0.762011, 0.164552, -0.626298, 0.086814, 0.310279, -0.941687, 0.130106, -0.002831, -0.568389, -0.293451, -0.768623, -0.089074, 0.0, 0.0, 0.0, 1.0],
                [0.791281, 0.103819, -0.602564, 0.086814, 0.29669, -0.92687, 0.229923, -0.002831, -0.53465, -0.36069, -0.764205, -0.089074, 0.0, 0.0, 0.0, 1.0],
                [0.820246, 0.053016, -0.569538, 0.086814, 0.275231, -0.909422, 0.311739, -0.002831, -0.501443, -0.412439, -0.760528, -0.089074, 0.0, 0.0, 0.0, 1.0],
                [0.846103, 0.017915, -0.532706, 0.086814, 0.249499, -0.89648, 0.36614, -0.002831, -0.471019, -0.442685, -0.762969, -0.089074, 0.0, 0.0, 0.0, 1.0],
                [0.867188, 0.000152, -0.497968, 0.086814, 0.22335, -0.893883, 0.388685, -0.002831, -0.445084, -0.448267, -0.77518, -0.089074, 0.0, 0.0, 0.0, 1.0],
                [0.883195, -0.001413, -0.468991, 0.086814, 0.199695, -0.903676, 0.378788, -0.002831, -0.424368, -0.428184, -0.797819, -0.089074, 0.0, 0.0, 0.0, 1.0],
                [0.894747, 0.010366, -0.446441, 0.086814, 0.180022, -0.923265, 0.339362, -0.002831, -0.408681, -0.383997, -0.827929, -0.089074, 0.0, 0.0, 0.0, 1.0],
                [0.902813, 0.032586, -0.428784, 0.086814, 0.164623, -0.947351, 0.274625, -0.002831, -0.397276, -0.318509, -0.860618, -0.089074, 0.0, 0.0, 0.0, 1.0],
                [0.90832, 0.062648, -0.413545, 0.086814, 0.153112, -0.969891, 0.189377, -0.002831, -0.389245, -0.235321, -0.890533, -0.089074, 0.0, 0.0, 0.0, 1.0],
                [0.911988, 0.098559, -0.398189, 0.086814, 0.144887, -0.985534, 0.087911, -0.002831, -0.383779, -0.137855, -0.913042, -0.089074, 0.0, 0.0, 0.0, 1.0],
                [0.914314, 0.139241, -0.380306, 0.086814, 0.139384, -0.989861, -0.027305, -0.002831, -0.380266, -0.028034, -0.924417, -0.089074, 0.0, 0.0, 0.0, 1.0],
                [0.915615, 0.191807, -0.353341, 0.086814, 0.136163, -0.974865, -0.176337, -0.002831, -0.378297, 0.113352, -0.918683, -0.089074, 0.0, 0.0, 0.0, 1.0],
                [0.916032, 0.208837, -0.342437, 0.086814, 0.13512, -0.964531, -0.226756, -0.002831, -0.377661, 0.161453, -0.911724, -0.089074, 0.0, 0.0, 0.0, 1.0],
                [0.916032, 0.208837, -0.342437, 0.086814, 0.13512, -0.964531, -0.226756, -0.002831, -0.377661, 0.161453, -0.911724, -0.089074, 0.0, 0.0, 0.0, 1.0]
            ]
        },
        {
            "name": "Leg_R",
            "time": [0.0, 0.0167, 0.0333, 0.05, 0.0667, 0.0833, 0.1, 0.1167, 0.1333, 0.15, 0.1667, 0.1833, 0.2, 0.2167, 0.2333, 0.25, 0.2667, 0.2833, 0.3, 0.3167, 0.3333, 0.35, 0.3667, 0.3833, 0.4, 0.4167, 0.4333, 0.45, 0.4667, 0.4833, 0.5, 0.5167, 0.5333, 0.55, 0.5667, 0.5833, 0.6, 0.6167, 0.6333, 0.65, 0.6667, 0.6833, 0.7, 0.7167, 0.7333, 0.75, 0.7667, 0.7833, 0.8, 0.8167, 0.8333, 0.85, 0.8667, 0.8833, 0.9, 0.9167, 0.9333, 0.95, 0.9667, 0.9833, 1.0, 1.0167, 1.0333, 1.05, 1.0667, 1.0833, 1.1, 1.1167, 1.1333, 1.15, 1.1667, 1.1833, 1.2, 1.2167, 1.2333, 1.25],
            "transform": [
                [1.0, -6e-06, -0.000115, 0.0, 7e-06, 0.999986, 0.005375, 0.375166, 0.000115, -0.005363, 0.999986, -0.0, 0.0, 0.0, 0.0, 1.0],
                [1.0, -6e-06, -0.000115, -0.0, 7e-06, 0.999986, 0.005375, 0.375166, 0.000115, -0.005362, 0.999986, 0.0, 0.0, 0.0, 0.0, 1.0],
                [1.0, -5.2e-05, -0.000116, 0.0, 5.8e-05, 0.998911, 0.046664, 0.375166, 0.000114, -0.046655, 0.998911, -0.0, 0.0, 0.0, 0.0, 1.0],
                [0.999999, -0.000258, -0.000145, -0.0, 0.000284, 0.973033, 0.230661, 0.375166, 8.2e-05, -0.230666, 0.973034, 0.0, 0.0, 0.0, 0.0, 1.0],
                [0.999999, -0.000371, -0.000178, 0.0, 0.000409, 0.943446, 0.331518, 0.375166, 4.5e-05, -0.331531, 0.943449, 0.0, 0.0, 0.0, 0.0, 1.0],
                [0.999999, -0.000448, -0.000209, 0.0, 0.000494, 0.916235, 0.400629, 0.375166, 1.2e-05, -0.400648, 0.916239, 0.0, 0.0, 0.0, 0.0, 1.0],
                [0.999999, -0.000497, -0.000231, 0.0, 0.000548, 0.896002, 0.444035, 0.375166, -1.3e-05, -0.444056, 0.896008, -0.0, 0.0, 0.0, 0.0, 1.0],
                [0.999999, -0.000522, -0.000244, -0.0, 0.000576, 0.88418, 0.467131, 0.375166, -2.8e-05, -0.467154, 0.884187, 0.0, 0.0, 0.0, 0.0, 1.0],
                [0.999999, -0.000533, -0.00025, -0.0, 0.000587, 0.879319, 0.476218, 0.375166, -3.4e-05, -0.476241, 0.879326, 0.0, 0.0, 0.0, 0.0, 1.0],
                [0.999999, -0.000534, -0.000251, 0.0, 0.000589, 0.878737, 0.477291, 0.375166, -3.4e-05, -0.477314, 0.878744, 0.0, 0.0, 0.0, 0.0, 1.0],
                [0.999999, -0.000531, -0.000249, 0.0, 0.000585, 0.880273, 0.474452, 0.375166, -3.2e-05, -0.474475, 0.88028, 0.0, 0.0, 0.0, 0.0, 1.0],
                [0.999999, -0.000524, -0.000246, 0.0, 0.000578, 0.883267, 0.468855, 0.375166, -2.9e-05, -0.468878, 0.883273, 0.0, 0.0, 0.0, 0.0, 1.0],
                [1.0, -0.000516, -0.000241, -0.0, 0.000569, 0.887009, 0.461738, 0.375166, -2.4e-05, -0.46176, 0.887015, 0.0, 0.0, 0.0, 0.0, 1.0],
                [0.999999, -0.000509, -0.000237, 0.0, 0.000561, 0.89059, 0.454792, 0.375166, -2e-05, -0.454814, 0.890596, 0.0, 0.0, 0.0, 0.0, 1.0],
                [0.999999, -0.000503, -0.000234, 0.0, 0.000555, 0.893118, 0.449808, 0.375166, -1.7e-05, -0.449829, 0.893124, 0.0, 0.0, 0.0, 0.0, 1.0],
                [0.999999, -0.000501, -0.000233, -0.0, 0.000553, 0.894009, 0.448034, 0.375166, -1.6e-05, -0.448055, 0.894015, -0.0, 0.0, 0.0, 0.0, 1.0],
                [0.999999, -0.00065, -0.000323, -0.0, 0.000717, 0.813699, 0.581269, 0.375166, -0.000115, -0.581298, 0.813708, 0.0, 0.0, 0.0, 0.0, 1.0],
                [0.999999, -0.000897, -0.000565, 0.0, 0.000989, 0.597124, 0.80213, 0.375166, -0.000382, -0.802167, 0.597138, -0.0, 0.0, 0.0, 0.0, 1.0],
                [0.999999, -0.001057, -0.000869, 0.0, 0.001166, 0.325971, 0.945363, 0.375166, -0.000716, -0.9454, 0.325983, 0.0, 0.0, 0.0, 0.0, 1.0],
                [0.999998, -0.001111, -0.001102, 0.0, 0.001225, 0.11749, 0.993058, 0.375166, -0.000973, -0.993093, 0.117501, 0.0, 0.0, 0.0, 0.0, 1.0],
                [0.999998, -0.001116, -0.001162, 0.0, 0.001231, 0.063952, 0.997937, 0.375166, -0.001039, -0.997971, 0.063963, 0.0, 0.0, 0.0, 0.0, 1.0],
                [0.999998, -0.001101, -0.00104, -0.0, 0.001215, 0.173161, 0.984877, 0.375166, -0.000905, -0.984914, 0.173172, -0.0, 0.0, 0.0, 0.0, 1.0],
                [0.999999, -0.001041, -0.000824, -0.0, 0.001148, 0.366182, 0.930525, 0.375166, -0.000666, -0.930565, 0.366195, -0.0, 0.0, 0.0, 0.0, 1.0],
                [0.999999, -0.000946, -0.000636, -0.0, 0.001043, 0.534084, 0.845411, 0.375166, -0.000459, -0.845451, 0.534098, 0.0, 0.0, 0.0, 0.0, 1.0],
                [0.999999, -0.000896, -0.000564, 0.0, 0.000988, 0.598138, 0.801373, 0.375166, -0.00038, -0.801412, 0.598152, 0.0, 0.0, 0.0, 0.0, 1.0],
                [0.999999, -0.000896, -0.000564, 0.0, 0.000988, 0.598142, 0.80137, 0.375166, -0.00038, -0.801409, 0.598155, -0.0, 0.0, 0.0, 0.0, 1.0],
                [0.999999, -0.000896, -0.000564, 0.0, 0.000988, 0.598171, 0.801348, 0.375166, -0.00038, -0.801388, 0.598184, 0.0, 0.0, 0.0, 0.0, 1.0],
                [0.999999, -0.000896, -0.000564, 0.0, 0.000988, 0.598252, 0.801287, 0.375166, -0.00038, -0.801327, 0.598266, -0.0, 0.0, 0.0, 0.0, 1.0],
                [0.999999, -0.000896, -0.000564, 0.0, 0.000988, 0.598421, 0.801162, 0.375166, -0.00038, -0.801201, 0.598434, -0.0, 0.0, 0.0, 0.0, 1.0],
                [0.999999, -0.000896, -0.000564, 0.0, 0.000988, 0.598712, 0.800944, 0.375166, -0.00038, -0.800983, 0.598726, 0.0, 0.0, 0.0, 0.0, 1.0],
                [0.999999, -0.000895, -0.000563, 0.0, 0.000987, 0.599171, 0.800601, 0.375166, -0.000379, -0.800641, 0.599184, -0.0, 0.0, 0.0, 0.0, 1.0],
                [0.999999, -0.000895, -0.000562, 0.0, 0.000987, 0.599842, 0.800098, 0.375166, -0.000378, -0.800138, 0.599855, -0.0, 0.0, 0.0, 0.0, 1.0],
                [0.999999, -0.000894, -0.000561, 0.0, 0.000986, 0.600778, 0.799395, 0.375166, -0.000377, -0.799435, 0.600792, -0.0, 0.0, 0.0, 0.0, 1.0],
                [0.999999, -0.000893, -0.00056, 0.0, 0.000985, 0.602036, 0.798449, 0.375166, -0.000376, -0.798488, 0.602049, 0.0, 0.0, 0.0, 0.0, 1.0],
                [0.999999, -0.000892, -0.000558, 0.0, 0.000983, 0.603673, 0.797212, 0.375166, -0.000374, -0.797251, 0.603686, 0.0, 0.0, 0.0, 0.0, 1.0],
                [0.999999, -0.00089, -0.000556, -0.0, 0.000981, 0.605751, 0.795634, 0.375166, -0.000371, -0.795673, 0.605764, 0.0, 0.0, 0.0, 0.0, 1.0],
                [0.999999, -0.000888, -0.000553, 0.0, 0.000979, 0.608332, 0.793663, 0.375166, -0.000368, -0.793702, 0.608345, 0.0, 0.0, 0.0, 0.0, 1.0],
                [0.999999, -0.000885, -0.000549, 0.0, 0.000976, 0.611476, 0.791242, 0.375166, -0.000364, -0.791282, 0.611489, 0.0, 0.0, 0.0, 0.0, 1.0],
                [0.999999, -0.000881, -0.000545, -0.0, 0.000972, 0.615395, 0.788199, 0.375166, -0.000359, -0.788238, 0.615408, -0.0, 0.0, 0.0, 0.0, 1.0],
                [0.999999, -0.000878, -0.00054, 0.0, 0.000968, 0.619817, 0.784726, 0.375166, -0.000354, -0.784765, 0.61983, 0.0, 0.0, 0.0, 0.0, 1.0],
                [0.999999, -0.000873, -0.000534, 0.0, 0.000963, 0.624963, 0.780634, 0.375166, -0.000347, -0.780673, 0.624976, 0.0, 0.0, 0.0, 0.0, 1.0],
                [0.999999, -0.000868, -0.000528, 0.0, 0.000957, 0.630904, 0.775841, 0.375166, -0.00034, -0.775879, 0.630917, 0.0, 0.0, 0.0, 0.0, 1.0],
                [0.999999, -0.000861, -0.00052, -0.0, 0.00095, 0.637675, 0.770285, 0.375166, -0.000332, -0.770324, 0.637688, 0.0, 0.0, 0.0, 0.0, 1.0],
                [0.999999, -0.000854, -0.000512, -0.0, 0.000942, 0.645294, 0.763914, 0.375166, -0.000322, -0.763953, 0.645307, 0.0, 0.0, 0.0, 0.0, 1.0],
                [0.999999, -0.000846, -0.000502, -0.0, 0.000933, 0.653789, 0.756656, 0.375166, -0.000312, -0.756695, 0.653802, -0.0, 0.0, 0.0, 0.0, 1.0],
                [0.999999, -0.000837, -0.000492, 0.0, 0.000923, 0.663183, 0.748437, 0.375166, -0.0003, -0.748475, 0.663195, 0.0, 0.0, 0.0, 0.0, 1.0],
                [0.999999, -0.000827, -0.00048, 0.0, 0.000912, 0.673492, 0.739174, 0.375166, -0.000288, -0.739212, 0.673505, -0.0, 0.0, 0.0, 0.0, 1.0],
                [0.999999, -0.000815, -0.000467, 0.0, 0.000899, 0.684731, 0.728776, 0.375166, -0.000274, -0.728813, 0.684743, 0.0, 0.0, 0.0, 0.0, 1.0],
                [0.999999, -0.000802, -0.000454, 0.0, 0.000884, 0.696907, 0.717141, 0.375166, -0.000259, -0.717178, 0.696919, 0.0, 0.0, 0.0, 0.0, 1.0],
                [0.999999, -0.000787, -0.000439, 0.0, 0.000868, 0.710141, 0.70404, 0.375166, -0.000242, -0.704076, 0.710152, -0.0, 0.0, 0.0, 0.0, 1.0],
                [0.999999, -0.000771, -0.000423, -0.0, 0.00085, 0.724172, 0.689599, 0.375166, -0.000225, -0.689635, 0.724184, 0.0, 0.0, 0.0, 0.0, 1.0],
                [0.999999, -0.000753, -0.000407, 0.0, 0.000831, 0.73921, 0.673455, 0.375166, -0.000206, -0.67349, 0.739221, 0.0, 0.0, 0.0, 0.0, 1.0],
                [0.999999, -0.000759, -0.000412, 0.0, 0.000837, 0.734753, 0.678315, 0.375166, -0.000212, -0.678351, 0.734764, -0.0, 0.0, 0.0, 0.0, 1.0],
                [0.999999, -0.000809, -0.000462, -0.0, 0.000893, 0.690034, 0.723757, 0.375166, -0.000267, -0.723794, 0.690046, -0.0, 0.0, 0.0, 0.0, 1.0],
                [0.999999, -0.000889, -0.000554, 0.0, 0.00098, 0.607266, 0.794478, 0.375166, -0.000369, -0.794517, 0.607279, -0.0, 0.0, 0.0, 0.0, 1.0],
                [0.999999, -0.000973, -0.000683, 0.0, 0.001073, 0.49243, 0.870333, 0.375166, -0.000511, -0.870373, 0.492443, 0.0, 0.0, 0.0, 0.0, 1.0],
                [0.999999, -0.001045, -0.000836, -0.0, 0.001153, 0.355229, 0.934761, 0.375166, -0.00068, -0.934801, 0.355242, 0.0, 0.0, 0.0, 0.0, 1.0],
                [0.999998, -0.001094, -0.001001, -0.0, 0.001207, 0.207306, 0.978259, 0.375166, -0.000862, -0.978297, 0.207317, 0.0, 0.0, 0.0, 0.0, 1.0],
                [0.999998, -0.001116, -0.001165, 0.0, 0.001231, 0.060802, 0.998133, 0.375166, -0.001043, -0.998169, 0.060812, -0.0, 0.0, 0.0, 0.0, 1.0],
                [0.999998, -0.001115, -0.001316, 0.0, 0.00123, -0.074051, 0.997238, 0.375166, -0.001209, -0.997271, -0.074041, 0.0, 0.0, 0.0, 0.0, 1.0],
                [0.999998, -0.001098, -0.001445, -0.0, 0.001211, -0.189441, 0.981876, 0.375166, -0.001352, -0.981906, -0.189431, -0.0, 0.0, 0.0, 0.0, 1.0],
                [0.999998, -0.001073, -0.001547, 0.0, 0.001184, -0.280777, 0.959758, 0.375166, -0.001464, -0.959785, -0.280767, -0.0, 0.0, 0.0, 0.0, 1.0],
                [0.999998, -0.00105, -0.001618, -0.0, 0.001158, -0.344183, 0.938888, 0.375166, -0.001543, -0.938913, -0.344172, -0.0, 0.0, 0.0, 0.0, 1.0],
                [0.999997, -0.001036, -0.001655, -0.0, 0.001142, -0.377046, 0.926181, 0.375166, -0.001583, -0.926204, -0.377035, 0.0, 0.0, 0.0, 0.0, 1.0],
                [0.999998, -0.001036, -0.001655, 0.0, 0.001142, -0.376652, 0.926341, 0.375166, -0.001583, -0.926364, -0.376641, 0.0, 0.0, 0.0, 0.0, 1.0],
                [0.999998, -0.001052, -0.001613, -0.0, 0.00116, -0.339254, 0.940681, 0.375166, -0.001537, -0.940705, -0.339244, -0.0, 0.0, 0.0, 0.0, 1.0],
                [0.999998, -0.001079, -0.001526, -0.0, 0.00119, -0.261437, 0.965206, 0.375166, -0.001441, -0.965233, -0.261427, -0.0, 0.0, 0.0, 0.0, 1.0],
                [0.999998, -0.001107, -0.001393, 0.0, 0.001221, -0.142636, 0.98976, 0.375166, -0.001294, -0.98979, -0.142627, -0.0, 0.0, 0.0, 0.0, 1.0],
                [0.999998, -0.001118, -0.001217, 0.0, 0.001233, 0.014618, 0.999877, 0.375166, -0.0011, -0.99991, 0.014628, 0.0, 0.0, 0.0, 0.0, 1.0],
                [0.999998, -0.001095, -0.001008, -0.0, 0.001208, 0.201349, 0.979503, 0.375166, -0.00087, -0.979539, 0.201361, 0.0, 0.0, 0.0, 0.0, 1.0],
                [0.999999, -0.001024, -0.000783, -0.0, 0.001129, 0.402908, 0.915223, 0.375166, -0.000621, -0.915261, 0.402921, -0.0, 0.0, 0.0, 0.0, 1.0],
                [0.999999, -0.000894, -0.000562, 0.0, 0.000986, 0.600498, 0.799607, 0.375166, -0.000378, -0.799645, 0.600511, -0.0, 0.0, 0.0, 0.0, 1.0],
                [0.999999, -0.000707, -0.000367, -0.0, 0.000779, 0.774954, 0.631999, 0.375166, -0.000162, -0.632032, 0.774964, -0.0, 0.0, 0.0, 0.0, 1.0],
                [0.999999, -0.000465, -0.000216, -0.0, 0.000513, 0.909555, 0.415569, 0.375166, 4e-06, -0.415589, 0.909561, 0.0, 0.0, 0.0, 0.0, 1.0],
                [1.0, -0.000126, -0.000122, -0.0, 0.000139, 0.993588, 0.113063, 0.375166, 0.000107, -0.11306, 0.993588, 0.0, 0.0, 0.0, 0.0, 1.0],
                [1.0, -6e-06, -0.000115, -0.0, 7e-06, 0.999986, 0.005375, 0.375166, 0.000115, -0.005363, 0.999986, 0.0, 0.0, 0.0, 0.0, 1.0],
                [1.0, -6e-06, -0.000115, -0.0, 7e-06, 0.999986, 0.005375, 0.375166, 0.000115, -0.005363, 0.999986, 0.0, 0.0, 0.0, 0.0, 1.0]
            ]
        },
        {
            "name": "Knee_R",
            "time": [0.0, 0.0167, 0.0333, 0.05, 0.0667, 0.0833, 0.1, 0.1167, 0.1333, 0.15, 0.1667, 0.1833, 0.2, 0.2167, 0.2333, 0.25, 0.2667, 0.2833, 0.3, 0.3167, 0.3333, 0.35, 0.3667, 0.3833, 0.4, 0.4167, 0.4333, 0.45, 0.4667, 0.4833, 0.5, 0.5167, 0.5333, 0.55, 0.5667, 0.5833, 0.6, 0.6167, 0.6333, 0.65, 0.6667, 0.6833, 0.7, 0.7167, 0.7333, 0.75, 0.7667, 0.7833, 0.8, 0.8167, 0.8333, 0.85, 0.8667, 0.8833, 0.9, 0.9167, 0.9333, 0.95, 0.9667, 0.9833, 1.0, 1.0167, 1.0333, 1.05, 1.0667, 1.0833, 1.1, 1.1167, 1.1333, 1.15, 1.1667, 1.1833, 1.2, 1.2167, 1.2333, 1.25],
            "transform": [
                [1.0, -5.7e-05, 5.4e-05, 0.0, 5.7e-05, 0.048757, -0.998811, 0.375166, 5.4e-05, 0.998811, 0.048757, -0.0, 0.0, 0.0, 0.0, 1.0],
                [1.0, -5.7e-05, 5.4e-05, -0.0, 5.7e-05, 0.048757, -0.998811, 0.375166, 5.4e-05, 0.998811, 0.048757, 0.0, 0.0, 0.0, 0.0, 1.0],
                [1.0, -5.7e-05, 5.4e-05, 0.0, 5.7e-05, 0.048757, -0.998811, 0.375166, 5.4e-05, 0.998811, 0.048757, -0.0, 0.0, 0.0, 0.0, 1.0],
                [1.0, -5.7e-05, 5.4e-05, -0.0, 5.7e-05, 0.048757, -0.998811, 0.375166, 5.4e-05, 0.998811, 0.048757, 0.0, 0.0, 0.0, 0.0, 1.0],
                [1.0, -5.7e-05, 5.4e-05, 0.0, 5.7e-05, 0.048757, -0.998811, 0.375166, 5.4e-05, 0.998811, 0.048757, 0.0, 0.0, 0.0, 0.0, 1.0],
                [1.0, -5.7e-05, 5.4e-05, 0.0, 5.7e-05, 0.048757, -0.998811, 0.375166, 5.4e-05, 0.998811, 0.048757, 0.0, 0.0, 0.0, 0.0, 1.0],
                [1.0, -5.7e-05, 5.4e-05, 0.0, 5.7e-05, 0.048757, -0.998811, 0.375166, 5.4e-05, 0.998811, 0.048757, -0.0, 0.0, 0.0, 0.0, 1.0],
                [1.0, -5.7e-05, 5.4e-05, -0.0, 5.7e-05, 0.048757, -0.998811, 0.375166, 5.4e-05, 0.998811, 0.048757, 0.0, 0.0, 0.0, 0.0, 1.0],
                [1.0, -5.7e-05, 5.4e-05, -0.0, 5.7e-05, 0.048757, -0.998811, 0.375166, 5.4e-05, 0.998811, 0.048757, 0.0, 0.0, 0.0, 0.0, 1.0],
                [1.0, -5.7e-05, 5.4e-05, 0.0, 5.7e-05, 0.048757, -0.998811, 0.375166, 5.4e-05, 0.998811, 0.048757, 0.0, 0.0, 0.0, 0.0, 1.0],
                [1.0, -5.7e-05, 5.4e-05, 0.0, 5.7e-05, 0.048757, -0.998811, 0.375166, 5.4e-05, 0.998811, 0.048757, 0.0, 0.0, 0.0, 0.0, 1.0],
                [1.0, -5.7e-05, 5.4e-05, 0.0, 5.7e-05, 0.048757, -0.998811, 0.375166, 5.4e-05, 0.998811, 0.048757, 0.0, 0.0, 0.0, 0.0, 1.0],
                [1.0, -5.7e-05, 5.4e-05, -0.0, 5.7e-05, 0.048757, -0.998811, 0.375166, 5.4e-05, 0.998811, 0.048757, 0.0, 0.0, 0.0, 0.0, 1.0],
                [1.0, -5.7e-05, 5.4e-05, 0.0, 5.7e-05, 0.048757, -0.998811, 0.375166, 5.4e-05, 0.998811, 0.048757, 0.0, 0.0, 0.0, 0.0, 1.0],
                [1.0, -5.7e-05, 5.4e-05, 0.0, 5.7e-05, 0.048757, -0.998811, 0.375166, 5.4e-05, 0.998811, 0.048757, 0.0, 0.0, 0.0, 0.0, 1.0],
                [1.0, -5.7e-05, 5.4e-05, -0.0, 5.7e-05, 0.048757, -0.998811, 0.375166, 5.4e-05, 0.998811, 0.048757, -0.0, 0.0, 0.0, 0.0, 1.0],
                [1.0, -5.7e-05, 5.4e-05, -0.0, 5.7e-05, 0.048757, -0.998811, 0.375166, 5.4e-05, 0.998811, 0.048757, 0.0, 0.0, 0.0, 0.0, 1.0],
                [1.0, -5.7e-05, 5.4e-05, 0.0, 5.7e-05, 0.048757, -0.998811, 0.375166, 5.4e-05, 0.998811, 0.048757, -0.0, 0.0, 0.0, 0.0, 1.0],
                [1.0, -5.7e-05, 5.4e-05, 0.0, 5.7e-05, 0.048757, -0.998811, 0.375166, 5.4e-05, 0.998811, 0.048757, 0.0, 0.0, 0.0, 0.0, 1.0],
                [1.0, -5.7e-05, 5.4e-05, 0.0, 5.7e-05, 0.048757, -0.998811, 0.375166, 5.4e-05, 0.998811, 0.048757, 0.0, 0.0, 0.0, 0.0, 1.0],
