{
    "animation": [
        {
            "name": "Root",
            "time": [0.0, 0.0167, 0.0333, 0.05, 0.0667, 0.0833, 0.1, 0.1167, 0.1333, 0.15, 0.1667, 0.1833, 0.2, 0.2167, 0.2333, 0.25, 0.2667, 0.2833, 0.3, 0.3167, 0.3333, 0.35, 0.3667, 0.3833, 0.4, 0.4167, 0.4333, 0.45, 0.4667, 0.4833, 0.5, 0.5167, 0.5333, 0.55, 0.5667, 0.5833, 0.6, 0.6167, 0.6333, 0.65, 0.6667, 0.6833, 0.7, 0.7167, 0.7333, 0.75, 0.7667, 0.7833, 0.8, 0.8167, 0.8333, 0.85, 0.8667, 0.8833, 0.9, 0.9167, 0.9333, 0.95, 0.9667, 0.9833],
            "transform": [
                [0.900842, 0.0, -0.434148, -5e-06, -0.434148, 0.0, -0.900842, -0.015222, 0.0, 1.0, 0.0, 0.724815, 0.0, 0.0, 0.0, 1.0],
                [0.904562, 0.000325, -0.426342, 0.000374, -0.426333, 0.007174, -0.904538, -0.015255, 0.002765, 0.999974, 0.006628, 0.730523, 0.0, 0.0, 0.0, 1.0],
                [0.915485, 0.00097, -0.402351, 0.001271, -0.402205, 0.029265, -0.915082, -0.015048, 0.010887, 0.999571, 0.027182, 0.74756, 0.0, 0.0, 0.0, 1.0],
                [0.932586, 0.000802, -0.360947, 0.001852, -0.36018, 0.067239, -0.930456, -0.013859, 0.023523, 0.997737, 0.062995, 0.775207, 0.0, 0.0, 0.0, 1.0],
                [0.953711, -0.002288, -0.300715, 0.000561, -0.298206, 0.121924, -0.946682, -0.010724, 0.03883, 0.992537, 0.115598, 0.811786, 0.0, 0.0, 0.0, 1.0],
                [0.975263, -0.011466, -0.220751, -0.004962, -0.214436, 0.193363, -0.957407, -0.004845, 0.053663, 0.98106, 0.186121, 0.85449, 0.0, 0.0, 0.0, 1.0],
                [0.992079, -0.030764, -0.121786, -0.017749, -0.108421, 0.27986, -0.953899, 0.003769, 0.063429, 0.959548, 0.274308, 0.899387, 0.0, 0.0, 0.0, 1.0],
                [0.997898, -0.064359, -0.007572, -0.040991, 0.017283, 0.376942, -0.926076, 0.013544, 0.062455, 0.923998, 0.377262, 0.941813, 0.0, 0.0, 0.0, 1.0],
                [0.986758, -0.115193, 0.114186, -0.077025, 0.155774, 0.476909, -0.865039, 0.020941, 0.04519, 0.871372, 0.488538, 0.977268, 0.0, 0.0, 0.0, 1.0],
                [0.955188, -0.183338, 0.232384, -0.126101, 0.295887, 0.569803, -0.766665, 0.02103, 0.008146, 0.801069, 0.598516, 1.002631, 0.0, 0.0, 0.0, 1.0],
                [0.904106, -0.265105, 0.33513, -0.185669, 0.424567, 0.646016, -0.634355, 0.009221, -0.048329, 0.715809, 0.696622, 1.017013, 0.0, 0.0, 0.0, 1.0],
                [0.839019, -0.353782, 0.413383, -0.250875, 0.530762, 0.699368, -0.478723, -0.016635, -0.119743, 0.621066, 0.774557, 1.021608, 0.0, 0.0, 0.0, 1.0],
                [0.768145, -0.441783, 0.463445, -0.316118, 0.60856, 0.728744, -0.313985, -0.055174, -0.19902, 0.52322, 0.828633, 1.018571, 0.0, 0.0, 0.0, 1.0],
                [0.699673, -0.522849, 0.486916, -0.376697, 0.657781, 0.737435, -0.153342, -0.102095, -0.278894, 0.427573, 0.859883, 1.009709, 0.0, 0.0, 0.0, 1.0],
                [0.639797, -0.59314, 0.488717, -0.429661, 0.68231, 0.731039, -0.005998, -0.151776, -0.353713, 0.337294, 0.872422, 0.995765, 0.0, 0.0, 0.0, 1.0],
                [0.592147, -0.651117, 0.474773, -0.473758, 0.687716, 0.715415, 0.123406, -0.198809, -0.420011, 0.253434, 0.871414, 0.976424, 0.0, 0.0, 0.0, 1.0],
                [0.558218, -0.696781, 0.450433, -0.508893, 0.679449, 0.695475, 0.233803, -0.238886, -0.476174, 0.175533, 0.861653, 0.950706, 0.0, 0.0, 0.0, 1.0],
                [0.538143, -0.730863, 0.419812, -0.53554, 0.661935, 0.674815, 0.326292, -0.269023, -0.52177, 0.102296, 0.846931, 0.917387, 0.0, 0.0, 0.0, 1.0],
                [0.531376, -0.754222, 0.385732, -0.554289, 0.638349, 0.655835, 0.402978, -0.28741, -0.556911, 0.032098, 0.829952, 0.875289, 0.0, 0.0, 0.0, 1.0],
                [0.533117, -0.768911, 0.352934, -0.567178, 0.607833, 0.638266, 0.472394, -0.297698, -0.588494, -0.037317, 0.80764, 0.82811, 0.0, 0.0, 0.0, 1.0],
                [0.539028, -0.776858, 0.325484, -0.576173, 0.567432, 0.620503, 0.541292, -0.30433, -0.622471, -0.107082, 0.775283, 0.780228, 0.0, 0.0, 0.0, 1.0],
                [0.548824, -0.778597, 0.304269, -0.581653, 0.516325, 0.601988, 0.609113, -0.307603, -0.65742, -0.177195, 0.732395, 0.731617, 0.0, 0.0, 0.0, 1.0],
                [0.561906, -0.774691, 0.290028, -0.583987, 0.453869, 0.58186, 0.674864, -0.308118, -0.691566, -0.247575, 0.678559, 0.682312, 0.0, 0.0, 0.0, 1.0],
                [0.577345, -0.765791, 0.283261, -0.583575, 0.379819, 0.558989, 0.737068, -0.306788, -0.72278, -0.317955, 0.613592, 0.632498, 0.0, 0.0, 0.0, 1.0],
                [0.593912, -0.7527, 0.284095, -0.580881, 0.2946, 0.532061, 0.793802, -0.3048, -0.748651, -0.387754, 0.537743, 0.5826, 0.0, 0.0, 0.0, 1.0],
                [0.610191, -0.736422, 0.292146, -0.576473, 0.199574, 0.49974, 0.84287, -0.30351, -0.766705, -0.456007, 0.451908, 0.53335, 0.0, 0.0, 0.0, 1.0],
                [0.624774, -0.718173, 0.306405, -0.571037, 0.097192, 0.460902, 0.882113, -0.304278, -0.774733, -0.521341, 0.357761, 0.485799, 0.0, 0.0, 0.0, 1.0],
                [0.636523, -0.69933, 0.325232, -0.565339, -0.009068, 0.414875, 0.909833, -0.308263, -0.771204, -0.582079, 0.257736, 0.441242, 0.0, 0.0, 0.0, 1.0],
                [0.644819, -0.681292, 0.346481, -0.560147, -0.115047, 0.361634, 0.925195, -0.316237, -0.755627, -0.636445, 0.154808, 0.401064, 0.0, 0.0, 0.0, 1.0],
                [0.649709, -0.665302, 0.367765, -0.556115, -0.216468, 0.301838, 0.928458, -0.328499, -0.728711, -0.682837, 0.05209, 0.366524, 0.0, 0.0, 0.0, 1.0],
                [0.65188, -0.652278, 0.386763, -0.553676, -0.309548, 0.236711, 0.920949, -0.344906, -0.692266, -0.72007, -0.047604, 0.338571, 0.0, 0.0, 0.0, 1.0],
                [0.652486, -0.6427, 0.401496, -0.552978, -0.39146, 0.16779, 0.904768, -0.364999, -0.648861, -0.747518, -0.142111, 0.317731, 0.0, 0.0, 0.0, 1.0],
                [0.652876, -0.636601, 0.410479, -0.553882, -0.460527, 0.096649, 0.882369, -0.388183, -0.601389, -0.765114, -0.230071, 0.304105, 0.0, 0.0, 0.0, 1.0],
                [0.654344, -0.633623, 0.412742, -0.556011, -0.516138, 0.024679, 0.856149, -0.413869, -0.552662, -0.773248, -0.310888, 0.297441, 0.0, 0.0, 0.0, 1.0],
                [0.657943, -0.633122, 0.407759, -0.558822, -0.558511, -0.047033, 0.828163, -0.441568, -0.50515, -0.772622, -0.38455, 0.297247, 0.0, 0.0, 0.0, 1.0],
                [0.664386, -0.634275, 0.39533, -0.561681, -0.588391, -0.117726, 0.79996, -0.470925, -0.460854, -0.764091, -0.451417, 0.302908, 0.0, 0.0, 0.0, 1.0],
                [0.674028, -0.636168, 0.37547, -0.563917, -0.606789, -0.186925, 0.772571, -0.501701, -0.4213, -0.748565, -0.512012, 0.313766, 0.0, 0.0, 0.0, 1.0],
                [0.68459, -0.639499, 0.349824, -0.56624, -0.619024, -0.256635, 0.742259, -0.53378, -0.384897, -0.724692, -0.571555, 0.327069, 0.0, 0.0, 0.0, 1.0],
                [0.694044, -0.645212, 0.319382, -0.569518, -0.629709, -0.32903, 0.703709, -0.567183, -0.348955, -0.689522, -0.634657, 0.341166, 0.0, 0.0, 0.0, 1.0],
                [0.702839, -0.652538, 0.283215, -0.573188, -0.638759, -0.403724, 0.654976, -0.601718, -0.313056, -0.641249, -0.700568, 0.35735, 0.0, 0.0, 0.0, 1.0],
                [0.711425, -0.660377, 0.240368, -0.576456, -0.645929, -0.479708, 0.593848, -0.636759, -0.276857, -0.577739, -0.767833, 0.377279, 0.0, 0.0, 0.0, 1.0],
                [0.720261, -0.667181, 0.189981, -0.578212, -0.650812, -0.555088, 0.517997, -0.671059, -0.240142, -0.496735, -0.834018, 0.402853, 0.0, 0.0, 0.0, 1.0],
                [0.729815, -0.670877, 0.131503, -0.576974, -0.652841, -0.626827, 0.425309, -0.702551, -0.2029, -0.396247, -0.895444, 0.435956, 0.0, 0.0, 0.0, 1.0],
                [0.740534, -0.668868, 0.065001, -0.570884, -0.651339, -0.690569, 0.31444, -0.728217, -0.165431, -0.275191, -0.947049, 0.478015, 0.0, 0.0, 0.0, 1.0],
                [0.752777, -0.658221, -0.008457, -0.557851, -0.645626, -0.740757, 0.185598, -0.744156, -0.128429, -0.134253, -0.98259, 0.529369, 0.0, 0.0, 0.0, 1.0],
                [0.766725, -0.636123, -0.086487, -0.535876, -0.6352, -0.771238, 0.041379, -0.746023, -0.093025, 0.02321, -0.995393, 0.588601, 0.0, 0.0, 0.0, 1.0],
                [0.782273, -0.600598, -0.165321, -0.503582, -0.619973, -0.776488, -0.112695, -0.729916, -0.060686, 0.190653, -0.97978, 0.652113, 0.0, 0.0, 0.0, 1.0],
                [0.798973, -0.551299, -0.240231, -0.460804, -0.600463, -0.753246, -0.26845, -0.693576, -0.032957, 0.358734, -0.932858, 0.714366, 0.0, 0.0, 0.0, 1.0],
                [0.816076, -0.490006, -0.306455, -0.408959, -0.577839, -0.701935, -0.4164, -0.637446, -0.011073, 0.516896, -0.855977, 0.768961, 0.0, 0.0, 0.0, 1.0],
                [0.832679, -0.420473, -0.360345, -0.350941, -0.553739, -0.627073, -0.547862, -0.564987, 0.004399, 0.65573, -0.754982, 0.810329, 0.0, 0.0, 0.0, 1.0],
                [0.847945, -0.34759, -0.400213, -0.29051, -0.529906, -0.536308, -0.656942, -0.481984, 0.013709, 0.769126, -0.63895, 0.835252, 0.0, 0.0, 0.0, 1.0],
                [0.861277, -0.276242, -0.426487, -0.231436, -0.507823, -0.438525, -0.741493, -0.395145, 0.017806, 0.855211, -0.517974, 0.843531, 0.0, 0.0, 0.0, 1.0],
                [0.87239, -0.210376, -0.441223, -0.1768, -0.488478, -0.341917, -0.802796, -0.310673, 0.018027, 0.915879, -0.401049, 0.837604, 0.0, 0.0, 0.0, 1.0],
                [0.881276, -0.152581, -0.447293, -0.12867, -0.472338, -0.252783, -0.844392, -0.233358, 0.01577, 0.955416, -0.294841, 0.821517, 0.0, 0.0, 0.0, 1.0],
                [0.888119, -0.10415, -0.447658, -0.088131, -0.45945, -0.175204, -0.870752, -0.166317, 0.012257, 0.979008, -0.203453, 0.799806, 0.0, 0.0, 0.0, 1.0],
                [0.893188, -0.065414, -0.4449, -0.055528, -0.449604, -0.11135, -0.88626, -0.111218, 0.008434, 0.991626, -0.128867, 0.776672, 0.0, 0.0, 0.0, 1.0],
                [0.896769, -0.036128, -0.441021, -0.030751, -0.44247, -0.062039, -0.894635, -0.068688, 0.004961, 0.99742, -0.071621, 0.755538, 0.0, 0.0, 0.0, 1.0],
                [0.899115, -0.015798, -0.437427, -0.013476, -0.437706, -0.02729, -0.898704, -0.038728, 0.00226, 0.999503, -0.031452, 0.738906, 0.0, 0.0, 0.0, 1.0],
                [0.900426, -0.003898, -0.434992, -0.003332, -0.435009, -0.006756, -0.900401, -0.021036, 0.000571, 0.99997, -0.007779, 0.728389, 0.0, 0.0, 0.0, 1.0],
                [0.900842, -0.0, -0.434148, -5e-06, -0.434148, -0.0, -0.900842, -0.015222, -0.0, 1.0, -0.0, 0.724815, 0.0, 0.0, 0.0, 1.0],
                [0.900842, -0.0, -0.434148, -5e-06, -0.434148, -0.0, -0.900842, -0.015222, -0.0, 1.0, -0.0, 0.724815, 0.0, 0.0, 0.0, 1.0]
            ]
        },
        {
            "name": "Thigh_R",
            "time": [0.0, 0.0167, 0.0333, 0.05, 0.0667, 0.0833, 0.1, 0.1167, 0.1333, 0.15, 0.1667, 0.1833, 0.2, 0.2167, 0.2333, 0.25, 0.2667, 0.2833, 0.3, 0.3167, 0.3333, 0.35, 0.3667, 0.3833, 0.4, 0.4167, 0.4333, 0.45, 0.4667, 0.4833, 0.5, 0.5167, 0.5333, 0.55, 0.5667, 0.5833, 0.6, 0.6167, 0.6333, 0.65, 0.6667, 0.6833, 0.7, 0.7167, 0.7333, 0.75, 0.7667, 0.7833, 0.8, 0.8167, 0.8333, 0.85, 0.8667, 0.8833, 0.9, 0.9167, 0.9333, 0.95, 0.9667, 0.9833],
            "transform": [
                [0.939904, -0.044191, 0.33857, 0.086814, -0.135932, -0.95805, 0.252317, -0.002831, 0.313216, -0.283175, -0.906485, -0.089076, 0.0, 0.0, 0.0, 1.0],
                [0.938988, -0.026104, 0.342958, 0.086814, -0.133022, -0.947087, 0.292117, -0.002831, 0.317184, -0.319915, -0.89278, -0.089076, 0.0, 0.0, 0.0, 1.0],
                [0.935908, 0.017747, 0.351798, 0.086814, -0.124355, -0.917774, 0.377129, -0.002831, 0.329563, -0.396706, -0.85675, -0.089076, 0.0, 0.0, 0.0, 1.0],
                [0.929651, 0.079458, 0.359774, 0.086814, -0.110334, -0.871619, 0.477606, -0.002831, 0.351534, -0.483701, -0.801538, -0.089076, 0.0, 0.0, 0.0, 1.0],
                [0.918393, 0.157292, 0.363063, 0.086814, -0.092132, -0.807353, 0.582832, -0.002831, 0.384794, -0.568718, -0.72698, -0.089076, 0.0, 0.0, 0.0, 1.0],
                [0.899395, 0.250339, 0.35836, 0.086814, -0.072367, -0.723204, 0.686834, -0.002831, 0.431106, -0.643667, -0.632333, -0.089076, 0.0, 0.0, 0.0, 1.0],
                [0.869239, 0.355915, 0.343146, 0.086814, -0.055904, -0.618863, 0.783508, -0.002831, 0.491221, -0.700239, -0.518046, -0.089076, 0.0, 0.0, 0.0, 1.0],
                [0.82495, 0.468356, 0.316389, 0.086814, -0.050157, -0.496902, 0.866357, -0.002831, 0.562976, -0.73057, -0.386431, -0.089076, 0.0, 0.0, 0.0, 1.0],
                [0.766273, 0.578486, 0.279609, 0.086814, -0.06356, -0.364793, 0.928919, -0.002831, 0.639363, -0.729576, -0.242765, -0.089076, 0.0, 0.0, 0.0, 1.0],
                [0.698012, 0.675379, 0.238001, 0.086814, -0.101382, -0.235807, 0.9665, -0.002831, 0.708873, -0.698756, -0.096127, -0.089076, 0.0, 0.0, 0.0, 1.0],
                [0.629544, 0.750882, 0.199634, 0.086814, -0.161225, -0.125096, 0.97896, -0.002831, 0.760054, -0.648482, 0.042306, -0.089076, 0.0, 0.0, 0.0, 1.0],
                [0.570433, 0.802927, 0.172965, 0.086814, -0.233089, -0.043674, 0.971477, -0.002831, 0.787576, -0.594477, 0.16224, -0.089076, 0.0, 0.0, 0.0, 1.0],
                [0.525851, 0.834698, 0.163592, 0.086814, -0.304803, 0.005366, 0.952404, -0.002831, 0.794088, -0.550684, 0.25724, -0.089076, 0.0, 0.0, 0.0, 1.0],
                [0.495764, 0.851175, 0.1724, 0.086814, -0.367538, 0.02578, 0.929655, -0.002831, 0.786851, -0.52425, 0.325619, -0.089076, 0.0, 0.0, 0.0, 1.0],
                [0.477163, 0.856576, 0.196458, 0.086814, -0.417387, 0.024166, 0.908411, -0.002831, 0.773372, -0.515456, 0.369055, -0.089076, 0.0, 0.0, 0.0, 1.0],
                [0.466459, 0.854074, 0.230164, 0.086814, -0.453969, 0.00783, 0.890987, -0.002831, 0.759163, -0.520093, 0.391376, -0.089075, 0.0, 0.0, 0.0, 1.0],
                [0.460728, 0.846738, 0.266019, 0.086814, -0.478483, -0.015473, 0.877964, -0.002831, 0.747518, -0.531786, 0.398022, -0.089076, 0.0, 0.0, 0.0, 1.0],
                [0.458013, 0.838738, 0.294524, 0.086814, -0.492414, -0.036464, 0.869601, -0.002831, 0.740103, -0.543314, 0.396306, -0.089075, 0.0, 0.0, 0.0, 1.0],
                [0.457226, 0.835172, 0.30567, 0.086814, -0.496897, -0.04515, 0.866638, -0.002831, 0.73759, -0.548133, 0.394351, -0.089076, 0.0, 0.0, 0.0, 1.0],
                [0.457373, 0.835921, 0.303395, 0.086814, -0.496041, -0.043343, 0.86722, -0.002831, 0.738074, -0.547136, 0.394828, -0.089076, 0.0, 0.0, 0.0, 1.0],
                [0.457828, 0.837972, 0.296983, 0.086814, -0.493449, -0.038355, 0.868932, -0.002831, 0.739528, -0.544364, 0.395937, -0.089076, 0.0, 0.0, 0.0, 1.0],
                [0.458629, 0.841029, 0.286933, 0.086814, -0.489063, -0.030702, 0.871711, -0.002831, 0.741941, -0.540118, 0.397237, -0.089076, 0.0, 0.0, 0.0, 1.0],
                [0.459843, 0.844657, 0.274045, 0.086814, -0.482805, -0.021195, 0.875475, -0.002831, 0.745281, -0.534889, 0.398059, -0.089076, 0.0, 0.0, 0.0, 1.0],
                [0.461562, 0.848373, 0.259279, 0.086814, -0.474575, -0.010793, 0.880152, -0.002831, 0.749493, -0.52929, 0.397635, -0.089075, 0.0, 0.0, 0.0, 1.0],
                [0.463909, 0.851767, 0.24348, 0.086814, -0.464256, -0.000324, 0.885705, -0.002831, 0.75449, -0.523921, 0.395288, -0.089076, 0.0, 0.0, 0.0, 1.0],
                [0.467043, 0.854461, 0.227528, 0.086814, -0.451719, 0.009356, 0.892115, -0.002831, 0.760145, -0.519432, 0.390347, -0.089076, 0.0, 0.0, 0.0, 1.0],
                [0.471158, 0.85617, 0.212094, 0.086814, -0.436833, 0.0176, 0.899374, -0.002831, 0.766281, -0.516394, 0.382296, -0.089076, 0.0, 0.0, 0.0, 1.0],
                [0.476484, 0.856616, 0.197922, 0.086814, -0.419473, 0.023661, 0.907463, -0.002831, 0.772661, -0.515412, 0.370602, -0.089076, 0.0, 0.0, 0.0, 1.0],
                [0.483291, 0.855574, 0.185536, 0.086814, -0.399545, 0.026986, 0.91632, -0.002831, 0.778969, -0.516977, 0.354883, -0.089075, 0.0, 0.0, 0.0, 1.0],
                [0.491877, 0.852785, 0.175549, 0.086814, -0.377005, 0.026872, 0.925825, -0.002831, 0.784809, -0.521572, 0.334721, -0.089075, 0.0, 0.0, 0.0, 1.0],
                [0.502557, 0.848002, 0.168317, 0.086814, -0.351889, 0.022809, 0.935767, -0.002831, 0.78969, -0.529503, 0.309865, -0.089076, 0.0, 0.0, 0.0, 1.0],
                [0.515647, 0.840894, 0.164339, 0.086814, -0.324356, 0.014055, 0.945834, -0.002831, 0.793033, -0.541019, 0.279996, -0.089076, 0.0, 0.0, 0.0, 1.0],
                [0.531423, 0.831119, 0.16381, 0.086814, -0.294715, 0.000104, 0.955589, -0.002831, 0.794187, -0.556097, 0.244997, -0.089076, 0.0, 0.0, 0.0, 1.0],
                [0.550086, 0.818268, 0.166865, 0.086814, -0.263461, -0.019564, 0.964475, -0.002831, 0.792461, -0.574504, 0.20482, -0.089076, 0.0, 0.0, 0.0, 1.0],
                [0.571712, 0.801918, 0.173424, 0.086814, -0.231293, -0.045271, 0.971833, -0.002831, 0.787178, -0.595718, 0.159595, -0.089076, 0.0, 0.0, 0.0, 1.0],
                [0.596199, 0.781605, 0.183419, 0.086814, -0.199097, -0.077381, 0.976923, -0.002831, 0.777758, -0.618957, 0.10948, -0.089076, 0.0, 0.0, 0.0, 1.0],
                [0.623238, 0.756971, 0.196397, 0.086814, -0.167909, -0.11575, 0.978986, -0.002831, 0.763794, -0.643116, 0.054961, -0.089076, 0.0, 0.0, 0.0, 1.0],
                [0.652293, 0.727772, 0.211812, 0.086814, -0.138824, -0.160007, 0.977308, -0.002831, 0.745146, -0.666895, -0.003341, -0.089076, 0.0, 0.0, 0.0, 1.0],
                [0.68263, 0.693962, 0.228987, 0.086814, -0.112887, -0.209447, 0.971284, -0.002831, 0.721992, -0.688877, -0.064637, -0.089076, 0.0, 0.0, 0.0, 1.0],
                [0.713383, 0.65574, 0.247169, 0.086814, -0.090969, -0.263065, 0.960482, -0.002831, 0.694845, -0.707675, -0.128016, -0.089076, 0.0, 0.0, 0.0, 1.0],
                [0.743637, 0.613571, 0.265586, 0.086814, -0.073662, -0.319626, 0.944678, -0.002831, 0.664513, -0.72206, -0.192492, -0.089076, 0.0, 0.0, 0.0, 1.0],
                [0.772541, 0.568155, 0.283518, 0.086814, -0.061214, -0.377786, 0.923869, -0.002831, 0.632008, -0.731081, -0.257079, -0.089076, 0.0, 0.0, 0.0, 1.0],
                [0.799389, 0.520361, 0.300339, 0.086814, -0.053532, -0.436209, 0.898254, -0.002831, 0.598424, -0.734131, -0.320847, -0.089075, 0.0, 0.0, 0.0, 1.0],
                [0.823682, 0.471113, 0.315598, 0.086814, -0.050224, -0.493758, 0.86815, -0.002831, 0.564824, -0.730928, -0.383041, -0.089076, 0.0, 0.0, 0.0, 1.0],
                [0.84514, 0.421415, 0.32886, 0.086814, -0.050684, -0.549266, 0.83411, -0.002831, 0.532136, -0.721607, -0.442851, -0.089076, 0.0, 0.0, 0.0, 1.0],
                [0.863691, 0.372121, 0.339951, 0.086814, -0.054189, -0.602004, 0.796654, -0.002831, 0.501101, -0.706484, -0.499783, -0.089076, 0.0, 0.0, 0.0, 1.0],
                [0.879423, 0.323957, 0.34881, 0.086814, -0.059987, -0.651471, 0.756299, -0.002831, 0.472246, -0.686031, -0.553489, -0.089076, 0.0, 0.0, 0.0, 1.0],
                [0.892545, 0.277595, 0.355395, 0.086814, -0.067361, -0.697174, 0.713731, -0.002831, 0.445899, -0.660977, -0.603564, -0.089075, 0.0, 0.0, 0.0, 1.0],
                [0.903329, 0.23347, 0.359845, 0.086814, -0.075675, -0.739001, 0.669441, -0.00283, 0.422219, -0.631957, -0.649898, -0.089076, 0.0, 0.0, 0.0, 1.0],
                [0.91208, 0.191901, 0.362335, 0.086814, -0.084394, -0.776921, 0.623917, -0.002831, 0.401234, -0.599641, -0.692423, -0.089075, 0.0, 0.0, 0.0, 1.0],
                [0.919096, 0.15314, 0.363059, 0.086814, -0.093085, -0.810923, 0.577703, -0.002831, 0.382881, -0.56476, -0.731064, -0.089075, 0.0, 0.0, 0.0, 1.0],
                [0.924661, 0.117363, 0.362257, 0.086814, -0.101412, -0.841065, 0.531343, -0.002831, 0.367041, -0.528049, -0.765801, -0.089076, 0.0, 0.0, 0.0, 1.0],
                [0.929024, 0.084614, 0.360216, 0.086814, -0.109122, -0.867555, 0.485224, -0.002831, 0.353562, -0.490092, -0.79675, -0.089076, 0.0, 0.0, 0.0, 1.0],
                [0.932405, 0.05497, 0.357213, 0.086814, -0.116034, -0.890514, 0.439911, -0.002831, 0.342284, -0.451624, -0.823944, -0.089076, 0.0, 0.0, 0.0, 1.0],
                [0.934981, 0.028493, 0.353552, 0.086814, -0.122017, -0.910097, 0.396025, -0.002831, 0.333049, -0.413414, -0.847451, -0.089076, 0.0, 0.0, 0.0, 1.0],
                [0.936901, 0.005257, 0.349556, 0.086814, -0.126987, -0.926472, 0.354295, -0.002831, 0.325715, -0.376328, -0.867349, -0.089076, 0.0, 0.0, 0.0, 1.0],
                [0.93828, -0.014382, 0.345579, 0.086814, -0.130888, -0.939596, 0.316272, -0.002831, 0.320155, -0.341983, -0.883491, -0.089076, 0.0, 0.0, 0.0, 1.0],
                [0.939203, -0.029979, 0.342053, 0.086814, -0.133689, -0.949499, 0.283866, -0.002831, 0.316267, -0.312336, -0.895784, -0.089076, 0.0, 0.0, 0.0, 1.0],
                [0.939732, -0.040428, 0.339515, 0.086814, -0.135372, -0.955834, 0.260876, -0.002831, 0.313972, -0.291113, -0.903704, -0.089076, 0.0, 0.0, 0.0, 1.0],
                [0.939904, -0.044191, 0.33857, 0.086814, -0.135932, -0.958049, 0.252317, -0.002831, 0.313216, -0.283176, -0.906485, -0.089076, 0.0, 0.0, 0.0, 1.0],
                [0.939904, -0.044191, 0.33857, 0.086814, -0.135932, -0.958049, 0.252317, -0.002831, 0.313216, -0.283176, -0.906485, -0.089076, 0.0, 0.0, 0.0, 1.0]
            ]
        },
        {
            "name": "Leg_R",
            "time": [0.0, 0.0167, 0.0333, 0.05, 0.0667, 0.0833, 0.1, 0.1167, 0.1333, 0.15, 0.1667, 0.1833, 0.2, 0.2167, 0.2333, 0.25, 0.2667, 0.2833, 0.3, 0.3167, 0.3333, 0.35, 0.3667, 0.3833, 0.4, 0.4167, 0.4333, 0.45, 0.4667, 0.4833, 0.5, 0.5167, 0.5333, 0.55, 0.5667, 0.5833, 0.6, 0.6167, 0.6333, 0.65, 0.6667, 0.6833, 0.7, 0.7167, 0.7333, 0.75, 0.7667, 0.7833, 0.8, 0.8167, 0.8333, 0.85, 0.8667, 0.8833, 0.9, 0.9167, 0.9333, 0.95, 0.9667, 0.9833],
            "transform": [
                [1.0, -0.00024, -0.000141, 0.0, 0.000265, 0.976706, 0.214587, 0.375166, 8.6e-05, -0.214586, 0.976705, -0.0, 0.0, 0.0, 0.0, 1.0],
                [1.0, -0.00032, -0.000162, 0.0, 0.000353, 0.958206, 0.28608, 0.375166, 6.4e-05, -0.286079, 0.958206, -0.0, 0.0, 0.0, 0.0, 1.0],
                [1.0, -0.000479, -0.000223, 0.0, 0.000528, 0.903823, 0.427908, 0.375166, -3e-06, -0.427906, 0.903822, -0.0, 0.0, 0.0, 0.0, 1.0],
                [0.999999, -0.000644, -0.000319, -0.0, 0.00071, 0.817818, 0.575478, 0.375166, -0.00011, -0.575475, 0.817817, -0.0, 0.0, 0.0, 0.0, 1.0],
                [0.999999, -0.000789, -0.000441, -0.0, 0.00087, 0.708688, 0.705523, 0.375166, -0.000244, -0.705519, 0.708687, 0.0, 0.0, 0.0, 0.0, 1.0],
                [0.999999, -0.000905, -0.000576, -0.0, 0.000998, 0.587781, 0.809022, 0.375166, -0.000393, -0.809018, 0.58778, 0.0, 0.0, 0.0, 0.0, 1.0],
                [0.999999, -0.000987, -0.000708, 0.0, 0.001089, 0.46943, 0.882971, 0.375166, -0.000539, -0.882967, 0.469429, 0.0, 0.0, 0.0, 0.0, 1.0],
                [0.999999, -0.00104, -0.000821, 0.0, 0.001147, 0.368355, 0.929686, 0.375166, -0.000664, -0.929683, 0.368355, -0.0, 0.0, 0.0, 0.0, 1.0],
                [0.999999, -0.001068, -0.000901, -0.0, 0.001178, 0.29745, 0.954739, 0.375166, -0.000751, -0.954735, 0.297449, -0.0, 0.0, 0.0, 0.0, 1.0],
                [0.999999, -0.001078, -0.000936, -0.0, 0.001189, 0.266191, 0.963921, 0.375166, -0.00079, -0.963917, 0.266191, 0.0, 0.0, 0.0, 0.0, 1.0],
                [0.999999, -0.001074, -0.000923, -0.0, 0.001185, 0.27799, 0.960585, 0.375166, -0.000776, -0.960581, 0.27799, 0.0, 0.0, 0.0, 0.0, 1.0],
                [0.999999, -0.001056, -0.000865, -0.0, 0.001164, 0.330018, 0.943976, 0.375166, -0.000711, -0.943972, 0.330017, 0.0, 0.0, 0.0, 0.0, 1.0],
                [0.999999, -0.001018, -0.000771, -0.0, 0.001123, 0.413892, 0.910327, 0.375166, -0.000608, -0.910323, 0.413892, -0.0, 0.0, 0.0, 0.0, 1.0],
                [0.999999, -0.000958, -0.000655, -0.0, 0.001056, 0.516853, 0.856075, 0.375166, -0.000481, -0.856071, 0.516852, -0.0, 0.0, 0.0, 0.0, 1.0],
                [0.999999, -0.000873, -0.000535, -0.0, 0.000963, 0.624682, 0.780882, 0.375166, -0.000348, -0.780877, 0.624681, -0.0, 0.0, 0.0, 0.0, 1.0],
                [1.0, -0.000772, -0.000424, -0.0, 0.000851, 0.723593, 0.690228, 0.375166, -0.000226, -0.690225, 0.723593, 0.0, 0.0, 0.0, 0.0, 1.0],
                [1.0, -0.000668, -0.000336, -0.0, 0.000737, 0.802144, 0.597132, 0.375166, -0.000129, -0.597129, 0.802143, -0.0, 0.0, 0.0, 0.0, 1.0],
                [1.0, -0.000585, -0.00028, 0.0, 0.000645, 0.852154, 0.523293, 0.375166, -6.7e-05, -0.523291, 0.852153, -0.0, 0.0, 0.0, 0.0, 1.0],
                [1.0, -0.000553, -0.000261, 0.0, 0.00061, 0.869259, 0.494359, 0.375166, -4.6e-05, -0.494357, 0.869258, 0.0, 0.0, 0.0, 0.0, 1.0],
                [1.0, -0.000559, -0.000265, -0.0, 0.000617, 0.865888, 0.50024, 0.375166, -5e-05, -0.500237, 0.865887, -0.0, 0.0, 0.0, 0.0, 1.0],
                [1.0, -0.000578, -0.000276, -0.0, 0.000638, 0.856042, 0.516908, 0.375166, -6.3e-05, -0.516905, 0.856041, 0.0, 0.0, 0.0, 0.0, 1.0],
                [1.0, -0.000607, -0.000294, -0.0, 0.00067, 0.839741, 0.54299, 0.375166, -8.2e-05, -0.542987, 0.83974, -0.0, 0.0, 0.0, 0.0, 1.0],
                [1.0, -0.000645, -0.000319, -0.0, 0.000711, 0.817197, 0.57636, 0.375166, -0.00011, -0.576357, 0.817196, 0.0, 0.0, 0.0, 0.0, 1.0],
                [1.0, -0.000687, -0.000351, 0.0, 0.000758, 0.788859, 0.614575, 0.375166, -0.000145, -0.614572, 0.788858, 0.0, 0.0, 0.0, 0.0, 1.0],
                [1.0, -0.000733, -0.000389, -0.0, 0.000808, 0.755189, 0.65551, 0.375166, -0.000187, -0.655506, 0.755187, 0.0, 0.0, 0.0, 0.0, 1.0],
                [1.0, -0.00078, -0.000432, -0.0, 0.00086, 0.716933, 0.697143, 0.375166, -0.000234, -0.697139, 0.716933, 0.0, 0.0, 0.0, 0.0, 1.0],
                [0.999999, -0.000825, -0.000478, -0.0, 0.00091, 0.674789, 0.738013, 0.375166, -0.000286, -0.738009, 0.674788, -0.0, 0.0, 0.0, 0.0, 1.0],
                [0.999999, -0.000869, -0.000529, -0.0, 0.000958, 0.6298, 0.776759, 0.375166, -0.000342, -0.776755, 0.629799, 0.0, 0.0, 0.0, 0.0, 1.0],
                [0.999999, -0.000908, -0.000581, 0.0, 0.001002, 0.582885, 0.812557, 0.375166, -0.000399, -0.812553, 0.582884, -0.0, 0.0, 0.0, 0.0, 1.0],
                [0.999999, -0.000944, -0.000635, 0.0, 0.001042, 0.535305, 0.844661, 0.375166, -0.000458, -0.844656, 0.535304, 0.0, 0.0, 0.0, 0.0, 1.0],
                [0.999999, -0.000977, -0.000688, 0.0, 0.001077, 0.488072, 0.872805, 0.375166, -0.000517, -0.872801, 0.488072, -0.0, 0.0, 0.0, 0.0, 1.0],
                [0.999999, -0.001002, -0.000738, -0.0, 0.001106, 0.442643, 0.896699, 0.375166, -0.000572, -0.896695, 0.442643, -0.0, 0.0, 0.0, 0.0, 1.0],
                [0.999999, -0.001025, -0.000786, 0.0, 0.001131, 0.400113, 0.916467, 0.375166, -0.000625, -0.916463, 0.400113, -0.0, 0.0, 0.0, 0.0, 1.0],
                [0.999999, -0.001043, -0.000829, -0.0, 0.00115, 0.361676, 0.932305, 0.375166, -0.000672, -0.932301, 0.361676, -0.0, 0.0, 0.0, 0.0, 1.0],
                [0.999999, -0.001056, -0.000866, -0.0, 0.001165, 0.328328, 0.944565, 0.375166, -0.000713, -0.944561, 0.328328, 0.0, 0.0, 0.0, 0.0, 1.0],
                [0.999999, -0.001066, -0.000896, -0.0, 0.001176, 0.301334, 0.95352, 0.375166, -0.000747, -0.953515, 0.301333, 0.0, 0.0, 0.0, 0.0, 1.0],
                [0.999999, -0.001073, -0.000919, -0.0, 0.001183, 0.281393, 0.959594, 0.375166, -0.000771, -0.95959, 0.281393, 0.0, 0.0, 0.0, 0.0, 1.0],
                [0.999999, -0.001077, -0.000932, -0.0, 0.001188, 0.269164, 0.963095, 0.375166, -0.000786, -0.963092, 0.269164, -0.0, 0.0, 0.0, 0.0, 1.0],
                [0.999999, -0.001079, -0.000938, -0.0, 0.00119, 0.265092, 0.964224, 0.375166, -0.000792, -0.96422, 0.265092, -0.0, 0.0, 0.0, 0.0, 1.0],
                [0.999999, -0.001077, -0.000932, -0.0, 0.001188, 0.269391, 0.963032, 0.375166, -0.000786, -0.963028, 0.26939, -0.0, 0.0, 0.0, 0.0, 1.0],
                [0.999999, -0.001072, -0.000917, -0.0, 0.001183, 0.282026, 0.959408, 0.375166, -0.00077, -0.959404, 0.282026, -0.0, 0.0, 0.0, 0.0, 1.0],
                [0.999999, -0.001065, -0.000895, 0.0, 0.001175, 0.302724, 0.95308, 0.375166, -0.000745, -0.953075, 0.302723, -0.0, 0.0, 0.0, 0.0, 1.0],
                [0.999999, -0.001055, -0.000863, 0.0, 0.001164, 0.330977, 0.94364, 0.375166, -0.00071, -0.943636, 0.330977, 0.0, 0.0, 0.0, 0.0, 1.0],
                [0.999999, -0.001041, -0.000824, 0.0, 0.001148, 0.366221, 0.93053, 0.375166, -0.000667, -0.930525, 0.36622, -0.0, 0.0, 0.0, 0.0, 1.0],
                [0.999999, -0.001021, -0.000778, 0.0, 0.001126, 0.407281, 0.913304, 0.375166, -0.000616, -0.9133, 0.407281, 0.0, 0.0, 0.0, 0.0, 1.0],
                [0.999999, -0.000996, -0.000726, -0.0, 0.001099, 0.453227, 0.891396, 0.375166, -0.000559, -0.891392, 0.453226, -0.0, 0.0, 0.0, 0.0, 1.0],
                [0.999999, -0.000967, -0.000671, -0.0, 0.001066, 0.503037, 0.864266, 0.375166, -0.000498, -0.864262, 0.503036, 0.0, 0.0, 0.0, 0.0, 1.0],
                [1.0, -0.00093, -0.000613, 0.0, 0.001026, 0.5552, 0.831718, 0.375166, -0.000434, -0.831714, 0.555199, 0.0, 0.0, 0.0, 0.0, 1.0],
                [1.0, -0.000888, -0.000553, 0.0, 0.000979, 0.60862, 0.793463, 0.375166, -0.000368, -0.79346, 0.608619, 0.0, 0.0, 0.0, 0.0, 1.0],
                [0.999999, -0.000839, -0.000493, 0.0, 0.000925, 0.662109, 0.749409, 0.375166, -0.000302, -0.749405, 0.662108, 0.0, 0.0, 0.0, 0.0, 1.0],
                [0.999999, -0.000782, -0.000434, -0.0, 0.000863, 0.714354, 0.699787, 0.375166, -0.000237, -0.699783, 0.714352, -0.0, 0.0, 0.0, 0.0, 1.0],
                [0.999999, -0.000721, -0.000379, -0.0, 0.000796, 0.764114, 0.645083, 0.375166, -0.000176, -0.64508, 0.764113, -0.0, 0.0, 0.0, 0.0, 1.0],
                [1.0, -0.000655, -0.000327, 0.0, 0.000723, 0.810498, 0.585744, 0.375166, -0.000119, -0.585741, 0.810497, 0.0, 0.0, 0.0, 0.0, 1.0],
                [0.999999, -0.000585, -0.00028, 0.0, 0.000645, 0.852489, 0.522746, 0.375166, -6.7e-05, -0.522744, 0.852488, -0.0, 0.0, 0.0, 0.0, 1.0],
                [1.0, -0.000511, -0.000239, -0.0, 0.000564, 0.889277, 0.457372, 0.375166, -2.1e-05, -0.457369, 0.889276, 0.0, 0.0, 0.0, 0.0, 1.0],
                [1.0, -0.000438, -0.000204, -0.0, 0.000483, 0.920269, 0.391287, 0.375166, 1.7e-05, -0.391285, 0.920269, 0.0, 0.0, 0.0, 0.0, 1.0],
                [1.0, -0.000367, -0.000177, -0.0, 0.000404, 0.944709, 0.327912, 0.375166, 4.7e-05, -0.327911, 0.944708, -0.0, 0.0, 0.0, 0.0, 1.0],
                [1.0, -0.000304, -0.000157, 0.0, 0.000335, 0.962433, 0.271518, 0.375166, 6.9e-05, -0.271518, 0.962433, 0.0, 0.0, 0.0, 0.0, 1.0],
                [1.0, -0.000257, -0.000145, 0.0, 0.000284, 0.973138, 0.230226, 0.375166, 8.2e-05, -0.230225, 0.973137, 0.0, 0.0, 0.0, 0.0, 1.0],
                [1.0, -0.00024, -0.000141, 0.0, 0.000265, 0.976705, 0.214588, 0.375166, 8.6e-05, -0.214587, 0.976705, 0.0, 0.0, 0.0, 0.0, 1.0],
                [1.0, -0.00024, -0.000141, 0.0, 0.000265, 0.976705, 0.214588, 0.375166, 8.6e-05, -0.214587, 0.976705, 0.0, 0.0, 0.0, 0.0, 1.0]
            ]
        },
        {
            "name": "Knee_R",
            "time": [0.0, 0.0167, 0.0333, 0.05, 0.0667, 0.0833, 0.1, 0.1167, 0.1333, 0.15, 0.1667, 0.1833, 0.2, 0.2167, 0.2333, 0.25, 0.2667, 0.2833, 0.3, 0.3167, 0.3333, 0.35, 0.3667, 0.3833, 0.4, 0.4167, 0.4333, 0.45, 0.4667, 0.4833, 0.5, 0.5167, 0.5333, 0.55, 0.5667, 0.5833, 0.6, 0.6167, 0.6333, 0.65, 0.6667, 0.6833, 0.7, 0.7167, 0.7333, 0.75, 0.7667, 0.7833, 0.8, 0.8167, 0.8333, 0.85, 0.8667, 0.8833, 0.9, 0.9167, 0.9333, 0.95, 0.9667, 0.9833],
            "transform": [
                [1.0, -5.7e-05, 5.4e-05, 0.0, 5.7e-05, 0.048757, -0.998811, 0.375166, 5.4e-05, 0.998811, 0.048757, -0.0, 0.0, 0.0, 0.0, 1.0],
                [1.0, -5.7e-05, 5.4e-05, 0.0, 5.7e-05, 0.048757, -0.998811, 0.375166, 5.4e-05, 0.998811, 0.048757, -0.0, 0.0, 0.0, 0.0, 1.0],
                [1.0, -5.7e-05, 5.4e-05, 0.0, 5.7e-05, 0.048757, -0.99881, 0.375166, 5.4e-05, 0.998811, 0.048757, -0.0, 0.0, 0.0, 0.0, 1.0],
                [1.0, -5.7e-05, 5.4e-05, -0.0, 5.7e-05, 0.048757, -0.998811, 0.375166, 5.4e-05, 0.998811, 0.048757, -0.0, 0.0, 0.0, 0.0, 1.0],
                [1.0, -5.7e-05, 5.4e-05, -0.0, 5.7e-05, 0.048757, -0.998811, 0.375166, 5.4e-05, 0.998811, 0.048757, 0.0, 0.0, 0.0, 0.0, 1.0],
                [1.0, -5.7e-05, 5.4e-05, -0.0, 5.7e-05, 0.048757, -0.998811, 0.375166, 5.4e-05, 0.998811, 0.048757, 0.0, 0.0, 0.0, 0.0, 1.0],
                [1.0, -5.7e-05, 5.4e-05, 0.0, 5.7e-05, 0.048757, -0.998811, 0.375166, 5.4e-05, 0.998811, 0.048757, 0.0, 0.0, 0.0, 0.0, 1.0],
                [1.0, -5.7e-05, 5.4e-05, 0.0, 5.7e-05, 0.048757, -0.998811, 0.375166, 5.4e-05, 0.998811, 0.048757, -0.0, 0.0, 0.0, 0.0, 1.0],
                [1.0, -5.7e-05, 5.4e-05, -0.0, 5.7e-05, 0.048757, -0.998811, 0.375166, 5.4e-05, 0.998811, 0.048757, -0.0, 0.0, 0.0, 0.0, 1.0],
                [1.0, -5.7e-05, 5.4e-05, -0.0, 5.7e-05, 0.048757, -0.998811, 0.375166, 5.4e-05, 0.998811, 0.048757, 0.0, 0.0, 0.0, 0.0, 1.0],
                [1.0, -5.7e-05, 5.4e-05, -0.0, 5.7e-05, 0.048757, -0.99881, 0.375166, 5.4e-05, 0.998811, 0.048757, 0.0, 0.0, 0.0, 0.0, 1.0],
                [1.0, -5.7e-05, 5.4e-05, -0.0, 5.7e-05, 0.048757, -0.998811, 0.375166, 5.4e-05, 0.998811, 0.048757, 0.0, 0.0, 0.0, 0.0, 1.0],
                [1.0, -5.7e-05, 5.4e-05, -0.0, 5.7e-05, 0.048757, -0.998811, 0.375166, 5.4e-05, 0.99881, 0.048757, -0.0, 0.0, 0.0, 0.0, 1.0],
                [1.0, -5.7e-05, 5.4e-05, -0.0, 5.7e-05, 0.048757, -0.998811, 0.375166, 5.4e-05, 0.998811, 0.048757, -0.0, 0.0, 0.0, 0.0, 1.0],
                [1.0, -5.7e-05, 5.4e-05, -0.0, 5.7e-05, 0.048757, -0.998811, 0.375166, 5.4e-05, 0.998811, 0.048757, -0.0, 0.0, 0.0, 0.0, 1.0],
                [1.0, -5.7e-05, 5.4e-05, -0.0, 5.7e-05, 0.048757, -0.998811, 0.375166, 5.4e-05, 0.998811, 0.048757, 0.0, 0.0, 0.0, 0.0, 1.0],
                [1.0, -5.7e-05, 5.4e-05, -0.0, 5.7e-05, 0.048757, -0.99881, 0.375166, 5.4e-05, 0.99881, 0.048757, -0.0, 0.0, 0.0, 0.0, 1.0],
                [1.0, -5.7e-05, 5.4e-05, 0.0, 5.7e-05, 0.048757, -0.998811, 0.375166, 5.4e-05, 0.998811, 0.048757, -0.0, 0.0, 0.0, 0.0, 1.0],
                [1.0, -5.7e-05, 5.4e-05, 0.0, 5.7e-05, 0.048757, -0.998811, 0.375166, 5.4e-05, 0.998811, 0.048757, 0.0, 0.0, 0.0, 0.0, 1.0],
                [1.0, -5.7e-05, 5.4e-05, -0.0, 5.7e-05, 0.048757, -0.998811, 0.375166, 5.4e-05, 0.998811, 0.048757, -0.0, 0.0, 0.0, 0.0, 1.0],
                [1.0, -5.7e-05, 5.4e-05, -0.0, 5.7e-05, 0.048757, -0.99881, 0.375166, 5.4e-05, 0.99881, 0.048757, 0.0, 0.0, 0.0, 0.0, 1.0],
                [1.0, -5.7e-05, 5.4e-05, -0.0, 5.7e-05, 0.048757, -0.998811, 0.375166, 5.4e-05, 0.998811, 0.048757, -0.0, 0.0, 0.0, 0.0, 1.0],
                [1.0, -5.7e-05, 5.4e-05, -0.0, 5.7e-05, 0.048757, -0.99881, 0.375166, 5.4e-05, 0.998811, 0.048757, 0.0, 0.0, 0.0, 0.0, 1.0],
                [1.0, -5.7e-05, 5.4e-05, 0.0, 5.7e-05, 0.048757, -0.998811, 0.375166, 5.4e-05, 0.998811, 0.048757, 0.0, 0.0, 0.0, 0.0, 1.0],
                [1.0, -5.7e-05, 5.4e-05, -0.0, 5.7e-05, 0.048757, -0.998811, 0.375166, 5.4e-05, 0.998811, 0.048757, 0.0, 0.0, 0.0, 0.0, 1.0],
                [1.0, -5.7e-05, 5.4e-05, -0.0, 5.7e-05, 0.048757, -0.998811, 0.375166, 5.4e-05, 0.998811, 0.048757, 0.0, 0.0, 0.0, 0.0, 1.0],
                [1.0, -5.7e-05, 5.4e-05, -0.0, 5.7e-05, 0.048757, -0.998811, 0.375166, 5.4e-05, 0.998811, 0.048757, -0.0, 0.0, 0.0, 0.0, 1.0],
                [1.0, -5.7e-05, 5.4e-05, -0.0, 5.7e-05, 0.048757, -0.998811, 0.375166, 5.4e-05, 0.998811, 0.048757, 0.0, 0.0, 0.0, 0.0, 1.0],
                [1.0, -5.7e-05, 5.4e-05, 0.0, 5.7e-05, 0.048757, -0.998811, 0.375166, 5.4e-05, 0.998811, 0.048757, -0.0, 0.0, 0.0, 0.0, 1.0],
                [1.0, -5.7e-05, 5.4e-05, 0.0, 5.7e-05, 0.048757, -0.998811, 0.375166, 5.4e-05, 0.998811, 0.048757, 0.0, 0.0, 0.0, 0.0, 1.0],
                [1.0, -5.7e-05, 5.4e-05, 0.0, 5.7e-05, 0.048757, -0.99881, 0.375166, 5.4e-05, 0.99881, 0.048757, -0.0, 0.0, 0.0, 0.0, 1.0],
                [1.0, -5.7e-05, 5.4e-05, -0.0, 5.7e-05, 0.048757, -0.998811, 0.375166, 5.4e-05, 0.998811, 0.048757, -0.0, 0.0, 0.0, 0.0, 1.0],
                [1.0, -5.7e-05, 5.4e-05, 0.0, 5.7e-05, 0.048757, -0.998811, 0.375166, 5.4e-05, 0.998811, 0.048757, -0.0, 0.0, 0.0, 0.0, 1.0],
                [1.0, -5.7e-05, 5.4e-05, -0.0, 5.7e-05, 0.048757, -0.998811, 0.375166, 5.4e-05, 0.998811, 0.048757, -0.0, 0.0, 0.0, 0.0, 1.0],
                [1.0, -5.7e-05, 5.4e-05, -0.0, 5.7e-05, 0.048757, -0.998811, 0.375166, 5.4e-05, 0.998811, 0.048757, 0.0, 0.0, 0.0, 0.0, 1.0],
                [1.0, -5.7e-05, 5.4e-05, -0.0, 5.7e-05, 0.048757, -0.998811, 0.375166, 5.4e-05, 0.99881, 0.048757, 0.0, 0.0, 0.0, 0.0, 1.0],
                [1.0, -5.7e-05, 5.4e-05, -0.0, 5.7e-05, 0.048757, -0.998811, 0.375166, 5.4e-05, 0.998811, 0.048757, 0.0, 0.0, 0.0, 0.0, 1.0],
                [1.0, -5.7e-05, 5.4e-05, -0.0, 5.7e-05, 0.048757, -0.998811, 0.375166, 5.4e-05, 0.998811, 0.048757, -0.0, 0.0, 0.0, 0.0, 1.0],
                [1.0, -5.7e-05, 5.4e-05, -0.0, 5.7e-05, 0.048757, -0.99881, 0.375166, 5.4e-05, 0.998811, 0.048757, -0.0, 0.0, 0.0, 0.0, 1.0],
                [1.0, -5.7e-05, 5.4e-05, -0.0, 5.7e-05, 0.048757, -0.998811, 0.375166, 5.4e-05, 0.998811, 0.048757, -0.0, 0.0, 0.0, 0.0, 1.0],
                [1.0, -5.7e-05, 5.4e-05, -0.0, 5.7e-05, 0.048757, -0.998811, 0.375166, 5.4e-05, 0.998811, 0.048757, -0.0, 0.0, 0.0, 0.0, 1.0],
                [1.0, -5.7e-05, 5.4e-05, 0.0, 5.7e-05, 0.048757, -0.998811, 0.375166, 5.4e-05, 0.998811, 0.048757, -0.0, 0.0, 0.0, 0.0, 1.0],
                [1.0, -5.7e-05, 5.4e-05, 0.0, 5.7e-05, 0.048757, -0.998811, 0.375166, 5.4e-05, 0.998811, 0.048757, 0.0, 0.0, 0.0, 0.0, 1.0],
                [1.0, -5.7e-05, 5.4e-05, 0.0, 5.7e-05, 0.048757, -0.998811, 0.375166, 5.4e-05, 0.998811, 0.048757, -0.0, 0.0, 0.0, 0.0, 1.0],
                [1.0, -5.7e-05, 5.4e-05, 0.0, 5.7e-05, 0.048757, -0.998811, 0.375166, 5.4e-05, 0.998811, 0.048757, 0.0, 0.0, 0.0, 0.0, 1.0],
                [1.0, -5.7e-05, 5.4e-05, -0.0, 5.7e-05, 0.048757, -0.998811, 0.375166, 5.4e-05, 0.998811, 0.048757, -0.0, 0.0, 0.0, 0.0, 1.0],
                [1.0, -5.7e-05, 5.4e-05, -0.0, 5.7e-05, 0.048757, -0.998811, 0.375166, 5.4e-05, 0.998811, 0.048757, 0.0, 0.0, 0.0, 0.0, 1.0],
                [1.0, -5.7e-05, 5.4e-05, 0.0, 5.7e-05, 0.048757, -0.998811, 0.375166, 5.4e-05, 0.998811, 0.048757, 0.0, 0.0, 0.0, 0.0, 1.0],
                [1.0, -5.7e-05, 5.4e-05, 0.0, 5.7e-05, 0.048757, -0.998811, 0.375166, 5.4e-05, 0.998811, 0.048757, 0.0, 0.0, 0.0, 0.0, 1.0],
                [1.0, -5.7e-05, 5.4e-05, 0.0, 5.7e-05, 0.048757, -0.99881, 0.375166, 5.4e-05, 0.998811, 0.048757, 0.0, 0.0, 0.0, 0.0, 1.0],
                [1.0, -5.7e-05, 5.4e-05, -0.0, 5.7e-05, 0.048757, -0.998811, 0.375166, 5.4e-05, 0.998811, 0.048757, -0.0, 0.0, 0.0, 0.0, 1.0],
                [1.0, -5.7e-05, 5.4e-05, -0.0, 5.7e-05, 0.048757, -0.998811, 0.375166, 5.4e-05, 0.998811, 0.048757, -0.0, 0.0, 0.0, 0.0, 1.0],
                [1.0, -5.7e-05, 5.4e-05, 0.0, 5.7e-05, 0.048757, -0.998811, 0.375166, 5.4e-05, 0.998811, 0.048757, 0.0, 0.0, 0.0, 0.0, 1.0],
                [1.0, -5.7e-05, 5.4e-05, 0.0, 5.7e-05, 0.048757, -0.998811, 0.375166, 5.4e-05, 0.998811, 0.048757, -0.0, 0.0, 0.0, 0.0, 1.0],
                [1.0, -5.7e-05, 5.4e-05, -0.0, 5.7e-05, 0.048757, -0.998811, 0.375166, 5.4e-05, 0.998811, 0.048757, 0.0, 0.0, 0.0, 0.0, 1.0],
                [1.0, -5.7e-05, 5.4e-05, -0.0, 5.7e-05, 0.048757, -0.99881, 0.375166, 5.4e-05, 0.998811, 0.048757, 0.0, 0.0, 0.0, 0.0, 1.0],
                [1.0, -5.7e-05, 5.4e-05, -0.0, 5.7e-05, 0.048757, -0.998811, 0.375166, 5.4e-05, 0.998811, 0.048757, -0.0, 0.0, 0.0, 0.0, 1.0],
                [1.0, -5.7e-05, 5.4e-05, 0.0, 5.7e-05, 0.048757, -0.998811, 0.375166, 5.4e-05, 0.998811, 0.048757, 0.0, 0.0, 0.0, 0.0, 1.0],
                [1.0, -5.7e-05, 5.4e-05, 0.0, 5.7e-05, 0.048757, -0.998811, 0.375166, 5.4e-05, 0.998811, 0.048757, 0.0, 0.0, 0.0, 0.0, 1.0],
                [1.0, -5.7e-05, 5.4e-05, 0.0, 5.7e-05, 0.048757, -0.99881, 0.375166, 5.4e-05, 0.99881, 0.048757, 0.0, 0.0, 0.0, 0.0, 1.0],
                [1.0, -5.7e-05, 5.4e-05, 0.0, 5.7e-05, 0.048757, -0.99881, 0.375166, 5.4e-05, 0.99881, 0.048757, 0.0, 0.0, 0.0, 0.0, 1.0]
            ]
        },
        {
            "name": "Thigh_L",
