{
    "animation": [
        {
            "name": "Root",
            "time": [0.0, 0.0167, 0.0333, 0.05, 0.0667, 0.0833, 0.1, 0.1167, 0.1333, 0.15, 0.1667, 0.1833, 0.2, 0.2167, 0.2333, 0.25, 0.2667, 0.2833, 0.3, 0.3167, 0.3333, 0.35, 0.3667, 0.3833, 0.4, 0.4167, 0.4333, 0.45, 0.4667, 0.4833, 0.5, 0.5167, 0.5333, 0.55, 0.5667, 0.5833, 0.6, 0.6167, 0.6333, 0.65, 0.6667, 0.6833, 0.7, 0.7167, 0.7333, 0.75, 0.7667, 0.7833, 0.8, 0.8167, 0.8333, 0.85, 0.8667, 0.8833, 0.9, 0.9167, 0.9333, 0.95, 0.9667, 0.9833, 1.0, 1.0167, 1.0333, 1.05, 1.0667, 1.0833, 1.1, 1.1167, 1.1333, 1.15, 1.1667, 1.1833, 1.2, 1.2167, 1.2333, 1.25, 1.2667, 1.2833, 1.3, 1.3167, 1.3333, 1.35, 1.3667, 1.3833, 1.4, 1.4167, 1.4333, 1.45, 1.4667, 1.4833, 1.5, 1.5167, 1.5333, 1.55, 1.5667, 1.5833, 1.6, 1.6167, 1.6333, 1.65, 1.6667, 1.6833, 1.7, 1.7167, 1.7333, 1.75, 1.7667, 1.7833, 1.8, 1.8167, 1.8333, 1.85, 1.8667, 1.8833, 1.9, 1.9167, 1.9333, 1.95, 1.9667, 1.9833, 2.0, 2.0167, 2.0333, 2.05, 2.0667, 2.0833, 2.1, 2.1167, 2.1333, 2.15, 2.1667, 2.1833, 2.2, 2.2167, 2.2333, 2.25, 2.2667, 2.2833, 2.3, 2.3167, 2.3333, 2.35, 2.3667, 2.3833, 2.4, 2.4167, 2.4333, 2.45, 2.4667, 2.4833, 2.5, 2.5167, 2.5333, 2.55, 2.5667, 2.5833, 2.6, 2.6167, 2.6333, 2.65, 2.6667, 2.6833, 2.7, 2.7167, 2.7333, 2.75, 2.7667, 2.7833, 2.8, 2.8167, 2.8333, 2.85, 2.8667, 2.8833],
            "transform": [
                [0.998051, 0.056096, 0.027332, -0.002809, 0.027295, 0.001413, -0.999626, 0.000876, -0.056113, 0.998424, -0.000121, 0.739425, 0.0, 0.0, 0.0, 1.0],
                [0.998051, 0.056096, 0.027332, -0.002809, 0.027295, 0.001413, -0.999626, -0.012377, -0.056113, 0.998424, -0.000121, 0.741494, 0.0, 0.0, 0.0, 1.0],
                [0.998051, 0.056096, 0.027332, -0.002809, 0.027295, 0.001413, -0.999626, -0.052785, -0.056113, 0.998424, -0.000121, 0.747738, 0.0, 0.0, 0.0, 1.0],
                [0.998051, 0.056096, 0.027332, -0.002809, 0.027295, 0.001413, -0.999626, -0.120934, -0.056113, 0.998424, -0.000121, 0.758127, 0.0, 0.0, 0.0, 1.0],
                [0.998051, 0.056096, 0.027332, -0.002809, 0.027295, 0.001413, -0.999626, -0.216699, -0.056113, 0.998424, -0.000121, 0.772491, 0.0, 0.0, 0.0, 1.0],
                [0.998051, 0.056096, 0.027332, -0.002809, 0.027295, 0.001413, -0.999626, -0.338993, -0.056113, 0.998424, -0.000121, 0.790487, 0.0, 0.0, 0.0, 1.0],
                [0.998051, 0.056096, 0.027332, -0.002809, 0.027295, 0.001413, -0.999626, -0.485551, -0.056113, 0.998424, -0.000121, 0.811564, 0.0, 0.0, 0.0, 1.0],
                [0.998051, 0.056096, 0.027332, -0.002809, 0.027295, 0.001413, -0.999626, -0.652804, -0.056113, 0.998424, -0.000121, 0.834958, 0.0, 0.0, 0.0, 1.0],
                [0.998051, 0.056096, 0.027332, -0.002809, 0.027295, 0.001413, -0.999626, -0.835926, -0.056113, 0.998424, -0.000121, 0.859715, 0.0, 0.0, 0.0, 1.0],
                [0.998051, 0.056096, 0.027332, -0.002809, 0.027295, 0.001413, -0.999626, -1.029099, -0.056113, 0.998424, -0.000121, 0.88475, 0.0, 0.0, 0.0, 1.0],
                [0.998051, 0.056096, 0.027332, -0.002809, 0.027295, 0.001413, -0.999626, -1.225979, -0.056113, 0.998424, -0.000121, 0.908939, 0.0, 0.0, 0.0, 1.0],
                [0.998051, 0.056096, 0.027332, -0.002809, 0.027295, 0.001413, -0.999626, -1.420255, -0.056113, 0.998424, -0.000121, 0.931218, 0.0, 0.0, 0.0, 1.0],
                [0.998051, 0.056096, 0.027332, -0.002809, 0.027295, 0.001413, -0.999626, -1.606191, -0.056113, 0.998424, -0.000121, 0.95067, 0.0, 0.0, 0.0, 1.0],
                [0.998051, 0.056096, 0.027332, -0.002809, 0.027295, 0.001413, -0.999626, -1.779011, -0.056113, 0.998424, -0.000121, 0.966581, 0.0, 0.0, 0.0, 1.0],
                [0.998051, 0.056096, 0.027332, -0.002809, 0.027295, 0.001413, -0.999626, -1.935085, -0.056113, 0.998424, -0.000121, 0.978457, 0.0, 0.0, 0.0, 1.0],
                [0.998051, 0.056096, 0.027332, -0.002809, 0.027295, 0.001413, -0.999626, -2.071931, -0.056113, 0.998424, -0.000121, 0.986011, 0.0, 0.0, 0.0, 1.0],
                [0.998051, 0.056096, 0.027332, -0.002809, 0.027295, 0.001413, -0.999626, -2.188088, -0.056113, 0.998424, -0.000121, 0.989129, 0.0, 0.0, 0.0, 1.0],
                [0.998051, 0.056096, 0.027332, -0.002809, 0.027295, 0.001413, -0.999626, -2.28292, -0.056113, 0.998424, -0.000121, 0.987833, 0.0, 0.0, 0.0, 1.0],
                [0.998051, 0.056096, 0.027332, -0.002809, 0.027295, 0.001413, -0.999626, -2.364578, -0.056113, 0.998424, -0.000121, 0.979035, 0.0, 0.0, 0.0, 1.0],
                [0.998051, 0.056096, 0.027332, -0.002809, 0.027295, 0.001413, -0.999626, -2.44074, -0.056113, 0.998424, -0.000121, 0.959473, 0.0, 0.0, 0.0, 1.0],
                [0.998051, 0.056096, 0.027332, -0.002809, 0.027295, 0.001413, -0.999626, -2.510535, -0.056113, 0.998424, -0.000121, 0.9293, 0.0, 0.0, 0.0, 1.0],
                [0.998051, 0.056096, 0.027332, -0.002809, 0.027295, 0.001413, -0.999626, -2.573107, -0.056113, 0.998424, -0.000121, 0.889239, 0.0, 0.0, 0.0, 1.0],
                [0.998051, 0.056096, 0.027332, -0.002809, 0.027295, 0.001413, -0.999626, -2.627731, -0.056113, 0.998424, -0.000121, 0.840738, 0.0, 0.0, 0.0, 1.0],
                [0.998051, 0.056096, 0.027332, -0.002809, 0.027295, 0.001413, -0.999626, -2.673942, -0.056113, 0.998424, -0.000121, 0.786039, 0.0, 0.0, 0.0, 1.0],
                [0.998051, 0.056096, 0.027332, -0.002809, 0.027295, 0.001413, -0.999626, -2.711666, -0.056113, 0.998424, -0.000121, 0.728091, 0.0, 0.0, 0.0, 1.0],
                [0.998051, 0.056096, 0.027332, -0.002809, 0.027295, 0.001413, -0.999626, -2.741282, -0.056113, 0.998424, -0.000121, 0.670254, 0.0, 0.0, 0.0, 1.0],
                [0.998051, 0.056096, 0.027332, -0.002809, 0.027295, 0.001413, -0.999626, -2.763604, -0.056113, 0.998424, -0.000121, 0.615884, 0.0, 0.0, 0.0, 1.0],
                [0.998051, 0.056096, 0.027332, -0.002809, 0.027295, 0.001413, -0.999626, -2.779748, -0.056113, 0.998424, -0.000121, 0.567912, 0.0, 0.0, 0.0, 1.0],
                [0.998051, 0.056096, 0.027332, -0.002809, 0.027295, 0.001413, -0.999626, -2.790974, -0.056113, 0.998424, -0.000121, 0.528558, 0.0, 0.0, 0.0, 1.0],
                [0.998051, 0.056096, 0.027332, -0.002809, 0.027295, 0.001413, -0.999626, -2.798515, -0.056113, 0.998424, -0.000121, 0.499242, 0.0, 0.0, 0.0, 1.0],
                [0.998051, 0.056096, 0.027332, -0.002809, 0.027295, 0.001413, -0.999626, -2.803477, -0.056113, 0.998424, -0.000121, 0.48066, 0.0, 0.0, 0.0, 1.0],
                [0.998051, 0.056096, 0.027332, -0.002809, 0.027295, 0.001413, -0.999626, -2.806783, -0.056113, 0.998424, -0.000121, 0.472941, 0.0, 0.0, 0.0, 1.0],
                [0.998051, 0.056096, 0.027332, -0.002809, 0.027295, 0.001413, -0.999626, -2.809489, -0.056113, 0.998424, -0.000121, 0.47063, 0.0, 0.0, 0.0, 1.0],
                [0.998051, 0.056096, 0.027332, -0.002809, 0.027295, 0.001413, -0.999626, -2.812129, -0.056113, 0.998424, -0.000121, 0.468398, 0.0, 0.0, 0.0, 1.0],
                [0.998051, 0.056096, 0.027332, -0.002809, 0.027295, 0.001413, -0.999626, -2.814704, -0.056113, 0.998424, -0.000121, 0.466242, 0.0, 0.0, 0.0, 1.0],
                [0.998051, 0.056096, 0.027332, -0.002809, 0.027295, 0.001413, -0.999626, -2.817216, -0.056113, 0.998424, -0.000121, 0.464158, 0.0, 0.0, 0.0, 1.0],
                [0.998051, 0.056096, 0.027332, -0.002809, 0.027295, 0.001413, -0.999626, -2.819663, -0.056113, 0.998424, -0.000121, 0.462144, 0.0, 0.0, 0.0, 1.0],
                [0.998051, 0.056096, 0.027332, -0.002809, 0.027295, 0.001413, -0.999626, -2.822048, -0.056113, 0.998424, -0.000121, 0.460197, 0.0, 0.0, 0.0, 1.0],
                [0.998051, 0.056096, 0.027332, -0.002809, 0.027295, 0.001413, -0.999626, -2.82437, -0.056113, 0.998424, -0.000121, 0.458314, 0.0, 0.0, 0.0, 1.0],
                [0.998051, 0.056096, 0.027332, -0.002809, 0.027295, 0.001413, -0.999626, -2.826631, -0.056113, 0.998424, -0.000121, 0.456493, 0.0, 0.0, 0.0, 1.0],
                [0.998051, 0.056096, 0.027332, -0.002809, 0.027295, 0.001413, -0.999626, -2.82883, -0.056113, 0.998424, -0.000121, 0.454733, 0.0, 0.0, 0.0, 1.0],
                [0.998051, 0.056096, 0.027332, -0.002809, 0.027295, 0.001413, -0.999626, -2.830969, -0.056113, 0.998424, -0.000121, 0.453029, 0.0, 0.0, 0.0, 1.0],
                [0.998051, 0.056096, 0.027332, -0.002809, 0.027295, 0.001413, -0.999626, -2.833049, -0.056113, 0.998424, -0.000121, 0.451382, 0.0, 0.0, 0.0, 1.0],
                [0.998051, 0.056096, 0.027332, -0.002809, 0.027295, 0.001413, -0.999626, -2.835069, -0.056113, 0.998424, -0.000121, 0.449788, 0.0, 0.0, 0.0, 1.0],
                [0.998051, 0.056096, 0.027332, -0.002809, 0.027295, 0.001413, -0.999626, -2.837032, -0.056113, 0.998424, -0.000121, 0.448247, 0.0, 0.0, 0.0, 1.0],
                [0.998051, 0.056096, 0.027332, -0.002809, 0.027295, 0.001413, -0.999626, -2.838936, -0.056113, 0.998424, -0.000121, 0.446755, 0.0, 0.0, 0.0, 1.0],
                [0.998051, 0.056096, 0.027332, -0.002809, 0.027295, 0.001413, -0.999626, -2.840784, -0.056113, 0.998424, -0.000121, 0.445311, 0.0, 0.0, 0.0, 1.0],
                [0.998051, 0.056096, 0.027332, -0.002809, 0.027295, 0.001413, -0.999626, -2.842577, -0.056113, 0.998424, -0.000121, 0.443915, 0.0, 0.0, 0.0, 1.0],
                [0.998051, 0.056096, 0.027332, -0.002809, 0.027295, 0.001413, -0.999626, -2.844314, -0.056113, 0.998424, -0.000121, 0.442564, 0.0, 0.0, 0.0, 1.0],
                [0.998051, 0.056096, 0.027332, -0.002809, 0.027295, 0.001413, -0.999626, -2.845997, -0.056113, 0.998424, -0.000121, 0.441256, 0.0, 0.0, 0.0, 1.0],
                [0.998051, 0.056096, 0.027332, -0.002809, 0.027295, 0.001413, -0.999626, -2.847627, -0.056113, 0.998424, -0.000121, 0.439991, 0.0, 0.0, 0.0, 1.0],
                [0.998051, 0.056096, 0.027332, -0.002809, 0.027295, 0.001413, -0.999626, -2.849204, -0.056113, 0.998424, -0.000121, 0.438768, 0.0, 0.0, 0.0, 1.0],
                [0.998051, 0.056096, 0.027332, -0.002809, 0.027295, 0.001413, -0.999626, -2.850729, -0.056113, 0.998424, -0.000121, 0.437584, 0.0, 0.0, 0.0, 1.0],
                [0.998051, 0.056096, 0.027332, -0.002809, 0.027295, 0.001413, -0.999626, -2.852204, -0.056113, 0.998424, -0.000121, 0.436438, 0.0, 0.0, 0.0, 1.0],
                [0.998051, 0.056096, 0.027332, -0.002809, 0.027295, 0.001413, -0.999626, -2.853629, -0.056113, 0.998424, -0.000121, 0.43533, 0.0, 0.0, 0.0, 1.0],
                [0.998051, 0.056096, 0.027332, -0.002809, 0.027295, 0.001413, -0.999626, -2.855005, -0.056113, 0.998424, -0.000121, 0.434258, 0.0, 0.0, 0.0, 1.0],
                [0.998051, 0.056096, 0.027332, -0.002809, 0.027295, 0.001413, -0.999626, -2.856333, -0.056113, 0.998424, -0.000121, 0.433221, 0.0, 0.0, 0.0, 1.0],
                [0.998051, 0.056096, 0.027332, -0.002809, 0.027295, 0.001413, -0.999626, -2.857613, -0.056113, 0.998424, -0.000121, 0.432219, 0.0, 0.0, 0.0, 1.0],
                [0.998051, 0.056096, 0.027332, -0.002809, 0.027295, 0.001413, -0.999626, -2.858847, -0.056113, 0.998424, -0.000121, 0.431249, 0.0, 0.0, 0.0, 1.0],
                [0.998051, 0.056096, 0.027332, -0.002809, 0.027295, 0.001413, -0.999626, -2.860036, -0.056113, 0.998424, -0.000121, 0.430312, 0.0, 0.0, 0.0, 1.0],
                [0.998051, 0.056096, 0.027332, -0.002809, 0.027295, 0.001413, -0.999626, -2.861181, -0.056113, 0.998424, -0.000121, 0.429406, 0.0, 0.0, 0.0, 1.0],
                [0.998051, 0.056096, 0.027332, -0.002809, 0.027295, 0.001413, -0.999626, -2.862282, -0.056113, 0.998424, -0.000121, 0.42853, 0.0, 0.0, 0.0, 1.0],
                [0.998051, 0.056096, 0.027332, -0.002809, 0.027295, 0.001413, -0.999626, -2.863341, -0.056113, 0.998424, -0.000121, 0.427684, 0.0, 0.0, 0.0, 1.0],
                [0.998051, 0.056096, 0.027332, -0.002809, 0.027295, 0.001413, -0.999626, -2.864358, -0.056113, 0.998424, -0.000121, 0.426866, 0.0, 0.0, 0.0, 1.0],
                [0.998051, 0.056096, 0.027332, -0.002809, 0.027295, 0.001413, -0.999626, -2.865334, -0.056113, 0.998424, -0.000121, 0.426075, 0.0, 0.0, 0.0, 1.0],
                [0.998051, 0.056096, 0.027332, -0.002809, 0.027295, 0.001413, -0.999626, -2.866271, -0.056113, 0.998424, -0.000121, 0.425312, 0.0, 0.0, 0.0, 1.0],
                [0.998051, 0.056096, 0.027332, -0.002809, 0.027295, 0.001413, -0.999626, -2.867168, -0.056113, 0.998424, -0.000121, 0.424575, 0.0, 0.0, 0.0, 1.0],
                [0.998051, 0.056096, 0.027332, -0.002809, 0.027295, 0.001413, -0.999626, -2.868028, -0.056113, 0.998424, -0.000121, 0.423864, 0.0, 0.0, 0.0, 1.0],
                [0.998051, 0.056096, 0.027332, -0.002809, 0.027295, 0.001413, -0.999626, -2.868851, -0.056113, 0.998424, -0.000121, 0.423177, 0.0, 0.0, 0.0, 1.0],
                [0.998051, 0.056096, 0.027332, -0.002809, 0.027295, 0.001413, -0.999626, -2.869638, -0.056113, 0.998424, -0.000121, 0.422514, 0.0, 0.0, 0.0, 1.0],
                [0.998051, 0.056096, 0.027332, -0.002809, 0.027295, 0.001413, -0.999626, -2.870391, -0.056113, 0.998424, -0.000121, 0.421874, 0.0, 0.0, 0.0, 1.0],
                [0.998051, 0.056096, 0.027332, -0.002809, 0.027295, 0.001413, -0.999626, -2.871109, -0.056113, 0.998424, -0.000121, 0.421257, 0.0, 0.0, 0.0, 1.0],
                [0.998051, 0.056096, 0.027332, -0.002809, 0.027295, 0.001413, -0.999626, -2.871794, -0.056113, 0.998424, -0.000121, 0.420663, 0.0, 0.0, 0.0, 1.0],
                [0.998051, 0.056096, 0.027332, -0.002809, 0.027295, 0.001413, -0.999626, -2.872446, -0.056113, 0.998424, -0.000121, 0.420089, 0.0, 0.0, 0.0, 1.0],
                [0.998051, 0.056096, 0.027332, -0.002809, 0.027295, 0.001413, -0.999626, -2.873067, -0.056113, 0.998424, -0.000121, 0.419537, 0.0, 0.0, 0.0, 1.0],
                [0.998051, 0.056096, 0.027332, -0.002809, 0.027295, 0.001413, -0.999626, -2.873658, -0.056113, 0.998424, -0.000121, 0.419005, 0.0, 0.0, 0.0, 1.0],
                [0.998051, 0.056096, 0.027332, -0.002809, 0.027295, 0.001413, -0.999626, -2.874219, -0.056113, 0.998424, -0.000121, 0.418493, 0.0, 0.0, 0.0, 1.0],
                [0.998051, 0.056096, 0.027332, -0.002809, 0.027295, 0.001413, -0.999626, -2.874752, -0.056113, 0.998424, -0.000121, 0.417999, 0.0, 0.0, 0.0, 1.0],
                [0.998051, 0.056096, 0.027332, -0.002809, 0.027295, 0.001413, -0.999626, -2.875257, -0.056113, 0.998424, -0.000121, 0.417525, 0.0, 0.0, 0.0, 1.0],
                [0.998051, 0.056096, 0.027332, -0.002809, 0.027295, 0.001413, -0.999626, -2.875735, -0.056113, 0.998424, -0.000121, 0.417068, 0.0, 0.0, 0.0, 1.0],
                [0.998051, 0.056096, 0.027332, -0.002809, 0.027295, 0.001413, -0.999626, -2.876186, -0.056113, 0.998424, -0.000121, 0.416629, 0.0, 0.0, 0.0, 1.0],
                [0.998051, 0.056096, 0.027332, -0.002809, 0.027295, 0.001413, -0.999626, -2.876613, -0.056113, 0.998424, -0.000121, 0.416208, 0.0, 0.0, 0.0, 1.0],
                [0.998051, 0.056096, 0.027332, -0.002809, 0.027295, 0.001413, -0.999626, -2.877016, -0.056113, 0.998424, -0.000121, 0.415803, 0.0, 0.0, 0.0, 1.0],
                [0.998051, 0.056096, 0.027332, -0.002809, 0.027295, 0.001413, -0.999626, -2.877395, -0.056113, 0.998424, -0.000121, 0.415414, 0.0, 0.0, 0.0, 1.0],
                [0.998051, 0.056096, 0.027332, -0.002809, 0.027295, 0.001413, -0.999626, -2.877751, -0.056113, 0.998424, -0.000121, 0.415041, 0.0, 0.0, 0.0, 1.0],
                [0.998051, 0.056096, 0.027332, -0.002809, 0.027295, 0.001413, -0.999626, -2.878086, -0.056113, 0.998424, -0.000121, 0.414683, 0.0, 0.0, 0.0, 1.0],
                [0.998051, 0.056096, 0.027332, -0.002809, 0.027295, 0.001413, -0.999626, -2.8784, -0.056113, 0.998424, -0.000121, 0.41434, 0.0, 0.0, 0.0, 1.0],
                [0.998051, 0.056096, 0.027332, -0.002809, 0.027295, 0.001413, -0.999626, -2.878694, -0.056113, 0.998424, -0.000121, 0.414011, 0.0, 0.0, 0.0, 1.0],
                [0.998051, 0.056096, 0.027332, -0.002809, 0.027295, 0.001413, -0.999626, -2.878968, -0.056113, 0.998424, -0.000121, 0.413696, 0.0, 0.0, 0.0, 1.0],
                [0.998051, 0.056096, 0.027332, -0.002809, 0.027295, 0.001413, -0.999626, -2.879223, -0.056113, 0.998424, -0.000121, 0.413395, 0.0, 0.0, 0.0, 1.0],
                [0.998051, 0.056096, 0.027332, -0.002809, 0.027295, 0.001413, -0.999626, -2.879461, -0.056113, 0.998424, -0.000121, 0.413108, 0.0, 0.0, 0.0, 1.0],
                [0.998051, 0.056096, 0.027332, -0.002809, 0.027295, 0.001413, -0.999626, -2.879682, -0.056113, 0.998424, -0.000121, 0.412833, 0.0, 0.0, 0.0, 1.0],
                [0.998051, 0.056096, 0.027332, -0.002809, 0.027295, 0.001413, -0.999626, -2.879886, -0.056113, 0.998424, -0.000121, 0.41257, 0.0, 0.0, 0.0, 1.0],
                [0.998051, 0.056096, 0.027332, -0.002809, 0.027295, 0.001413, -0.999626, -2.880075, -0.056113, 0.998424, -0.000121, 0.41232, 0.0, 0.0, 0.0, 1.0],
                [0.998051, 0.056096, 0.027332, -0.002809, 0.027295, 0.001413, -0.999626, -2.880249, -0.056113, 0.998424, -0.000121, 0.412081, 0.0, 0.0, 0.0, 1.0],
                [0.998051, 0.056096, 0.027332, -0.002809, 0.027295, 0.001413, -0.999626, -2.880409, -0.056113, 0.998424, -0.000121, 0.411853, 0.0, 0.0, 0.0, 1.0],
                [0.998051, 0.056096, 0.027332, -0.002809, 0.027295, 0.001413, -0.999626, -2.880555, -0.056113, 0.998424, -0.000121, 0.411637, 0.0, 0.0, 0.0, 1.0],
                [0.998051, 0.056096, 0.027332, -0.002809, 0.027295, 0.001413, -0.999626, -2.880688, -0.056113, 0.998424, -0.000121, 0.411431, 0.0, 0.0, 0.0, 1.0],
                [0.998051, 0.056096, 0.027332, -0.002809, 0.027295, 0.001413, -0.999626, -2.88081, -0.056113, 0.998424, -0.000121, 0.411236, 0.0, 0.0, 0.0, 1.0],
                [0.998051, 0.056096, 0.027332, -0.002809, 0.027295, 0.001413, -0.999626, -2.88092, -0.056113, 0.998424, -0.000121, 0.41105, 0.0, 0.0, 0.0, 1.0],
                [0.998051, 0.056096, 0.027332, -0.002809, 0.027295, 0.001413, -0.999626, -2.881019, -0.056113, 0.998424, -0.000121, 0.410875, 0.0, 0.0, 0.0, 1.0],
                [0.998051, 0.056096, 0.027332, -0.002809, 0.027295, 0.001413, -0.999626, -2.881108, -0.056113, 0.998424, -0.000121, 0.410708, 0.0, 0.0, 0.0, 1.0],
                [0.998051, 0.056096, 0.027332, -0.002809, 0.027295, 0.001413, -0.999626, -2.881187, -0.056113, 0.998424, -0.000121, 0.410551, 0.0, 0.0, 0.0, 1.0],
                [0.998051, 0.056096, 0.027332, -0.002809, 0.027295, 0.001413, -0.999626, -2.881258, -0.056113, 0.998424, -0.000121, 0.410402, 0.0, 0.0, 0.0, 1.0],
                [0.998051, 0.056096, 0.027332, -0.002809, 0.027295, 0.001413, -0.999626, -2.88132, -0.056113, 0.998424, -0.000121, 0.410262, 0.0, 0.0, 0.0, 1.0],
                [0.998051, 0.056096, 0.027332, -0.002809, 0.027295, 0.001413, -0.999626, -2.881374, -0.056113, 0.998424, -0.000121, 0.41013, 0.0, 0.0, 0.0, 1.0],
                [0.998051, 0.056096, 0.027332, -0.002809, 0.027295, 0.001413, -0.999626, -2.881422, -0.056113, 0.998424, -0.000121, 0.410006, 0.0, 0.0, 0.0, 1.0],
                [0.998051, 0.056096, 0.027332, -0.002809, 0.027295, 0.001413, -0.999626, -2.881462, -0.056113, 0.998424, -0.000121, 0.40989, 0.0, 0.0, 0.0, 1.0],
                [0.998051, 0.056096, 0.027332, -0.002809, 0.027295, 0.001413, -0.999626, -2.881497, -0.056113, 0.998424, -0.000121, 0.409781, 0.0, 0.0, 0.0, 1.0],
                [0.998051, 0.056096, 0.027332, -0.002809, 0.027295, 0.001413, -0.999626, -2.881526, -0.056113, 0.998424, -0.000121, 0.409679, 0.0, 0.0, 0.0, 1.0],
                [0.998051, 0.056096, 0.027332, -0.002809, 0.027295, 0.001413, -0.999626, -2.881549, -0.056113, 0.998424, -0.000121, 0.409583, 0.0, 0.0, 0.0, 1.0],
                [0.998051, 0.056096, 0.027332, -0.002809, 0.027295, 0.001413, -0.999626, -2.881569, -0.056113, 0.998424, -0.000121, 0.409494, 0.0, 0.0, 0.0, 1.0],
                [0.998051, 0.056096, 0.027332, -0.002809, 0.027295, 0.001413, -0.999626, -2.881584, -0.056113, 0.998424, -0.000121, 0.409412, 0.0, 0.0, 0.0, 1.0],
                [0.998051, 0.056096, 0.027332, -0.002809, 0.027295, 0.001413, -0.999626, -2.881596, -0.056113, 0.998424, -0.000121, 0.409335, 0.0, 0.0, 0.0, 1.0],
                [0.998051, 0.056096, 0.027332, -0.002809, 0.027295, 0.001413, -0.999626, -2.881605, -0.056113, 0.998424, -0.000121, 0.409265, 0.0, 0.0, 0.0, 1.0],
                [0.998051, 0.056096, 0.027332, -0.002809, 0.027295, 0.001413, -0.999626, -2.881611, -0.056113, 0.998424, -0.000121, 0.409199, 0.0, 0.0, 0.0, 1.0],
                [0.998051, 0.056096, 0.027332, -0.002809, 0.027295, 0.001413, -0.999626, -2.881616, -0.056113, 0.998424, -0.000121, 0.409139, 0.0, 0.0, 0.0, 1.0],
                [0.998051, 0.056096, 0.027332, -0.002809, 0.027295, 0.001413, -0.999626, -2.881618, -0.056113, 0.998424, -0.000121, 0.409084, 0.0, 0.0, 0.0, 1.0],
                [0.998051, 0.056096, 0.027332, -0.002809, 0.027295, 0.001413, -0.999626, -2.881619, -0.056113, 0.998424, -0.000121, 0.409034, 0.0, 0.0, 0.0, 1.0],
                [0.998051, 0.056096, 0.027332, -0.002809, 0.027295, 0.001413, -0.999626, -2.88162, -0.056113, 0.998424, -0.000121, 0.408988, 0.0, 0.0, 0.0, 1.0],
                [0.998051, 0.056096, 0.027332, -0.002809, 0.027295, 0.001413, -0.999626, -2.88162, -0.056113, 0.998424, -0.000121, 0.408947, 0.0, 0.0, 0.0, 1.0],
                [0.998051, 0.056096, 0.027332, -0.002809, 0.027295, 0.001413, -0.999626, -2.88162, -0.056113, 0.998424, -0.000121, 0.408909, 0.0, 0.0, 0.0, 1.0],
                [0.998051, 0.056096, 0.027332, -0.002809, 0.027295, 0.001413, -0.999626, -2.88162, -0.056113, 0.998424, -0.000121, 0.408876, 0.0, 0.0, 0.0, 1.0],
                [0.998051, 0.056096, 0.027332, -0.002809, 0.027295, 0.001413, -0.999626, -2.88162, -0.056113, 0.998424, -0.000121, 0.408846, 0.0, 0.0, 0.0, 1.0],
                [0.998051, 0.056096, 0.027332, -0.002809, 0.027295, 0.001413, -0.999626, -2.88162, -0.056113, 0.998424, -0.000121, 0.40882, 0.0, 0.0, 0.0, 1.0],
                [0.998051, 0.056096, 0.027332, -0.002809, 0.027295, 0.001413, -0.999626, -2.88162, -0.056113, 0.998424, -0.000121, 0.408796, 0.0, 0.0, 0.0, 1.0],
                [0.998051, 0.056096, 0.027332, -0.002809, 0.027295, 0.001413, -0.999626, -2.88162, -0.056113, 0.998424, -0.000121, 0.408776, 0.0, 0.0, 0.0, 1.0],
                [0.998051, 0.056096, 0.027332, -0.002809, 0.027295, 0.001413, -0.999626, -2.88162, -0.056113, 0.998424, -0.000121, 0.408758, 0.0, 0.0, 0.0, 1.0],
                [0.998051, 0.056096, 0.027332, -0.002809, 0.027295, 0.001413, -0.999626, -2.88162, -0.056113, 0.998424, -0.000121, 0.408743, 0.0, 0.0, 0.0, 1.0],
                [0.998051, 0.056096, 0.027332, -0.002809, 0.027295, 0.001413, -0.999626, -2.88162, -0.056113, 0.998424, -0.000121, 0.408731, 0.0, 0.0, 0.0, 1.0],
                [0.998051, 0.056096, 0.027332, -0.002809, 0.027295, 0.001413, -0.999626, -2.88162, -0.056113, 0.998424, -0.000121, 0.40872, 0.0, 0.0, 0.0, 1.0],
                [0.998051, 0.056096, 0.027332, -0.002809, 0.027295, 0.001413, -0.999626, -2.88162, -0.056113, 0.998424, -0.000121, 0.408712, 0.0, 0.0, 0.0, 1.0],
                [0.998051, 0.056096, 0.027332, -0.002809, 0.027295, 0.001413, -0.999626, -2.88162, -0.056113, 0.998424, -0.000121, 0.408705, 0.0, 0.0, 0.0, 1.0],
                [0.998051, 0.056096, 0.027332, -0.002809, 0.027295, 0.001413, -0.999626, -2.88162, -0.056113, 0.998424, -0.000121, 0.408699, 0.0, 0.0, 0.0, 1.0],
                [0.998051, 0.056096, 0.027332, -0.002809, 0.027295, 0.001413, -0.999626, -2.88162, -0.056113, 0.998424, -0.000121, 0.408695, 0.0, 0.0, 0.0, 1.0],
                [0.998051, 0.056096, 0.027332, -0.002809, 0.027295, 0.001413, -0.999626, -2.88162, -0.056113, 0.998424, -0.000121, 0.408693, 0.0, 0.0, 0.0, 1.0],
                [0.998051, 0.056096, 0.027332, -0.002809, 0.027295, 0.001413, -0.999626, -2.88162, -0.056113, 0.998424, -0.000121, 0.408691, 0.0, 0.0, 0.0, 1.0],
                [0.998051, 0.056096, 0.027332, -0.002809, 0.027295, 0.001413, -0.999626, -2.88162, -0.056113, 0.998424, -0.000121, 0.408689, 0.0, 0.0, 0.0, 1.0],
                [0.998051, 0.056096, 0.027332, -0.002809, 0.027295, 0.001413, -0.999626, -2.88162, -0.056113, 0.998424, -0.000121, 0.408689, 0.0, 0.0, 0.0, 1.0],
                [0.998051, 0.056096, 0.027332, -0.002809, 0.027295, 0.001413, -0.999626, -2.88162, -0.056113, 0.998424, -0.000121, 0.408689, 0.0, 0.0, 0.0, 1.0],
                [0.998051, 0.056096, 0.027332, -0.002809, 0.027295, 0.001413, -0.999626, -2.88162, -0.056113, 0.998424, -0.000121, 0.408689, 0.0, 0.0, 0.0, 1.0],
                [0.998077, 0.056097, 0.026388, -0.002866, 0.026353, 0.00136, -0.999652, -2.881497, -0.056113, 0.998424, -0.000121, 0.409356, 0.0, 0.0, 0.0, 1.0],
                [0.998148, 0.056101, 0.023539, -0.003034, 0.023509, 0.0012, -0.999723, -2.881125, -0.056113, 0.998424, -0.000121, 0.41137, 0.0, 0.0, 0.0, 1.0],
                [0.998248, 0.056106, 0.018767, -0.003312, 0.018744, 0.000932, -0.999824, -2.880501, -0.056113, 0.998424, -0.000121, 0.414743, 0.0, 0.0, 0.0, 1.0],
                [0.998352, 0.056111, 0.012062, -0.003692, 0.01205, 0.000556, -0.999927, -2.879624, -0.056113, 0.998424, -0.000121, 0.419478, 0.0, 0.0, 0.0, 1.0],
                [0.998419, 0.056113, 0.003429, -0.004164, 0.00343, 7.1e-05, -0.999994, -2.878491, -0.056113, 0.998424, -0.000121, 0.42557, 0.0, 0.0, 0.0, 1.0],
                [0.998399, 0.056111, -0.007113, -0.004714, -0.007095, -0.00052, -0.999975, -2.877104, -0.056113, 0.998424, -0.000121, 0.432999, 0.0, 0.0, 0.0, 1.0],
                [0.998234, 0.0561, -0.019522, -0.005326, -0.019484, -0.001217, -0.999809, -2.875466, -0.056113, 0.998424, -0.000121, 0.441737, 0.0, 0.0, 0.0, 1.0],
                [0.997856, 0.056077, -0.033737, -0.005977, -0.033677, -0.002014, -0.999431, -2.873585, -0.056113, 0.998424, -0.000121, 0.451735, 0.0, 0.0, 0.0, 1.0],
                [0.997193, 0.056038, -0.049668, -0.006646, -0.049583, -0.002908, -0.998766, -2.871468, -0.056113, 0.998424, -0.000121, 0.462931, 0.0, 0.0, 0.0, 1.0],
                [0.996168, 0.055978, -0.067198, -0.007306, -0.067085, -0.003892, -0.99774, -2.869132, -0.056113, 0.998424, -0.000121, 0.475246, 0.0, 0.0, 0.0, 1.0],
                [0.99471, 0.055894, -0.08618, -0.007931, -0.086037, -0.004957, -0.99628, -2.866594, -0.056113, 0.998424, -0.000121, 0.488579, 0.0, 0.0, 0.0, 1.0],
                [0.992754, 0.055782, -0.106435, -0.008497, -0.10626, -0.006093, -0.99432, -2.863878, -0.056113, 0.998424, -0.000121, 0.502814, 0.0, 0.0, 0.0, 1.0],
                [0.990244, 0.055638, -0.127755, -0.008977, -0.127547, -0.007289, -0.991806, -2.861012, -0.056113, 0.998424, -0.000121, 0.517815, 0.0, 0.0, 0.0, 1.0],
                [0.987143, 0.055461, -0.149907, -0.009352, -0.149664, -0.008532, -0.9887, -2.858028, -0.056113, 0.998424, -0.000121, 0.533432, 0.0, 0.0, 0.0, 1.0],
                [0.983435, 0.05525, -0.172633, -0.009604, -0.172355, -0.009806, -0.984986, -2.854962, -0.056113, 0.998424, -0.000121, 0.549499, 0.0, 0.0, 0.0, 1.0],
                [0.979127, 0.055005, -0.195664, -0.009721, -0.195349, -0.011098, -0.980671, -2.851853, -0.056113, 0.998424, -0.000121, 0.56584, 0.0, 0.0, 0.0, 1.0],
                [0.974252, 0.054728, -0.218718, -0.009697, -0.218367, -0.012391, -0.975788, -2.848741, -0.056113, 0.998424, -0.000121, 0.582273, 0.0, 0.0, 0.0, 1.0],
                [0.968868, 0.054423, -0.24152, -0.009534, -0.241133, -0.01367, -0.970396, -2.845666, -0.056113, 0.998424, -0.000121, 0.598614, 0.0, 0.0, 0.0, 1.0],
                [0.963059, 0.054094, -0.263801, -0.009238, -0.263379, -0.01492, -0.964577, -2.842666, -0.056113, 0.998424, -0.000121, 0.614681, 0.0, 0.0, 0.0, 1.0],
                [0.956927, 0.053746, -0.28531, -0.008824, -0.284854, -0.016126, -0.958435, -2.839776, -0.056113, 0.998424, -0.000121, 0.630298, 0.0, 0.0, 0.0, 1.0],
                [0.950592, 0.053388, -0.305818, -0.008308, -0.30533, -0.017276, -0.95209, -2.837029, -0.056113, 0.998424, -0.000121, 0.645299, 0.0, 0.0, 0.0, 1.0],
                [0.944182, 0.053025, -0.325129, -0.007714, -0.32461, -0.018359, -0.94567, -2.834452, -0.056113, 0.998424, -0.000121, 0.659534, 0.0, 0.0, 0.0, 1.0],
                [0.937831, 0.052666, -0.343073, -0.007065, -0.342526, -0.019365, -0.939309, -2.832066, -0.056113, 0.998424, -0.000121, 0.672868, 0.0, 0.0, 0.0, 1.0],
                [0.931672, 0.052318, -0.359514, -0.006388, -0.358941, -0.020287, -0.93314, -2.82989, -0.056113, 0.998424, -0.000121, 0.685182, 0.0, 0.0, 0.0, 1.0],
                [0.92583, 0.051988, -0.374347, -0.005707, -0.373751, -0.021118, -0.927289, -2.827935, -0.056113, 0.998424, -0.000121, 0.696379, 0.0, 0.0, 0.0, 1.0],
                [0.920422, 0.051682, -0.387494, -0.005049, -0.386877, -0.021855, -0.921872, -2.82621, -0.056113, 0.998424, -0.000121, 0.706377, 0.0, 0.0, 0.0, 1.0],
                [0.91555, 0.051407, -0.398905, -0.004434, -0.39827, -0.022495, -0.916992, -2.824719, -0.056113, 0.998424, -0.000121, 0.715114, 0.0, 0.0, 0.0, 1.0],
                [0.911301, 0.051167, -0.408549, -0.003883, -0.407899, -0.023036, -0.912736, -2.823464, -0.056113, 0.998424, -0.000121, 0.722544, 0.0, 0.0, 0.0, 1.0],
                [0.907745, 0.050966, -0.416414, -0.003412, -0.415752, -0.023476, -0.909175, -2.822444, -0.056113, 0.998424, -0.000121, 0.728635, 0.0, 0.0, 0.0, 1.0],
                [0.904937, 0.050808, -0.422501, -0.003033, -0.421829, -0.023818, -0.906362, -2.821657, -0.056113, 0.998424, -0.000121, 0.73337, 0.0, 0.0, 0.0, 1.0],
                [0.902913, 0.050693, -0.426823, -0.002758, -0.426144, -0.02406, -0.904335, -2.821099, -0.056113, 0.998424, -0.000121, 0.736743, 0.0, 0.0, 0.0, 1.0],
                [0.901695, 0.050625, -0.429398, -0.002591, -0.428715, -0.024204, -0.903115, -2.820767, -0.056113, 0.998424, -0.000121, 0.738757, 0.0, 0.0, 0.0, 1.0],
                [0.90129, 0.050602, -0.43025, -0.002535, -0.429566, -0.024252, -0.90271, -2.820658, -0.056113, 0.998424, -0.000121, 0.739425, 0.0, 0.0, 0.0, 1.0]
            ]
        },
        {
            "name": "Thigh_R",
            "time": [0.0, 0.0167, 0.0333, 0.05, 0.0667, 0.0833, 0.1, 0.1167, 0.1333, 0.15, 0.1667, 0.1833, 0.2, 0.2167, 0.2333, 0.25, 0.2667, 0.2833, 0.3, 0.3167, 0.3333, 0.35, 0.3667, 0.3833, 0.4, 0.4167, 0.4333, 0.45, 0.4667, 0.4833, 0.5, 0.5167, 0.5333, 0.55, 0.5667, 0.5833, 0.6, 0.6167, 0.6333, 0.65, 0.6667, 0.6833, 0.7, 0.7167, 0.7333, 0.75, 0.7667, 0.7833, 0.8, 0.8167, 0.8333, 0.85, 0.8667, 0.8833, 0.9, 0.9167, 0.9333, 0.95, 0.9667, 0.9833, 1.0, 1.0167, 1.0333, 1.05, 1.0667, 1.0833, 1.1, 1.1167, 1.1333, 1.15, 1.1667, 1.1833, 1.2, 1.2167, 1.2333, 1.25, 1.2667, 1.2833, 1.3, 1.3167, 1.3333, 1.35, 1.3667, 1.3833, 1.4, 1.4167, 1.4333, 1.45, 1.4667, 1.4833, 1.5, 1.5167, 1.5333, 1.55, 1.5667, 1.5833, 1.6, 1.6167, 1.6333, 1.65, 1.6667, 1.6833, 1.7, 1.7167, 1.7333, 1.75, 1.7667, 1.7833, 1.8, 1.8167, 1.8333, 1.85, 1.8667, 1.8833, 1.9, 1.9167, 1.9333, 1.95, 1.9667, 1.9833, 2.0, 2.0167, 2.0333, 2.05, 2.0667, 2.0833, 2.1, 2.1167, 2.1333, 2.15, 2.1667, 2.1833, 2.2, 2.2167, 2.2333, 2.25, 2.2667, 2.2833, 2.3, 2.3167, 2.3333, 2.35, 2.3667, 2.3833, 2.4, 2.4167, 2.4333, 2.45, 2.4667, 2.4833, 2.5, 2.5167, 2.5333, 2.55, 2.5667, 2.5833, 2.6, 2.6167, 2.6333, 2.65, 2.6667, 2.6833, 2.7, 2.7167, 2.7333, 2.75, 2.7667, 2.7833, 2.8, 2.8167, 2.8333, 2.85, 2.8667, 2.8833],
            "transform": [
                [0.824298, 0.258571, 0.503663, 0.124994, 0.299879, -0.953976, -0.001031, -0.002831, 0.480214, 0.151887, -0.863904, -1.2e-05, 0.0, 0.0, 0.0, 1.0],
                [0.824345, 0.264833, 0.500321, 0.124994, 0.298007, -0.954457, 0.014212, -0.002831, 0.481297, 0.137383, -0.865728, -1.2e-05, 0.0, 0.0, 0.0, 1.0],
                [0.824465, 0.279448, 0.492107, 0.124994, 0.292281, -0.954887, 0.05256, -0.002831, 0.484592, 0.100498, -0.868951, -1.2e-05, 0.0, 0.0, 0.0, 1.0],
                [0.824583, 0.296714, 0.481691, 0.124994, 0.282505, -0.953632, 0.103815, -0.002831, 0.490157, 0.050475, -0.870175, -1.2e-05, 0.0, 0.0, 0.0, 1.0],
                [0.824568, 0.313511, 0.470958, 0.124994, 0.268477, -0.949557, 0.162051, -0.002831, 0.498004, -0.007181, -0.867148, -1.2e-05, 0.0, 0.0, 0.0, 1.0],
                [0.824223, 0.328048, 0.461566, 0.124994, 0.250041, -0.942174, 0.22313, -0.002831, 0.508071, -0.0685, -0.858591, -1.2e-05, 0.0, 0.0, 0.0, 1.0],
                [0.823299, 0.339212, 0.4551, 0.124994, 0.227161, -0.931681, 0.283492, -0.002831, 0.52017, -0.130018, -0.844112, -1.2e-05, 0.0, 0.0, 0.0, 1.0],
                [0.821513, 0.345969, 0.453238, 0.124994, 0.20002, -0.919229, 0.33913, -0.002831, 0.533956, -0.187944, -0.824363, -1.2e-05, 0.0, 0.0, 0.0, 1.0],
                [0.8186, 0.347365, 0.45742, 0.124994, 0.169128, -0.906862, 0.386002, -0.002831, 0.548899, -0.238619, -0.80111, -1.2e-05, 0.0, 0.0, 0.0, 1.0],
                [0.81439, 0.342597, 0.468401, 0.124994, 0.135397, -0.897038, 0.420703, -0.002831, 0.564303, -0.279196, -0.776928, -1.2e-05, 0.0, 0.0, 0.0, 1.0],
                [0.808886, 0.330169, 0.486513, 0.124994, 0.100154, -0.892727, 0.439328, -0.002831, 0.579373, -0.306639, -0.755185, -1.2e-05, 0.0, 0.0, 0.0, 1.0],
                [0.80233, 0.307229, 0.511742, 0.124994, 0.065053, -0.897259, 0.436687, -0.002831, 0.593325, -0.317076, -0.739887, -1.2e-05, 0.0, 0.0, 0.0, 1.0],
                [0.795212, 0.257131, 0.549113, 0.124994, 0.031872, -0.922101, 0.385635, -0.002831, 0.605494, -0.289159, -0.741464, -1.2e-05, 0.0, 0.0, 0.0, 1.0],
                [0.788157, 0.234025, 0.569248, 0.124994, 0.002449, -0.926074, 0.377334, -0.002831, 0.615469, -0.296003, -0.730468, -1.2e-05, 0.0, 0.0, 0.0, 1.0],
                [0.781888, 0.233215, 0.578156, 0.124994, -0.021763, -0.916616, 0.399178, -0.002831, 0.623039, -0.324693, -0.711618, -1.2e-05, 0.0, 0.0, 0.0, 1.0],
                [0.777056, 0.232716, 0.584834, 0.124994, -0.039728, -0.909156, 0.414558, -0.002831, 0.628177, -0.345367, -0.697223, -1.2e-05, 0.0, 0.0, 0.0, 1.0],
                [0.774123, 0.232651, 0.588736, 0.124994, -0.050786, -0.904195, 0.424092, -0.002831, 0.630994, -0.358197, -0.688146, -1.2e-05, 0.0, 0.0, 0.0, 1.0],
                [0.773319, 0.233091, 0.589618, 0.124994, -0.054664, -0.901992, 0.428279, -0.002831, 0.631656, -0.363426, -0.684789, -1.1e-05, 0.0, 0.0, 0.0, 1.0],
                [0.776643, 0.23475, 0.584569, 0.124994, -0.047396, -0.903564, 0.425825, -0.002831, 0.628156, -0.358419, -0.690623, -1.1e-05, 0.0, 0.0, 0.0, 1.0],
                [0.785304, 0.335635, 0.52024, 0.124994, -0.024909, -0.822489, 0.568237, -0.002831, 0.618609, -0.459196, -0.637546, -1.2e-05, 0.0, 0.0, 0.0, 1.0],
                [0.797248, 0.401523, 0.450752, 0.124994, 0.011673, -0.756819, 0.653522, -0.002831, 0.603539, -0.515756, -0.608062, -1.2e-05, 0.0, 0.0, 0.0, 1.0],
                [0.809391, 0.447834, 0.379912, 0.124994, 0.060395, -0.706953, 0.704679, -0.002831, 0.584157, -0.547415, -0.599251, -1.2e-05, 0.0, 0.0, 0.0, 1.0],
                [0.818472, 0.481384, 0.313648, 0.124994, 0.118444, -0.675546, 0.727744, -0.002831, 0.562205, -0.558488, -0.609935, -1.2e-05, 0.0, 0.0, 0.0, 1.0],
                [0.82185, 0.507076, 0.259689, 0.124994, 0.182571, -0.666209, 0.723073, -0.002831, 0.539657, -0.546846, -0.640104, -1.2e-05, 0.0, 0.0, 0.0, 1.0],
                [0.818015, 0.529543, 0.224583, 0.124994, 0.249467, -0.678429, 0.691014, -0.002831, 0.518283, -0.509235, -0.687072, -1.2e-05, 0.0, 0.0, 0.0, 1.0],
                [0.806776, 0.551667, 0.211607, 0.124994, 0.315917, -0.705394, 0.63452, -0.002831, 0.499308, -0.445067, -0.743379, -1.2e-05, 0.0, 0.0, 0.0, 1.0],
                [0.789248, 0.573462, 0.219617, 0.124994, 0.378792, -0.736136, 0.560911, -0.002831, 0.483327, -0.35951, -0.798219, -1.2e-05, 0.0, 0.0, 0.0, 1.0],
                [0.767697, 0.592989, 0.242915, 0.124994, 0.435101, -0.760647, 0.481772, -0.002831, 0.470456, -0.264164, -0.841959, -1.2e-05, 0.0, 0.0, 0.0, 1.0],
                [0.745218, 0.608275, 0.273229, 0.124994, 0.482194, -0.77459, 0.409267, -0.002831, 0.460586, -0.173246, -0.870547, -1.2e-05, 0.0, 0.0, 0.0, 1.0],
                [0.725179, 0.61873, 0.302145, 0.124994, 0.518057, -0.779328, 0.352512, -0.002831, 0.453578, -0.099108, -0.885691, -1.2e-05, 0.0, 0.0, 0.0, 1.0],
                [0.710551, 0.625117, 0.323031, 0.124994, 0.541481, -0.77894, 0.316309, -0.002831, 0.44935, -0.049841, -0.891967, -1.2e-05, 0.0, 0.0, 0.0, 1.0],
                [0.703353, 0.628614, 0.331875, 0.124994, 0.552022, -0.777166, 0.302135, -0.002831, 0.447847, -0.029307, -0.893632, -1.1e-05, 0.0, 0.0, 0.0, 1.0],
                [0.700255, 0.630918, 0.334048, 0.124994, 0.556076, -0.775491, 0.298986, -0.002831, 0.447686, -0.023613, -0.893882, -1.1e-05, 0.0, 0.0, 0.0, 1.0],
                [0.697201, 0.633137, 0.336232, 0.124994, 0.560032, -0.773832, 0.295885, -0.002831, 0.447521, -0.017993, -0.894095, -1.2e-05, 0.0, 0.0, 0.0, 1.0],
                [0.694192, 0.635273, 0.338421, 0.124994, 0.563891, -0.772188, 0.292834, -0.002831, 0.447353, -0.012453, -0.894273, -1.2e-05, 0.0, 0.0, 0.0, 1.0],
                [0.691228, 0.637331, 0.340611, 0.124994, 0.567653, -0.77056, 0.28984, -0.002831, 0.447183, -0.006999, -0.894417, -1.2e-05, 0.0, 0.0, 0.0, 1.0],
                [0.688312, 0.639312, 0.342798, 0.124994, 0.571321, -0.768947, 0.286903, -0.002831, 0.447012, -0.001634, -0.894529, -1.1e-05, 0.0, 0.0, 0.0, 1.0],
                [0.685442, 0.641221, 0.344976, 0.124994, 0.574895, -0.767349, 0.284027, -0.002831, 0.446839, 0.003638, -0.894609, -1.1e-05, 0.0, 0.0, 0.0, 1.0],
                [0.682621, 0.643059, 0.347142, 0.124994, 0.578376, -0.765767, 0.281215, -0.002831, 0.446666, 0.008812, -0.89466, -1.2e-05, 0.0, 0.0, 0.0, 1.0],
                [0.679848, 0.64483, 0.349292, 0.124994, 0.581766, -0.764201, 0.278469, -0.002831, 0.446492, 0.013887, -0.894682, -1.1e-05, 0.0, 0.0, 0.0, 1.0],
                [0.677123, 0.646536, 0.351423, 0.124994, 0.585067, -0.762652, 0.275788, -0.002831, 0.446319, 0.018861, -0.894678, -1.2e-05, 0.0, 0.0, 0.0, 1.0],
                [0.674449, 0.648179, 0.353533, 0.124994, 0.588279, -0.761119, 0.273176, -0.002831, 0.446146, 0.02373, -0.894648, -1.2e-05, 0.0, 0.0, 0.0, 1.0],
                [0.671824, 0.649763, 0.355617, 0.124994, 0.591405, -0.759604, 0.270633, -0.002831, 0.445974, 0.028493, -0.894595, -1.1e-05, 0.0, 0.0, 0.0, 1.0],
                [0.66925, 0.651289, 0.357673, 0.124994, 0.594444, -0.758107, 0.268161, -0.002831, 0.445803, 0.033148, -0.89452, -1.1e-05, 0.0, 0.0, 0.0, 1.0],
                [0.666726, 0.652759, 0.359701, 0.124994, 0.5974, -0.756628, 0.265758, -0.002831, 0.445634, 0.037695, -0.894424, -1.2e-05, 0.0, 0.0, 0.0, 1.0],
                [0.664253, 0.654177, 0.361695, 0.124994, 0.600273, -0.755169, 0.263426, -0.002831, 0.445466, 0.042131, -0.894309, -1.2e-05, 0.0, 0.0, 0.0, 1.0],
                [0.661832, 0.655543, 0.363656, 0.124994, 0.603064, -0.753729, 0.261165, -0.002831, 0.445301, 0.046458, -0.894177, -1.1e-05, 0.0, 0.0, 0.0, 1.0],
                [0.659461, 0.65686, 0.36558, 0.124994, 0.605775, -0.752309, 0.258975, -0.002831, 0.445138, 0.050672, -0.894029, -1.2e-05, 0.0, 0.0, 0.0, 1.0],
                [0.657141, 0.658131, 0.367468, 0.124994, 0.608408, -0.75091, 0.256856, -0.002831, 0.444978, 0.054777, -0.893867, -1.2e-05, 0.0, 0.0, 0.0, 1.0],
                [0.654873, 0.659356, 0.369317, 0.124994, 0.610963, -0.749532, 0.254806, -0.002831, 0.444821, 0.058771, -0.893692, -1.2e-05, 0.0, 0.0, 0.0, 1.0],
                [0.652656, 0.660537, 0.371125, 0.124994, 0.613442, -0.748176, 0.252827, -0.002831, 0.444667, 0.062652, -0.893505, -1.2e-05, 0.0, 0.0, 0.0, 1.0],
                [0.65049, 0.661678, 0.372893, 0.124994, 0.615848, -0.746842, 0.250917, -0.002831, 0.444516, 0.066423, -0.893307, -1.2e-05, 0.0, 0.0, 0.0, 1.0],
                [0.648375, 0.662778, 0.374618, 0.124994, 0.61818, -0.745531, 0.249075, -0.002831, 0.444369, 0.070085, -0.893101, -1.2e-05, 0.0, 0.0, 0.0, 1.0],
                [0.646311, 0.66384, 0.3763, 0.124994, 0.62044, -0.744242, 0.247301, -0.002831, 0.444225, 0.073636, -0.892886, -1.1e-05, 0.0, 0.0, 0.0, 1.0],
                [0.644297, 0.664865, 0.37794, 0.124994, 0.622631, -0.742977, 0.245593, -0.002831, 0.444086, 0.07708, -0.892665, -1.2e-05, 0.0, 0.0, 0.0, 1.0],
