{
    "animation": [
        {
            "name": "Root",
            "time": [0.0, 0.0167, 0.0333, 0.05, 0.0667, 0.0833, 0.1, 0.1167, 0.1333, 0.15, 0.1667, 0.1833, 0.2, 0.2167, 0.2333, 0.25, 0.2667, 0.2833, 0.3, 0.3167, 0.3333, 0.35, 0.3667, 0.3833, 0.4, 0.4167, 0.4333, 0.45, 0.4667, 0.4833, 0.5, 0.5167, 0.5333, 0.55, 0.5667, 0.5833, 0.6, 0.6167, 0.6333, 0.65, 0.6667, 0.6833, 0.7, 0.7167, 0.7333, 0.75, 0.7667, 0.7833, 0.8, 0.8167, 0.8333, 0.85, 0.8667, 0.8833, 0.9, 0.9167, 0.9333, 0.95, 0.9667, 0.9833, 1.0, 1.0167, 1.0333, 1.05, 1.0667, 1.0833, 1.1, 1.1167, 1.1333, 1.15, 1.1667, 1.1833, 1.2, 1.2167, 1.2333, 1.25, 1.2667, 1.2833, 1.3, 1.3167, 1.3333, 1.35, 1.3667, 1.3833, 1.4, 1.4167, 1.4333, 1.45, 1.4667, 1.4833, 1.5, 1.5167, 1.5333, 1.55, 1.5667, 1.5833, 1.6, 1.6167, 1.6333, 1.65, 1.6667, 1.6833, 1.7, 1.7167, 1.7333, 1.75, 1.7667, 1.7833, 1.8, 1.8167, 1.8333, 1.85, 1.8667, 1.8833, 1.9, 1.9167, 1.9333, 1.95, 1.9667, 1.9833, 2.0],
            "transform": [
                [0.998051, 0.056096, 0.027332, -0.002809, 0.027295, 0.001413, -0.999626, 0.000876, -0.056113, 0.998424, -0.000121, 0.739425, 0.0, 0.0, 0.0, 1.0],
                [0.998051, 0.056096, 0.027332, -0.002809, 0.027295, 0.001413, -0.999626, 0.000876, -0.056113, 0.998424, -0.000121, 0.739417, 0.0, 0.0, 0.0, 1.0],
                [0.998051, 0.056096, 0.027332, -0.002809, 0.027295, 0.001413, -0.999626, 0.000876, -0.056113, 0.998424, -0.000121, 0.739395, 0.0, 0.0, 0.0, 1.0],
                [0.998051, 0.056096, 0.027332, -0.002809, 0.027295, 0.001413, -0.999626, 0.000876, -0.056113, 0.998424, -0.000121, 0.739358, 0.0, 0.0, 0.0, 1.0],
                [0.998051, 0.056096, 0.027332, -0.002809, 0.027295, 0.001413, -0.999626, 0.000876, -0.056113, 0.998424, -0.000121, 0.739306, 0.0, 0.0, 0.0, 1.0],
                [0.998051, 0.056096, 0.027332, -0.002809, 0.027295, 0.001413, -0.999626, 0.000876, -0.056113, 0.998424, -0.000121, 0.739239, 0.0, 0.0, 0.0, 1.0],
                [0.998051, 0.056096, 0.027332, -0.002809, 0.027295, 0.001413, -0.999626, 0.000876, -0.056113, 0.998424, -0.000121, 0.739156, 0.0, 0.0, 0.0, 1.0],
                [0.998051, 0.056096, 0.027332, -0.002809, 0.027295, 0.001413, -0.999626, 0.000876, -0.056113, 0.998424, -0.000121, 0.739059, 0.0, 0.0, 0.0, 1.0],
                [0.998051, 0.056096, 0.027332, -0.002809, 0.027295, 0.001413, -0.999626, 0.000876, -0.056113, 0.998424, -0.000121, 0.738947, 0.0, 0.0, 0.0, 1.0],
                [0.998051, 0.056096, 0.027332, -0.002809, 0.027295, 0.001413, -0.999626, 0.000876, -0.056113, 0.998424, -0.000121, 0.73882, 0.0, 0.0, 0.0, 1.0],
                [0.998051, 0.056096, 0.027332, -0.002809, 0.027295, 0.001413, -0.999626, 0.000876, -0.056113, 0.998424, -0.000121, 0.738678, 0.0, 0.0, 0.0, 1.0],
                [0.998051, 0.056096, 0.027332, -0.002809, 0.027295, 0.001413, -0.999626, 0.000876, -0.056113, 0.998424, -0.000121, 0.738521, 0.0, 0.0, 0.0, 1.0],
                [0.998051, 0.056096, 0.027332, -0.002809, 0.027295, 0.001413, -0.999626, 0.000876, -0.056113, 0.998424, -0.000121, 0.73835, 0.0, 0.0, 0.0, 1.0],
                [0.998051, 0.056096, 0.027332, -0.002809, 0.027295, 0.001413, -0.999626, 0.000876, -0.056113, 0.998424, -0.000121, 0.738164, 0.0, 0.0, 0.0, 1.0],
                [0.998051, 0.056096, 0.027332, -0.002809, 0.027295, 0.001413, -0.999626, 0.000876, -0.056113, 0.998424, -0.000121, 0.737965, 0.0, 0.0, 0.0, 1.0],
                [0.998051, 0.056096, 0.027332, -0.002809, 0.027295, 0.001413, -0.999626, 0.000876, -0.056113, 0.998424, -0.000121, 0.737752, 0.0, 0.0, 0.0, 1.0],
                [0.998051, 0.056096, 0.027332, -0.002809, 0.027295, 0.001413, -0.999626, 0.000876, -0.056113, 0.998424, -0.000121, 0.737527, 0.0, 0.0, 0.0, 1.0],
                [0.998051, 0.056096, 0.027332, -0.002809, 0.027295, 0.001413, -0.999626, 0.000876, -0.056113, 0.998424, -0.000121, 0.737288, 0.0, 0.0, 0.0, 1.0],
                [0.998051, 0.056096, 0.027332, -0.002809, 0.027295, 0.001413, -0.999626, 0.000876, -0.056113, 0.998424, -0.000121, 0.737038, 0.0, 0.0, 0.0, 1.0],
                [0.998051, 0.056096, 0.027332, -0.002809, 0.027295, 0.001413, -0.999626, 0.000876, -0.056113, 0.998424, -0.000121, 0.736776, 0.0, 0.0, 0.0, 1.0],
                [0.998051, 0.056096, 0.027332, -0.002809, 0.027295, 0.001413, -0.999626, 0.000876, -0.056113, 0.998424, -0.000121, 0.736504, 0.0, 0.0, 0.0, 1.0],
                [0.998051, 0.056096, 0.027332, -0.002809, 0.027295, 0.001413, -0.999626, 0.000876, -0.056113, 0.998424, -0.000121, 0.736221, 0.0, 0.0, 0.0, 1.0],
                [0.998051, 0.056096, 0.027332, -0.002809, 0.027295, 0.001413, -0.999626, 0.000876, -0.056113, 0.998424, -0.000121, 0.73593, 0.0, 0.0, 0.0, 1.0],
                [0.998051, 0.056096, 0.027332, -0.002809, 0.027295, 0.001413, -0.999626, 0.000876, -0.056113, 0.998424, -0.000121, 0.73563, 0.0, 0.0, 0.0, 1.0],
                [0.998051, 0.056096, 0.027332, -0.002809, 0.027295, 0.001413, -0.999626, 0.000876, -0.056113, 0.998424, -0.000121, 0.735322, 0.0, 0.0, 0.0, 1.0],
                [0.998051, 0.056096, 0.027332, -0.002809, 0.027295, 0.001413, -0.999626, 0.000876, -0.056113, 0.998424, -0.000121, 0.735008, 0.0, 0.0, 0.0, 1.0],
                [0.998051, 0.056096, 0.027332, -0.002809, 0.027295, 0.001413, -0.999626, 0.000876, -0.056113, 0.998424, -0.000121, 0.734689, 0.0, 0.0, 0.0, 1.0],
                [0.998051, 0.056096, 0.027332, -0.002809, 0.027295, 0.001413, -0.999626, 0.000876, -0.056113, 0.998424, -0.000121, 0.734365, 0.0, 0.0, 0.0, 1.0],
                [0.998051, 0.056096, 0.027332, -0.002809, 0.027295, 0.001413, -0.999626, 0.000876, -0.056113, 0.998424, -0.000121, 0.734038, 0.0, 0.0, 0.0, 1.0],
                [0.998051, 0.056096, 0.027332, -0.002809, 0.027295, 0.001413, -0.999626, 0.000876, -0.056113, 0.998424, -0.000121, 0.733709, 0.0, 0.0, 0.0, 1.0],
                [0.998051, 0.056096, 0.027332, -0.002809, 0.027295, 0.001413, -0.999626, 0.000876, -0.056113, 0.998424, -0.000121, 0.733378, 0.0, 0.0, 0.0, 1.0],
                [0.998051, 0.056096, 0.027332, -0.002809, 0.027295, 0.001413, -0.999626, 0.000876, -0.056113, 0.998424, -0.000121, 0.733048, 0.0, 0.0, 0.0, 1.0],
                [0.998051, 0.056096, 0.027332, -0.002809, 0.027295, 0.001413, -0.999626, 0.000876, -0.056113, 0.998424, -0.000121, 0.732719, 0.0, 0.0, 0.0, 1.0],
                [0.998051, 0.056096, 0.027332, -0.002809, 0.027295, 0.001413, -0.999626, 0.000876, -0.056113, 0.998424, -0.000121, 0.732392, 0.0, 0.0, 0.0, 1.0],
                [0.998051, 0.056096, 0.027332, -0.002809, 0.027295, 0.001413, -0.999626, 0.000876, -0.056113, 0.998424, -0.000121, 0.732068, 0.0, 0.0, 0.0, 1.0],
                [0.998051, 0.056096, 0.027332, -0.002809, 0.027295, 0.001413, -0.999626, 0.000876, -0.056113, 0.998424, -0.000121, 0.731749, 0.0, 0.0, 0.0, 1.0],
                [0.998051, 0.056096, 0.027332, -0.002809, 0.027295, 0.001413, -0.999626, 0.000876, -0.056113, 0.998424, -0.000121, 0.731435, 0.0, 0.0, 0.0, 1.0],
                [0.998051, 0.056096, 0.027332, -0.002809, 0.027295, 0.001413, -0.999626, 0.000876, -0.056113, 0.998424, -0.000121, 0.731127, 0.0, 0.0, 0.0, 1.0],
                [0.998051, 0.056096, 0.027332, -0.002809, 0.027295, 0.001413, -0.999626, 0.000876, -0.056113, 0.998424, -0.000121, 0.730827, 0.0, 0.0, 0.0, 1.0],
                [0.998051, 0.056096, 0.027332, -0.002809, 0.027295, 0.001413, -0.999626, 0.000876, -0.056113, 0.998424, -0.000121, 0.730536, 0.0, 0.0, 0.0, 1.0],
                [0.998051, 0.056096, 0.027332, -0.002809, 0.027295, 0.001413, -0.999626, 0.000876, -0.056113, 0.998424, -0.000121, 0.730253, 0.0, 0.0, 0.0, 1.0],
                [0.998051, 0.056096, 0.027332, -0.002809, 0.027295, 0.001413, -0.999626, 0.000876, -0.056113, 0.998424, -0.000121, 0.729981, 0.0, 0.0, 0.0, 1.0],
                [0.998051, 0.056096, 0.027332, -0.002809, 0.027295, 0.001413, -0.999626, 0.000876, -0.056113, 0.998424, -0.000121, 0.729719, 0.0, 0.0, 0.0, 1.0],
                [0.998051, 0.056096, 0.027332, -0.002809, 0.027295, 0.001413, -0.999626, 0.000876, -0.056113, 0.998424, -0.000121, 0.729469, 0.0, 0.0, 0.0, 1.0],
                [0.998051, 0.056096, 0.027332, -0.002809, 0.027295, 0.001413, -0.999626, 0.000876, -0.056113, 0.998424, -0.000121, 0.72923, 0.0, 0.0, 0.0, 1.0],
                [0.998051, 0.056096, 0.027332, -0.002809, 0.027295, 0.001413, -0.999626, 0.000876, -0.056113, 0.998424, -0.000121, 0.729004, 0.0, 0.0, 0.0, 1.0],
                [0.998051, 0.056096, 0.027332, -0.002809, 0.027295, 0.001413, -0.999626, 0.000876, -0.056113, 0.998424, -0.000121, 0.728792, 0.0, 0.0, 0.0, 1.0],
                [0.998051, 0.056096, 0.027332, -0.002809, 0.027295, 0.001413, -0.999626, 0.000876, -0.056113, 0.998424, -0.000121, 0.728593, 0.0, 0.0, 0.0, 1.0],
                [0.998051, 0.056096, 0.027332, -0.002809, 0.027295, 0.001413, -0.999626, 0.000876, -0.056113, 0.998424, -0.000121, 0.728407, 0.0, 0.0, 0.0, 1.0],
                [0.998051, 0.056096, 0.027332, -0.002809, 0.027295, 0.001413, -0.999626, 0.000876, -0.056113, 0.998424, -0.000121, 0.728236, 0.0, 0.0, 0.0, 1.0],
                [0.998051, 0.056096, 0.027332, -0.002809, 0.027295, 0.001413, -0.999626, 0.000876, -0.056113, 0.998424, -0.000121, 0.728079, 0.0, 0.0, 0.0, 1.0],
                [0.998051, 0.056096, 0.027332, -0.002809, 0.027295, 0.001413, -0.999626, 0.000876, -0.056113, 0.998424, -0.000121, 0.727937, 0.0, 0.0, 0.0, 1.0],
                [0.998051, 0.056096, 0.027332, -0.002809, 0.027295, 0.001413, -0.999626, 0.000876, -0.056113, 0.998424, -0.000121, 0.72781, 0.0, 0.0, 0.0, 1.0],
                [0.998051, 0.056096, 0.027332, -0.002809, 0.027295, 0.001413, -0.999626, 0.000876, -0.056113, 0.998424, -0.000121, 0.727698, 0.0, 0.0, 0.0, 1.0],
                [0.998051, 0.056096, 0.027332, -0.002809, 0.027295, 0.001413, -0.999626, 0.000876, -0.056113, 0.998424, -0.000121, 0.7276, 0.0, 0.0, 0.0, 1.0],
                [0.998051, 0.056096, 0.027332, -0.002809, 0.027295, 0.001413, -0.999626, 0.000876, -0.056113, 0.998424, -0.000121, 0.727518, 0.0, 0.0, 0.0, 1.0],
                [0.998051, 0.056096, 0.027332, -0.002809, 0.027295, 0.001413, -0.999626, 0.000876, -0.056113, 0.998424, -0.000121, 0.727451, 0.0, 0.0, 0.0, 1.0],
                [0.998051, 0.056096, 0.027332, -0.002809, 0.027295, 0.001413, -0.999626, 0.000876, -0.056113, 0.998424, -0.000121, 0.727399, 0.0, 0.0, 0.0, 1.0],
                [0.998051, 0.056096, 0.027332, -0.002809, 0.027295, 0.001413, -0.999626, 0.000876, -0.056113, 0.998424, -0.000121, 0.727362, 0.0, 0.0, 0.0, 1.0],
                [0.998051, 0.056096, 0.027332, -0.002809, 0.027295, 0.001413, -0.999626, 0.000876, -0.056113, 0.998424, -0.000121, 0.72734, 0.0, 0.0, 0.0, 1.0],
                [0.998051, 0.056096, 0.027332, -0.002809, 0.027295, 0.001413, -0.999626, 0.000876, -0.056113, 0.998424, -0.000121, 0.727332, 0.0, 0.0, 0.0, 1.0],
                [0.998051, 0.056096, 0.027332, -0.002809, 0.027295, 0.001413, -0.999626, 0.000876, -0.056113, 0.998424, -0.000121, 0.72734, 0.0, 0.0, 0.0, 1.0],
                [0.998051, 0.056096, 0.027332, -0.002809, 0.027295, 0.001413, -0.999626, 0.000876, -0.056113, 0.998424, -0.000121, 0.727362, 0.0, 0.0, 0.0, 1.0],
                [0.998051, 0.056096, 0.027332, -0.002809, 0.027295, 0.001413, -0.999626, 0.000876, -0.056113, 0.998424, -0.000121, 0.727399, 0.0, 0.0, 0.0, 1.0],
                [0.998051, 0.056096, 0.027332, -0.002809, 0.027295, 0.001413, -0.999626, 0.000876, -0.056113, 0.998424, -0.000121, 0.727451, 0.0, 0.0, 0.0, 1.0],
                [0.998051, 0.056096, 0.027332, -0.002809, 0.027295, 0.001413, -0.999626, 0.000876, -0.056113, 0.998424, -0.000121, 0.727518, 0.0, 0.0, 0.0, 1.0],
                [0.998051, 0.056096, 0.027332, -0.002809, 0.027295, 0.001413, -0.999626, 0.000876, -0.056113, 0.998424, -0.000121, 0.7276, 0.0, 0.0, 0.0, 1.0],
                [0.998051, 0.056096, 0.027332, -0.002809, 0.027295, 0.001413, -0.999626, 0.000876, -0.056113, 0.998424, -0.000121, 0.727698, 0.0, 0.0, 0.0, 1.0],
                [0.998051, 0.056096, 0.027332, -0.002809, 0.027295, 0.001413, -0.999626, 0.000876, -0.056113, 0.998424, -0.000121, 0.72781, 0.0, 0.0, 0.0, 1.0],
                [0.998051, 0.056096, 0.027332, -0.002809, 0.027295, 0.001413, -0.999626, 0.000876, -0.056113, 0.998424, -0.000121, 0.727937, 0.0, 0.0, 0.0, 1.0],
                [0.998051, 0.056096, 0.027332, -0.002809, 0.027295, 0.001413, -0.999626, 0.000876, -0.056113, 0.998424, -0.000121, 0.728079, 0.0, 0.0, 0.0, 1.0],
                [0.998051, 0.056096, 0.027332, -0.002809, 0.027295, 0.001413, -0.999626, 0.000876, -0.056113, 0.998424, -0.000121, 0.728236, 0.0, 0.0, 0.0, 1.0],
                [0.998051, 0.056096, 0.027332, -0.002809, 0.027295, 0.001413, -0.999626, 0.000876, -0.056113, 0.998424, -0.000121, 0.728407, 0.0, 0.0, 0.0, 1.0],
                [0.998051, 0.056096, 0.027332, -0.002809, 0.027295, 0.001413, -0.999626, 0.000876, -0.056113, 0.998424, -0.000121, 0.728593, 0.0, 0.0, 0.0, 1.0],
                [0.998051, 0.056096, 0.027332, -0.002809, 0.027295, 0.001413, -0.999626, 0.000876, -0.056113, 0.998424, -0.000121, 0.728792, 0.0, 0.0, 0.0, 1.0],
                [0.998051, 0.056096, 0.027332, -0.002809, 0.027295, 0.001413, -0.999626, 0.000876, -0.056113, 0.998424, -0.000121, 0.729004, 0.0, 0.0, 0.0, 1.0],
                [0.998051, 0.056096, 0.027332, -0.002809, 0.027295, 0.001413, -0.999626, 0.000876, -0.056113, 0.998424, -0.000121, 0.72923, 0.0, 0.0, 0.0, 1.0],
                [0.998051, 0.056096, 0.027332, -0.002809, 0.027295, 0.001413, -0.999626, 0.000876, -0.056113, 0.998424, -0.000121, 0.729469, 0.0, 0.0, 0.0, 1.0],
                [0.998051, 0.056096, 0.027332, -0.002809, 0.027295, 0.001413, -0.999626, 0.000876, -0.056113, 0.998424, -0.000121, 0.729719, 0.0, 0.0, 0.0, 1.0],
                [0.998051, 0.056096, 0.027332, -0.002809, 0.027295, 0.001413, -0.999626, 0.000876, -0.056113, 0.998424, -0.000121, 0.729981, 0.0, 0.0, 0.0, 1.0],
                [0.998051, 0.056096, 0.027332, -0.002809, 0.027295, 0.001413, -0.999626, 0.000876, -0.056113, 0.998424, -0.000121, 0.730253, 0.0, 0.0, 0.0, 1.0],
                [0.998051, 0.056096, 0.027332, -0.002809, 0.027295, 0.001413, -0.999626, 0.000876, -0.056113, 0.998424, -0.000121, 0.730536, 0.0, 0.0, 0.0, 1.0],
                [0.998051, 0.056096, 0.027332, -0.002809, 0.027295, 0.001413, -0.999626, 0.000876, -0.056113, 0.998424, -0.000121, 0.730827, 0.0, 0.0, 0.0, 1.0],
                [0.998051, 0.056096, 0.027332, -0.002809, 0.027295, 0.001413, -0.999626, 0.000876, -0.056113, 0.998424, -0.000121, 0.731127, 0.0, 0.0, 0.0, 1.0],
                [0.998051, 0.056096, 0.027332, -0.002809, 0.027295, 0.001413, -0.999626, 0.000876, -0.056113, 0.998424, -0.000121, 0.731435, 0.0, 0.0, 0.0, 1.0],
                [0.998051, 0.056096, 0.027332, -0.002809, 0.027295, 0.001413, -0.999626, 0.000876, -0.056113, 0.998424, -0.000121, 0.731749, 0.0, 0.0, 0.0, 1.0],
                [0.998051, 0.056096, 0.027332, -0.002809, 0.027295, 0.001413, -0.999626, 0.000876, -0.056113, 0.998424, -0.000121, 0.732068, 0.0, 0.0, 0.0, 1.0],
                [0.998051, 0.056096, 0.027332, -0.002809, 0.027295, 0.001413, -0.999626, 0.000876, -0.056113, 0.998424, -0.000121, 0.732392, 0.0, 0.0, 0.0, 1.0],
                [0.998051, 0.056096, 0.027332, -0.002809, 0.027295, 0.001413, -0.999626, 0.000876, -0.056113, 0.998424, -0.000121, 0.732719, 0.0, 0.0, 0.0, 1.0],
                [0.998051, 0.056096, 0.027332, -0.002809, 0.027295, 0.001413, -0.999626, 0.000876, -0.056113, 0.998424, -0.000121, 0.733048, 0.0, 0.0, 0.0, 1.0],
                [0.998051, 0.056096, 0.027332, -0.002809, 0.027295, 0.001413, -0.999626, 0.000876, -0.056113, 0.998424, -0.000121, 0.733378, 0.0, 0.0, 0.0, 1.0],
                [0.998051, 0.056096, 0.027332, -0.002809, 0.027295, 0.001413, -0.999626, 0.000876, -0.056113, 0.998424, -0.000121, 0.733709, 0.0, 0.0, 0.0, 1.0],
                [0.998051, 0.056096, 0.027332, -0.002809, 0.027295, 0.001413, -0.999626, 0.000876, -0.056113, 0.998424, -0.000121, 0.734038, 0.0, 0.0, 0.0, 1.0],
                [0.998051, 0.056096, 0.027332, -0.002809, 0.027295, 0.001413, -0.999626, 0.000876, -0.056113, 0.998424, -0.000121, 0.734365, 0.0, 0.0, 0.0, 1.0],
                [0.998051, 0.056096, 0.027332, -0.002809, 0.027295, 0.001413, -0.999626, 0.000876, -0.056113, 0.998424, -0.000121, 0.734689, 0.0, 0.0, 0.0, 1.0],
                [0.998051, 0.056096, 0.027332, -0.002809, 0.027295, 0.001413, -0.999626, 0.000876, -0.056113, 0.998424, -0.000121, 0.735008, 0.0, 0.0, 0.0, 1.0],
                [0.998051, 0.056096, 0.027332, -0.002809, 0.027295, 0.001413, -0.999626, 0.000876, -0.056113, 0.998424, -0.000121, 0.735322, 0.0, 0.0, 0.0, 1.0],
                [0.998051, 0.056096, 0.027332, -0.002809, 0.027295, 0.001413, -0.999626, 0.000876, -0.056113, 0.998424, -0.000121, 0.73563, 0.0, 0.0, 0.0, 1.0],
                [0.998051, 0.056096, 0.027332, -0.002809, 0.027295, 0.001413, -0.999626, 0.000876, -0.056113, 0.998424, -0.000121, 0.73593, 0.0, 0.0, 0.0, 1.0],
                [0.998051, 0.056096, 0.027332, -0.002809, 0.027295, 0.001413, -0.999626, 0.000876, -0.056113, 0.998424, -0.000121, 0.736221, 0.0, 0.0, 0.0, 1.0],
                [0.998051, 0.056096, 0.027332, -0.002809, 0.027295, 0.001413, -0.999626, 0.000876, -0.056113, 0.998424, -0.000121, 0.736504, 0.0, 0.0, 0.0, 1.0],
                [0.998051, 0.056096, 0.027332, -0.002809, 0.027295, 0.001413, -0.999626, 0.000876, -0.056113, 0.998424, -0.000121, 0.736776, 0.0, 0.0, 0.0, 1.0],
                [0.998051, 0.056096, 0.027332, -0.002809, 0.027295, 0.001413, -0.999626, 0.000876, -0.056113, 0.998424, -0.000121, 0.737038, 0.0, 0.0, 0.0, 1.0],
                [0.998051, 0.056096, 0.027332, -0.002809, 0.027295, 0.001413, -0.999626, 0.000876, -0.056113, 0.998424, -0.000121, 0.737288, 0.0, 0.0, 0.0, 1.0],
                [0.998051, 0.056096, 0.027332, -0.002809, 0.027295, 0.001413, -0.999626, 0.000876, -0.056113, 0.998424, -0.000121, 0.737527, 0.0, 0.0, 0.0, 1.0],
                [0.998051, 0.056096, 0.027332, -0.002809, 0.027295, 0.001413, -0.999626, 0.000876, -0.056113, 0.998424, -0.000121, 0.737752, 0.0, 0.0, 0.0, 1.0],
                [0.998051, 0.056096, 0.027332, -0.002809, 0.027295, 0.001413, -0.999626, 0.000876, -0.056113, 0.998424, -0.000121, 0.737965, 0.0, 0.0, 0.0, 1.0],
                [0.998051, 0.056096, 0.027332, -0.002809, 0.027295, 0.001413, -0.999626, 0.000876, -0.056113, 0.998424, -0.000121, 0.738164, 0.0, 0.0, 0.0, 1.0],
                [0.998051, 0.056096, 0.027332, -0.002809, 0.027295, 0.001413, -0.999626, 0.000876, -0.056113, 0.998424, -0.000121, 0.73835, 0.0, 0.0, 0.0, 1.0],
                [0.998051, 0.056096, 0.027332, -0.002809, 0.027295, 0.001413, -0.999626, 0.000876, -0.056113, 0.998424, -0.000121, 0.738521, 0.0, 0.0, 0.0, 1.0],
                [0.998051, 0.056096, 0.027332, -0.002809, 0.027295, 0.001413, -0.999626, 0.000876, -0.056113, 0.998424, -0.000121, 0.738678, 0.0, 0.0, 0.0, 1.0],
                [0.998051, 0.056096, 0.027332, -0.002809, 0.027295, 0.001413, -0.999626, 0.000876, -0.056113, 0.998424, -0.000121, 0.73882, 0.0, 0.0, 0.0, 1.0],
                [0.998051, 0.056096, 0.027332, -0.002809, 0.027295, 0.001413, -0.999626, 0.000876, -0.056113, 0.998424, -0.000121, 0.738947, 0.0, 0.0, 0.0, 1.0],
                [0.998051, 0.056096, 0.027332, -0.002809, 0.027295, 0.001413, -0.999626, 0.000876, -0.056113, 0.998424, -0.000121, 0.739059, 0.0, 0.0, 0.0, 1.0],
                [0.998051, 0.056096, 0.027332, -0.002809, 0.027295, 0.001413, -0.999626, 0.000876, -0.056113, 0.998424, -0.000121, 0.739156, 0.0, 0.0, 0.0, 1.0],
                [0.998051, 0.056096, 0.027332, -0.002809, 0.027295, 0.001413, -0.999626, 0.000876, -0.056113, 0.998424, -0.000121, 0.739239, 0.0, 0.0, 0.0, 1.0],
                [0.998051, 0.056096, 0.027332, -0.002809, 0.027295, 0.001413, -0.999626, 0.000876, -0.056113, 0.998424, -0.000121, 0.739306, 0.0, 0.0, 0.0, 1.0],
                [0.998051, 0.056096, 0.027332, -0.002809, 0.027295, 0.001413, -0.999626, 0.000876, -0.056113, 0.998424, -0.000121, 0.739358, 0.0, 0.0, 0.0, 1.0],
                [0.998051, 0.056096, 0.027332, -0.002809, 0.027295, 0.001413, -0.999626, 0.000876, -0.056113, 0.998424, -0.000121, 0.739395, 0.0, 0.0, 0.0, 1.0],
                [0.998051, 0.056096, 0.027332, -0.002809, 0.027295, 0.001413, -0.999626, 0.000876, -0.056113, 0.998424, -0.000121, 0.739417, 0.0, 0.0, 0.0, 1.0],
                [0.998051, 0.056096, 0.027332, -0.002809, 0.027295, 0.001413, -0.999626, 0.000876, -0.056113, 0.998424, -0.000121, 0.739425, 0.0, 0.0, 0.0, 1.0]
            ]
        },
        {
            "name": "Thigh_R",
            "time": [0.0, 0.0167, 0.0333, 0.05, 0.0667, 0.0833, 0.1, 0.1167, 0.1333, 0.15, 0.1667, 0.1833, 0.2, 0.2167, 0.2333, 0.25, 0.2667, 0.2833, 0.3, 0.3167, 0.3333, 0.35, 0.3667, 0.3833, 0.4, 0.4167, 0.4333, 0.45, 0.4667, 0.4833, 0.5, 0.5167, 0.5333, 0.55, 0.5667, 0.5833, 0.6, 0.6167, 0.6333, 0.65, 0.6667, 0.6833, 0.7, 0.7167, 0.7333, 0.75, 0.7667, 0.7833, 0.8, 0.8167, 0.8333, 0.85, 0.8667, 0.8833, 0.9, 0.9167, 0.9333, 0.95, 0.9667, 0.9833, 1.0, 1.0167, 1.0333, 1.05, 1.0667, 1.0833, 1.1, 1.1167, 1.1333, 1.15, 1.1667, 1.1833, 1.2, 1.2167, 1.2333, 1.25, 1.2667, 1.2833, 1.3, 1.3167, 1.3333, 1.35, 1.3667, 1.3833, 1.4, 1.4167, 1.4333, 1.45, 1.4667, 1.4833, 1.5, 1.5167, 1.5333, 1.55, 1.5667, 1.5833, 1.6, 1.6167, 1.6333, 1.65, 1.6667, 1.6833, 1.7, 1.7167, 1.7333, 1.75, 1.7667, 1.7833, 1.8, 1.8167, 1.8333, 1.85, 1.8667, 1.8833, 1.9, 1.9167, 1.9333, 1.95, 1.9667, 1.9833, 2.0],
            "transform": [
                [0.824298, 0.258571, 0.503663, 0.124994, 0.299879, -0.953976, -0.001031, -0.002831, 0.480214, 0.151887, -0.863904, -1.2e-05, 0.0, 0.0, 0.0, 1.0],
                [0.824296, 0.258639, 0.503631, 0.124994, 0.299882, -0.953976, -0.000905, -0.002831, 0.480215, 0.151775, -0.863923, -1.2e-05, 0.0, 0.0, 0.0, 1.0],
                [0.824291, 0.258842, 0.503534, 0.124994, 0.29989, -0.953974, -0.000532, -0.002831, 0.480219, 0.151442, -0.86398, -1.2e-05, 0.0, 0.0, 0.0, 1.0],
                [0.824283, 0.259181, 0.503374, 0.124994, 0.299903, -0.953969, 9e-05, -0.002831, 0.480225, 0.150888, -0.864073, -1.2e-05, 0.0, 0.0, 0.0, 1.0],
                [0.824271, 0.259651, 0.503151, 0.124994, 0.299922, -0.953963, 0.000956, -0.002831, 0.480234, 0.150117, -0.864203, -1.2e-05, 0.0, 0.0, 0.0, 1.0],
                [0.824256, 0.260249, 0.502867, 0.124994, 0.299946, -0.953954, 0.002054, -0.002831, 0.480245, 0.149139, -0.864366, -1.2e-05, 0.0, 0.0, 0.0, 1.0],
                [0.824237, 0.260969, 0.502525, 0.124994, 0.299976, -0.953941, 0.003379, -0.002831, 0.480259, 0.147959, -0.864561, -1.2e-05, 0.0, 0.0, 0.0, 1.0],
                [0.824215, 0.261804, 0.502127, 0.124994, 0.30001, -0.953923, 0.004914, -0.002831, 0.480275, 0.146592, -0.864785, -1.2e-05, 0.0, 0.0, 0.0, 1.0],
                [0.824189, 0.262747, 0.501676, 0.124994, 0.300051, -0.9539, 0.006649, -0.002831, 0.480294, 0.145047, -0.865035, -1.2e-05, 0.0, 0.0, 0.0, 1.0],
                [0.82416, 0.263789, 0.501176, 0.124994, 0.300096, -0.95387, 0.008565, -0.002831, 0.480315, 0.143341, -0.865307, -1.2e-05, 0.0, 0.0, 0.0, 1.0],
                [0.824128, 0.264924, 0.500631, 0.124994, 0.300147, -0.953833, 0.010653, -0.002831, 0.480338, 0.141483, -0.8656, -1.2e-05, 0.0, 0.0, 0.0, 1.0],
                [0.824092, 0.266142, 0.500043, 0.124994, 0.300203, -0.953788, 0.012894, -0.002831, 0.480365, 0.139488, -0.865909, -1.2e-05, 0.0, 0.0, 0.0, 1.0],
                [0.824053, 0.267435, 0.499417, 0.124994, 0.300265, -0.953733, 0.015273, -0.002831, 0.480393, 0.13737, -0.866232, -1.2e-05, 0.0, 0.0, 0.0, 1.0],
                [0.824011, 0.268796, 0.498756, 0.124994, 0.300331, -0.953669, 0.017776, -0.002831, 0.480424, 0.135143, -0.866565, -1.2e-05, 0.0, 0.0, 0.0, 1.0],
                [0.823965, 0.270215, 0.498064, 0.124994, 0.300402, -0.953595, 0.020388, -0.002831, 0.480458, 0.132819, -0.866906, -1.2e-05, 0.0, 0.0, 0.0, 1.0],
                [0.823917, 0.271686, 0.497343, 0.124994, 0.300478, -0.953509, 0.023095, -0.002831, 0.480493, 0.130411, -0.867251, -1.2e-05, 0.0, 0.0, 0.0, 1.0],
                [0.823865, 0.273202, 0.496597, 0.124994, 0.300559, -0.953412, 0.025884, -0.002831, 0.480531, 0.127931, -0.8676, -1.2e-05, 0.0, 0.0, 0.0, 1.0],
                [0.823811, 0.274754, 0.49583, 0.124994, 0.300644, -0.953303, 0.028741, -0.002831, 0.480572, 0.12539, -0.867948, -1.2e-05, 0.0, 0.0, 0.0, 1.0],
                [0.823754, 0.276338, 0.495045, 0.124994, 0.300733, -0.953183, 0.031655, -0.002831, 0.480614, 0.122799, -0.868295, -1.2e-05, 0.0, 0.0, 0.0, 1.0],
                [0.823694, 0.277946, 0.494243, 0.124994, 0.300826, -0.95305, 0.034614, -0.002831, 0.480658, 0.120169, -0.868639, -1.2e-05, 0.0, 0.0, 0.0, 1.0],
                [0.823632, 0.279571, 0.49343, 0.124994, 0.300923, -0.952906, 0.037605, -0.002831, 0.480704, 0.11751, -0.868977, -1.2e-05, 0.0, 0.0, 0.0, 1.0],
                [0.823567, 0.28121, 0.492606, 0.124994, 0.301024, -0.952751, 0.040621, -0.002831, 0.480752, 0.114831, -0.869309, -1.2e-05, 0.0, 0.0, 0.0, 1.0],
                [0.8235, 0.282856, 0.491774, 0.124994, 0.301128, -0.952584, 0.043649, -0.002831, 0.480801, 0.112141, -0.869633, -1.2e-05, 0.0, 0.0, 0.0, 1.0],
                [0.823432, 0.284503, 0.490939, 0.124994, 0.301234, -0.952407, 0.046679, -0.002831, 0.480852, 0.109449, -0.869947, -1.2e-05, 0.0, 0.0, 0.0, 1.0],
                [0.823361, 0.286147, 0.4901, 0.124994, 0.301344, -0.952219, 0.049704, -0.002831, 0.480904, 0.106763, -0.870252, -1.2e-05, 0.0, 0.0, 0.0, 1.0],
                [0.823289, 0.287783, 0.489262, 0.124994, 0.301455, -0.952022, 0.052714, -0.002831, 0.480957, 0.104091, -0.870547, -1.2e-05, 0.0, 0.0, 0.0, 1.0],
                [0.823216, 0.289407, 0.488427, 0.124994, 0.301569, -0.951816, 0.055701, -0.002831, 0.481011, 0.101439, -0.87083, -1.2e-05, 0.0, 0.0, 0.0, 1.0],
                [0.823142, 0.291014, 0.487597, 0.124994, 0.301684, -0.951602, 0.058657, -0.002831, 0.481066, 0.098816, -0.871101, -1.2e-05, 0.0, 0.0, 0.0, 1.0],
                [0.823066, 0.292601, 0.486774, 0.124994, 0.301801, -0.95138, 0.061575, -0.002831, 0.481122, 0.096228, -0.87136, -1.2e-05, 0.0, 0.0, 0.0, 1.0],
                [0.822991, 0.294163, 0.48596, 0.124994, 0.301918, -0.951153, 0.064446, -0.002831, 0.481178, 0.09368, -0.871606, -1.2e-05, 0.0, 0.0, 0.0, 1.0],
                [0.822914, 0.295697, 0.485157, 0.124994, 0.302036, -0.95092, 0.067266, -0.002831, 0.481234, 0.09118, -0.87184, -1.2e-05, 0.0, 0.0, 0.0, 1.0],
                [0.822838, 0.297199, 0.484368, 0.124994, 0.302153, -0.950683, 0.070027, -0.002831, 0.481291, 0.088732, -0.872062, -1.2e-05, 0.0, 0.0, 0.0, 1.0],
                [0.822762, 0.298667, 0.483593, 0.124994, 0.302271, -0.950444, 0.072725, -0.002831, 0.481347, 0.086339, -0.872271, -1.2e-05, 0.0, 0.0, 0.0, 1.0],
                [0.822687, 0.300098, 0.482836, 0.124994, 0.302388, -0.950202, 0.075354, -0.002831, 0.481403, 0.08401, -0.872468, -1.2e-05, 0.0, 0.0, 0.0, 1.0],
                [0.822612, 0.301488, 0.482096, 0.124994, 0.302503, -0.949959, 0.077908, -0.002831, 0.481458, 0.081747, -0.872652, -1.2e-05, 0.0, 0.0, 0.0, 1.0],
                [0.822538, 0.302837, 0.481377, 0.124994, 0.302617, -0.949716, 0.080384, -0.002831, 0.481513, 0.079552, -0.872824, -1.2e-05, 0.0, 0.0, 0.0, 1.0],
                [0.822465, 0.30414, 0.480679, 0.124994, 0.302729, -0.949475, 0.082777, -0.002831, 0.481567, 0.077433, -0.872985, -1.2e-05, 0.0, 0.0, 0.0, 1.0],
                [0.822394, 0.305395, 0.480005, 0.124994, 0.302839, -0.949236, 0.085082, -0.002831, 0.481619, 0.075392, -0.873135, -1.2e-05, 0.0, 0.0, 0.0, 1.0],
                [0.822324, 0.306603, 0.479354, 0.124994, 0.302946, -0.949001, 0.087297, -0.002831, 0.481671, 0.07343, -0.873274, -1.2e-05, 0.0, 0.0, 0.0, 1.0],
                [0.822256, 0.30776, 0.478728, 0.124994, 0.30305, -0.94877, 0.089421, -0.002831, 0.481721, 0.07155, -0.873402, -1.2e-05, 0.0, 0.0, 0.0, 1.0],
                [0.822191, 0.308866, 0.478128, 0.124994, 0.303151, -0.948544, 0.09145, -0.002831, 0.48177, 0.069754, -0.87352, -1.2e-05, 0.0, 0.0, 0.0, 1.0],
                [0.822127, 0.30992, 0.477555, 0.124994, 0.303249, -0.948325, 0.093384, -0.002831, 0.481817, 0.068043, -0.87363, -1.2e-05, 0.0, 0.0, 0.0, 1.0],
                [0.822066, 0.310921, 0.477009, 0.124994, 0.303342, -0.948112, 0.095219, -0.002831, 0.481862, 0.066419, -0.87373, -1.2e-05, 0.0, 0.0, 0.0, 1.0],
                [0.822008, 0.311868, 0.476491, 0.124994, 0.303432, -0.947907, 0.096955, -0.002831, 0.481905, 0.064884, -0.873821, -1.2e-05, 0.0, 0.0, 0.0, 1.0],
                [0.821952, 0.31276, 0.476002, 0.124994, 0.303517, -0.947711, 0.098591, -0.002831, 0.481946, 0.063436, -0.873905, -1.2e-05, 0.0, 0.0, 0.0, 1.0],
                [0.821899, 0.313597, 0.475542, 0.124994, 0.303598, -0.947525, 0.100125, -0.002831, 0.481985, 0.06208, -0.873981, -1.2e-05, 0.0, 0.0, 0.0, 1.0],
                [0.82185, 0.314379, 0.475112, 0.124994, 0.303674, -0.947348, 0.101558, -0.002831, 0.482022, 0.060813, -0.87405, -1.2e-05, 0.0, 0.0, 0.0, 1.0],
                [0.821803, 0.315105, 0.474711, 0.124994, 0.303746, -0.947181, 0.102889, -0.002831, 0.482056, 0.059636, -0.874112, -1.2e-05, 0.0, 0.0, 0.0, 1.0],
                [0.82176, 0.315776, 0.47434, 0.124994, 0.303812, -0.947025, 0.104117, -0.002831, 0.482088, 0.05855, -0.874167, -1.2e-05, 0.0, 0.0, 0.0, 1.0],
                [0.82172, 0.316391, 0.474, 0.124994, 0.303874, -0.946881, 0.105244, -0.002831, 0.482118, 0.057554, -0.874217, -1.2e-05, 0.0, 0.0, 0.0, 1.0],
                [0.821683, 0.316949, 0.473691, 0.124994, 0.30393, -0.946749, 0.106265, -0.002831, 0.482145, 0.056652, -0.874261, -1.2e-05, 0.0, 0.0, 0.0, 1.0],
                [0.82165, 0.31745, 0.473413, 0.124994, 0.303981, -0.946629, 0.107183, -0.002831, 0.482169, 0.055841, -0.8743, -1.2e-05, 0.0, 0.0, 0.0, 1.0],
                [0.82162, 0.317897, 0.473164, 0.124994, 0.304027, -0.946522, 0.108001, -0.002831, 0.482192, 0.055118, -0.874334, -1.2e-05, 0.0, 0.0, 0.0, 1.0],
                [0.821593, 0.31829, 0.472946, 0.124994, 0.304067, -0.946426, 0.108719, -0.002831, 0.482211, 0.054483, -0.874363, -1.2e-05, 0.0, 0.0, 0.0, 1.0],
                [0.821571, 0.318629, 0.472757, 0.124994, 0.304102, -0.946344, 0.109339, -0.002831, 0.482228, 0.053935, -0.874387, -1.2e-05, 0.0, 0.0, 0.0, 1.0],
                [0.821551, 0.318914, 0.472598, 0.124994, 0.304132, -0.946274, 0.109862, -0.002831, 0.482242, 0.053473, -0.874408, -1.2e-05, 0.0, 0.0, 0.0, 1.0],
                [0.821536, 0.319147, 0.472469, 0.124994, 0.304156, -0.946216, 0.110288, -0.002831, 0.482254, 0.053098, -0.874424, -1.2e-05, 0.0, 0.0, 0.0, 1.0],
                [0.821523, 0.319327, 0.472368, 0.124994, 0.304174, -0.946172, 0.110617, -0.002831, 0.482263, 0.052807, -0.874437, -1.2e-05, 0.0, 0.0, 0.0, 1.0],
                [0.821515, 0.319455, 0.472297, 0.124994, 0.304188, -0.94614, 0.110852, -0.002831, 0.482269, 0.052599, -0.874446, -1.2e-05, 0.0, 0.0, 0.0, 1.0],
                [0.821509, 0.319532, 0.472254, 0.124994, 0.304196, -0.946121, 0.110991, -0.002831, 0.482273, 0.052476, -0.874451, -1.2e-05, 0.0, 0.0, 0.0, 1.0],
                [0.821508, 0.319557, 0.47224, 0.124994, 0.304198, -0.946115, 0.111038, -0.002831, 0.482274, 0.052435, -0.874453, -1.2e-05, 0.0, 0.0, 0.0, 1.0],
                [0.821509, 0.319532, 0.472254, 0.124994, 0.304196, -0.946121, 0.110991, -0.002831, 0.482273, 0.052476, -0.874451, -1.2e-05, 0.0, 0.0, 0.0, 1.0],
                [0.821515, 0.319455, 0.472297, 0.124994, 0.304188, -0.94614, 0.110851, -0.002831, 0.482269, 0.0526, -0.874446, -1.2e-05, 0.0, 0.0, 0.0, 1.0],
                [0.821523, 0.319327, 0.472368, 0.124994, 0.304174, -0.946172, 0.110617, -0.002831, 0.482263, 0.052807, -0.874437, -1.2e-05, 0.0, 0.0, 0.0, 1.0],
                [0.821536, 0.319147, 0.472469, 0.124994, 0.304156, -0.946216, 0.110288, -0.002831, 0.482254, 0.053098, -0.874424, -1.2e-05, 0.0, 0.0, 0.0, 1.0],
                [0.821551, 0.318914, 0.472598, 0.124994, 0.304132, -0.946274, 0.109862, -0.002831, 0.482242, 0.053473, -0.874408, -1.2e-05, 0.0, 0.0, 0.0, 1.0],
                [0.821571, 0.318629, 0.472757, 0.124994, 0.304102, -0.946344, 0.109339, -0.002831, 0.482228, 0.053935, -0.874387, -1.2e-05, 0.0, 0.0, 0.0, 1.0],
                [0.821593, 0.31829, 0.472946, 0.124994, 0.304067, -0.946426, 0.108719, -0.002831, 0.482211, 0.054483, -0.874363, -1.2e-05, 0.0, 0.0, 0.0, 1.0],
                [0.82162, 0.317897, 0.473164, 0.124994, 0.304027, -0.946522, 0.108001, -0.002831, 0.482192, 0.055118, -0.874334, -1.2e-05, 0.0, 0.0, 0.0, 1.0],
                [0.82165, 0.31745, 0.473413, 0.124994, 0.303981, -0.946629, 0.107183, -0.002831, 0.482169, 0.055841, -0.8743, -1.2e-05, 0.0, 0.0, 0.0, 1.0],
                [0.821683, 0.316949, 0.473691, 0.124994, 0.30393, -0.946749, 0.106265, -0.002831, 0.482145, 0.056652, -0.874261, -1.2e-05, 0.0, 0.0, 0.0, 1.0],
                [0.82172, 0.316391, 0.474, 0.124994, 0.303874, -0.946881, 0.105244, -0.002831, 0.482118, 0.057554, -0.874217, -1.2e-05, 0.0, 0.0, 0.0, 1.0],
                [0.82176, 0.315776, 0.47434, 0.124994, 0.303812, -0.947025, 0.104117, -0.002831, 0.482088, 0.05855, -0.874167, -1.2e-05, 0.0, 0.0, 0.0, 1.0],
                [0.821803, 0.315105, 0.474711, 0.124994, 0.303746, -0.947181, 0.102889, -0.002831, 0.482056, 0.059636, -0.874112, -1.2e-05, 0.0, 0.0, 0.0, 1.0],
                [0.82185, 0.314379, 0.475112, 0.124994, 0.303674, -0.947348, 0.101558, -0.002831, 0.482022, 0.060813, -0.87405, -1.2e-05, 0.0, 0.0, 0.0, 1.0],
                [0.821899, 0.313597, 0.475542, 0.124994, 0.303598, -0.947525, 0.100125, -0.002831, 0.481985, 0.06208, -0.873981, -1.2e-05, 0.0, 0.0, 0.0, 1.0],
                [0.821952, 0.31276, 0.476002, 0.124994, 0.303517, -0.947711, 0.098591, -0.002831, 0.481946, 0.063436, -0.873905, -1.2e-05, 0.0, 0.0, 0.0, 1.0],
                [0.822008, 0.311868, 0.476491, 0.124994, 0.303432, -0.947907, 0.096955, -0.002831, 0.481905, 0.064884, -0.873821, -1.2e-05, 0.0, 0.0, 0.0, 1.0],
                [0.822066, 0.310921, 0.477009, 0.124994, 0.303342, -0.948112, 0.095219, -0.002831, 0.481862, 0.066419, -0.87373, -1.2e-05, 0.0, 0.0, 0.0, 1.0],
                [0.822127, 0.30992, 0.477555, 0.124994, 0.303249, -0.948325, 0.093384, -0.002831, 0.481817, 0.068043, -0.87363, -1.2e-05, 0.0, 0.0, 0.0, 1.0],
                [0.822191, 0.308866, 0.478128, 0.124994, 0.303151, -0.948544, 0.09145, -0.002831, 0.48177, 0.069754, -0.87352, -1.2e-05, 0.0, 0.0, 0.0, 1.0],
                [0.822256, 0.30776, 0.478728, 0.124994, 0.30305, -0.94877, 0.089421, -0.002831, 0.481721, 0.07155, -0.873402, -1.2e-05, 0.0, 0.0, 0.0, 1.0],
                [0.822324, 0.306603, 0.479354, 0.124994, 0.302946, -0.949001, 0.087297, -0.002831, 0.481671, 0.07343, -0.873274, -1.2e-05, 0.0, 0.0, 0.0, 1.0],
                [0.822394, 0.305395, 0.480005, 0.124994, 0.302839, -0.949236, 0.085082, -0.002831, 0.481619, 0.075392, -0.873135, -1.2e-05, 0.0, 0.0, 0.0, 1.0],
                [0.822465, 0.30414, 0.480679, 0.124994, 0.302729, -0.949475, 0.082777, -0.002831, 0.481567, 0.077433, -0.872985, -1.2e-05, 0.0, 0.0, 0.0, 1.0],
                [0.822538, 0.302837, 0.481377, 0.124994, 0.302617, -0.949716, 0.080384, -0.002831, 0.481513, 0.079552, -0.872824, -1.2e-05, 0.0, 0.0, 0.0, 1.0],
                [0.822612, 0.301488, 0.482096, 0.124994, 0.302503, -0.949959, 0.077908, -0.002831, 0.481458, 0.081747, -0.872652, -1.2e-05, 0.0, 0.0, 0.0, 1.0],
                [0.822687, 0.300098, 0.482836, 0.124994, 0.302388, -0.950202, 0.075354, -0.002831, 0.481403, 0.08401, -0.872468, -1.2e-05, 0.0, 0.0, 0.0, 1.0],
                [0.822762, 0.298667, 0.483593, 0.124994, 0.302271, -0.950444, 0.072725, -0.002831, 0.481347, 0.086339, -0.872271, -1.2e-05, 0.0, 0.0, 0.0, 1.0],
                [0.822838, 0.297199, 0.484368, 0.124994, 0.302153, -0.950683, 0.070027, -0.002831, 0.481291, 0.088732, -0.872062, -1.2e-05, 0.0, 0.0, 0.0, 1.0],
                [0.822914, 0.295697, 0.485157, 0.124994, 0.302036, -0.95092, 0.067266, -0.002831, 0.481234, 0.09118, -0.87184, -1.2e-05, 0.0, 0.0, 0.0, 1.0],
                [0.822991, 0.294163, 0.48596, 0.124994, 0.301918, -0.951153, 0.064446, -0.002831, 0.481178, 0.09368, -0.871606, -1.2e-05, 0.0, 0.0, 0.0, 1.0],
                [0.823066, 0.292601, 0.486774, 0.124994, 0.301801, -0.95138, 0.061575, -0.002831, 0.481122, 0.096228, -0.87136, -1.2e-05, 0.0, 0.0, 0.0, 1.0],
                [0.823142, 0.291014, 0.487597, 0.124994, 0.301684, -0.951602, 0.058657, -0.002831, 0.481066, 0.098816, -0.871101, -1.2e-05, 0.0, 0.0, 0.0, 1.0],
                [0.823216, 0.289407, 0.488427, 0.124994, 0.301569, -0.951816, 0.055701, -0.002831, 0.481011, 0.101439, -0.87083, -1.2e-05, 0.0, 0.0, 0.0, 1.0],
                [0.823289, 0.287784, 0.489262, 0.124994, 0.301455, -0.952022, 0.052715, -0.002831, 0.480957, 0.10409, -0.870547, -1.2e-05, 0.0, 0.0, 0.0, 1.0],
                [0.823361, 0.286147, 0.4901, 0.124994, 0.301344, -0.952219, 0.049704, -0.002831, 0.480904, 0.106763, -0.870252, -1.2e-05, 0.0, 0.0, 0.0, 1.0],
                [0.823432, 0.284503, 0.490939, 0.124994, 0.301234, -0.952407, 0.046679, -0.002831, 0.480852, 0.109449, -0.869947, -1.2e-05, 0.0, 0.0, 0.0, 1.0],
                [0.8235, 0.282856, 0.491774, 0.124994, 0.301128, -0.952584, 0.043649, -0.002831, 0.480801, 0.112141, -0.869633, -1.2e-05, 0.0, 0.0, 0.0, 1.0],
                [0.823567, 0.28121, 0.492606, 0.124994, 0.301024, -0.952751, 0.040621, -0.002831, 0.480752, 0.114831, -0.869309, -1.2e-05, 0.0, 0.0, 0.0, 1.0],
                [0.823632, 0.279571, 0.49343, 0.124994, 0.300923, -0.952906, 0.037605, -0.002831, 0.480704, 0.11751, -0.868977, -1.2e-05, 0.0, 0.0, 0.0, 1.0],
                [0.823694, 0.277946, 0.494243, 0.124994, 0.300826, -0.95305, 0.034614, -0.002831, 0.480658, 0.120169, -0.868639, -1.2e-05, 0.0, 0.0, 0.0, 1.0],
                [0.823754, 0.276338, 0.495045, 0.124994, 0.300733, -0.953183, 0.031655, -0.002831, 0.480614, 0.122799, -0.868295, -1.2e-05, 0.0, 0.0, 0.0, 1.0],
                [0.823811, 0.274754, 0.49583, 0.124994, 0.300644, -0.953303, 0.028741, -0.002831, 0.480572, 0.12539, -0.867948, -1.2e-05, 0.0, 0.0, 0.0, 1.0],
                [0.823865, 0.273202, 0.496597, 0.124994, 0.300559, -0.953412, 0.025884, -0.002831, 0.480531, 0.127931, -0.8676, -1.2e-05, 0.0, 0.0, 0.0, 1.0],
                [0.823917, 0.271686, 0.497343, 0.124994, 0.300478, -0.953509, 0.023095, -0.002831, 0.480493, 0.130411, -0.867251, -1.2e-05, 0.0, 0.0, 0.0, 1.0],
                [0.823965, 0.270215, 0.498064, 0.124994, 0.300402, -0.953595, 0.020388, -0.002831, 0.480458, 0.132819, -0.866906, -1.2e-05, 0.0, 0.0, 0.0, 1.0],
                [0.824011, 0.268796, 0.498756, 0.124994, 0.300331, -0.953669, 0.017776, -0.002831, 0.480424, 0.135143, -0.866565, -1.2e-05, 0.0, 0.0, 0.0, 1.0],
                [0.824053, 0.267435, 0.499417, 0.124994, 0.300265, -0.953733, 0.015273, -0.002831, 0.480393, 0.13737, -0.866232, -1.2e-05, 0.0, 0.0, 0.0, 1.0],
                [0.824092, 0.266142, 0.500043, 0.124994, 0.300203, -0.953788, 0.012894, -0.002831, 0.480365, 0.139488, -0.865909, -1.2e-05, 0.0, 0.0, 0.0, 1.0],
                [0.824128, 0.264924, 0.500631, 0.124994, 0.300147, -0.953833, 0.010653, -0.002831, 0.480338, 0.141483, -0.8656, -1.2e-05, 0.0, 0.0, 0.0, 1.0],
                [0.82416, 0.263789, 0.501176, 0.124994, 0.300096, -0.95387, 0.008565, -0.002831, 0.480315, 0.143341, -0.865307, -1.2e-05, 0.0, 0.0, 0.0, 1.0],
                [0.824189, 0.262747, 0.501676, 0.124994, 0.300051, -0.9539, 0.006649, -0.002831, 0.480294, 0.145047, -0.865035, -1.2e-05, 0.0, 0.0, 0.0, 1.0],
                [0.824215, 0.261804, 0.502127, 0.124994, 0.30001, -0.953923, 0.004914, -0.002831, 0.480275, 0.146592, -0.864785, -1.2e-05, 0.0, 0.0, 0.0, 1.0],
                [0.824237, 0.260969, 0.502525, 0.124994, 0.299976, -0.953941, 0.003379, -0.002831, 0.480259, 0.147959, -0.864561, -1.2e-05, 0.0, 0.0, 0.0, 1.0],
