{
    "animation": [
        {
            "name": "Root",
            "time": [0.0, 0.0167, 0.0333, 0.05, 0.0667, 0.0833, 0.1, 0.1167, 0.1333, 0.15, 0.1667, 0.1833, 0.2, 0.2167, 0.2333, 0.25, 0.2667, 0.2833, 0.3, 0.3167, 0.3333, 0.35, 0.3667, 0.3833, 0.4, 0.4167, 0.4333, 0.45, 0.4667, 0.4833, 0.5, 0.5167, 0.5333, 0.55, 0.5667, 0.5833, 0.6, 0.6167, 0.6333, 0.65, 0.6667],
            "transform": [
                [0.998051, 0.056096, 0.027332, -0.002809, 0.027295, 0.001413, -0.999626, 0.000876, -0.056113, 0.998424, -0.000121, 0.739425, 0.0, 0.0, 0.0, 1.0],
                [0.998051, 0.056096, 0.027332, -0.002809, 0.027295, 0.001413, -0.999626, -0.000447, -0.056113, 0.998424, -0.000121, 0.738914, 0.0, 0.0, 0.0, 1.0],
                [0.998051, 0.056096, 0.027332, -0.002809, 0.027295, 0.001413, -0.999626, -0.004429, -0.056113, 0.998424, -0.000121, 0.737377, 0.0, 0.0, 0.0, 1.0],
                [0.998051, 0.056096, 0.027332, -0.002809, 0.027295, 0.001413, -0.999626, -0.010903, -0.056113, 0.998424, -0.000121, 0.734877, 0.0, 0.0, 0.0, 1.0],
                [0.998051, 0.056096, 0.027332, -0.002809, 0.027295, 0.001413, -0.999626, -0.019371, -0.056113, 0.998424, -0.000121, 0.731608, 0.0, 0.0, 0.0, 1.0],
                [0.998051, 0.056096, 0.027332, -0.002809, 0.027295, 0.001413, -0.999626, -0.028964, -0.056113, 0.998424, -0.000121, 0.727905, 0.0, 0.0, 0.0, 1.0],
                [0.998051, 0.056096, 0.027332, -0.002809, 0.027295, 0.001413, -0.999626, -0.038556, -0.056113, 0.998424, -0.000121, 0.724202, 0.0, 0.0, 0.0, 1.0],
                [0.998051, 0.056096, 0.027332, -0.002809, 0.027295, 0.001413, -0.999626, -0.047024, -0.056113, 0.998424, -0.000121, 0.720933, 0.0, 0.0, 0.0, 1.0],
                [0.998051, 0.056096, 0.027332, -0.002809, 0.027295, 0.001413, -0.999626, -0.053498, -0.056113, 0.998424, -0.000121, 0.718434, 0.0, 0.0, 0.0, 1.0],
                [0.998051, 0.056096, 0.027332, -0.002809, 0.027295, 0.001413, -0.999626, -0.05748, -0.056113, 0.998424, -0.000121, 0.716897, 0.0, 0.0, 0.0, 1.0],
                [0.998051, 0.056096, 0.027332, -0.002809, 0.027295, 0.001413, -0.999626, -0.058803, -0.056113, 0.998424, -0.000121, 0.716386, 0.0, 0.0, 0.0, 1.0],
                [0.998051, 0.056096, 0.027332, -0.002809, 0.027295, 0.001413, -0.999626, -0.058657, -0.056113, 0.998424, -0.000121, 0.716442, 0.0, 0.0, 0.0, 1.0],
                [0.998051, 0.056096, 0.027332, -0.002809, 0.027295, 0.001413, -0.999626, -0.058217, -0.056113, 0.998424, -0.000121, 0.716612, 0.0, 0.0, 0.0, 1.0],
                [0.998051, 0.056096, 0.027332, -0.002809, 0.027295, 0.001413, -0.999626, -0.05748, -0.056113, 0.998424, -0.000121, 0.716897, 0.0, 0.0, 0.0, 1.0],
                [0.998051, 0.056096, 0.027332, -0.002809, 0.027295, 0.001413, -0.999626, -0.056446, -0.056113, 0.998424, -0.000121, 0.717296, 0.0, 0.0, 0.0, 1.0],
                [0.998051, 0.056096, 0.027332, -0.002809, 0.027295, 0.001413, -0.999626, -0.055117, -0.056113, 0.998424, -0.000121, 0.717809, 0.0, 0.0, 0.0, 1.0],
                [0.998051, 0.056096, 0.027332, -0.002809, 0.027295, 0.001413, -0.999626, -0.053498, -0.056113, 0.998424, -0.000121, 0.718434, 0.0, 0.0, 0.0, 1.0],
                [0.998051, 0.056096, 0.027332, -0.002809, 0.027295, 0.001413, -0.999626, -0.0516, -0.056113, 0.998424, -0.000121, 0.719167, 0.0, 0.0, 0.0, 1.0],
                [0.998051, 0.056096, 0.027332, -0.002809, 0.027295, 0.001413, -0.999626, -0.049436, -0.056113, 0.998424, -0.000121, 0.720002, 0.0, 0.0, 0.0, 1.0],
                [0.998051, 0.056096, 0.027332, -0.002809, 0.027295, 0.001413, -0.999626, -0.047024, -0.056113, 0.998424, -0.000121, 0.720933, 0.0, 0.0, 0.0, 1.0],
                [0.998051, 0.056096, 0.027332, -0.002809, 0.027295, 0.001413, -0.999626, -0.044388, -0.056113, 0.998424, -0.000121, 0.721951, 0.0, 0.0, 0.0, 1.0],
                [0.998051, 0.056096, 0.027332, -0.002809, 0.027295, 0.001413, -0.999626, -0.041554, -0.056113, 0.998424, -0.000121, 0.723045, 0.0, 0.0, 0.0, 1.0],
                [0.998051, 0.056096, 0.027332, -0.002809, 0.027295, 0.001413, -0.999626, -0.038556, -0.056113, 0.998424, -0.000121, 0.724202, 0.0, 0.0, 0.0, 1.0],
                [0.998051, 0.056096, 0.027332, -0.002809, 0.027295, 0.001413, -0.999626, -0.035432, -0.056113, 0.998424, -0.000121, 0.725408, 0.0, 0.0, 0.0, 1.0],
                [0.998051, 0.056096, 0.027332, -0.002809, 0.027295, 0.001413, -0.999626, -0.03222, -0.056113, 0.998424, -0.000121, 0.726648, 0.0, 0.0, 0.0, 1.0],
                [0.998051, 0.056096, 0.027332, -0.002809, 0.027295, 0.001413, -0.999626, -0.028964, -0.056113, 0.998424, -0.000121, 0.727905, 0.0, 0.0, 0.0, 1.0],
                [0.998051, 0.056096, 0.027332, -0.002809, 0.027295, 0.001413, -0.999626, -0.025708, -0.056113, 0.998424, -0.000121, 0.729162, 0.0, 0.0, 0.0, 1.0],
                [0.998051, 0.056096, 0.027332, -0.002809, 0.027295, 0.001413, -0.999626, -0.022496, -0.056113, 0.998424, -0.000121, 0.730402, 0.0, 0.0, 0.0, 1.0],
                [0.998051, 0.056096, 0.027332, -0.002809, 0.027295, 0.001413, -0.999626, -0.019371, -0.056113, 0.998424, -0.000121, 0.731608, 0.0, 0.0, 0.0, 1.0],
                [0.998051, 0.056096, 0.027332, -0.002809, 0.027295, 0.001413, -0.999626, -0.016373, -0.056113, 0.998424, -0.000121, 0.732766, 0.0, 0.0, 0.0, 1.0],
                [0.998051, 0.056096, 0.027332, -0.002809, 0.027295, 0.001413, -0.999626, -0.01354, -0.056113, 0.998424, -0.000121, 0.73386, 0.0, 0.0, 0.0, 1.0],
                [0.998051, 0.056096, 0.027332, -0.002809, 0.027295, 0.001413, -0.999626, -0.010903, -0.056113, 0.998424, -0.000121, 0.734877, 0.0, 0.0, 0.0, 1.0],
                [0.998051, 0.056096, 0.027332, -0.002809, 0.027295, 0.001413, -0.999626, -0.008491, -0.056113, 0.998424, -0.000121, 0.735809, 0.0, 0.0, 0.0, 1.0],
                [0.998051, 0.056096, 0.027332, -0.002809, 0.027295, 0.001413, -0.999626, -0.006327, -0.056113, 0.998424, -0.000121, 0.736644, 0.0, 0.0, 0.0, 1.0],
                [0.998051, 0.056096, 0.027332, -0.002809, 0.027295, 0.001413, -0.999626, -0.004429, -0.056113, 0.998424, -0.000121, 0.737377, 0.0, 0.0, 0.0, 1.0],
                [0.998051, 0.056096, 0.027332, -0.002809, 0.027295, 0.001413, -0.999626, -0.002811, -0.056113, 0.998424, -0.000121, 0.738001, 0.0, 0.0, 0.0, 1.0],
                [0.998051, 0.056096, 0.027332, -0.002809, 0.027295, 0.001413, -0.999626, -0.001482, -0.056113, 0.998424, -0.000121, 0.738515, 0.0, 0.0, 0.0, 1.0],
                [0.998051, 0.056096, 0.027332, -0.002809, 0.027295, 0.001413, -0.999626, -0.000447, -0.056113, 0.998424, -0.000121, 0.738914, 0.0, 0.0, 0.0, 1.0],
                [0.998051, 0.056096, 0.027332, -0.002809, 0.027295, 0.001413, -0.999626, 0.00029, -0.056113, 0.998424, -0.000121, 0.739198, 0.0, 0.0, 0.0, 1.0],
                [0.998051, 0.056096, 0.027332, -0.002809, 0.027295, 0.001413, -0.999626, 0.00073, -0.056113, 0.998424, -0.000121, 0.739368, 0.0, 0.0, 0.0, 1.0],
                [0.998051, 0.056096, 0.027332, -0.002809, 0.027295, 0.001413, -0.999626, 0.000876, -0.056113, 0.998424, -0.000121, 0.739425, 0.0, 0.0, 0.0, 1.0]
            ]
        },
        {
            "name": "Thigh_R",
            "time": [0.0, 0.0167, 0.0333, 0.05, 0.0667, 0.0833, 0.1, 0.1167, 0.1333, 0.15, 0.1667, 0.1833, 0.2, 0.2167, 0.2333, 0.25, 0.2667, 0.2833, 0.3, 0.3167, 0.3333, 0.35, 0.3667, 0.3833, 0.4, 0.4167, 0.4333, 0.45, 0.4667, 0.4833, 0.5, 0.5167, 0.5333, 0.55, 0.5667, 0.5833, 0.6, 0.6167, 0.6333, 0.65, 0.6667],
            "transform": [
                [0.824298, 0.258571, 0.503663, 0.124994, 0.299879, -0.953976, -0.001031, -0.002831, 0.480214, 0.151887, -0.863904, -1.2e-05, 0.0, 0.0, 0.0, 1.0],
                [0.824712, 0.265301, 0.499467, 0.124994, 0.299252, -0.95409, 0.012663, -0.002831, 0.479894, 0.139022, -0.866245, -1.2e-05, 0.0, 0.0, 0.0, 1.0],
                [0.825957, 0.280922, 0.488753, 0.124994, 0.297354, -0.953676, 0.04564, -0.002831, 0.478932, 0.107635, -0.871232, -1.2e-05, 0.0, 0.0, 0.0, 1.0],
                [0.82797, 0.299364, 0.474182, 0.124994, 0.294256, -0.951752, 0.087066, -0.002831, 0.477366, 0.067442, -0.876116, -1.2e-05, 0.0, 0.0, 0.0, 1.0],
                [0.830579, 0.317407, 0.457595, 0.124994, 0.290195, -0.947982, 0.130828, -0.002831, 0.475316, 0.024128, -0.879488, -1.2e-05, 0.0, 0.0, 0.0, 1.0],
                [0.833501, 0.333386, 0.440604, 0.124994, 0.285589, -0.942612, 0.172979, -0.002831, 0.472986, -0.018347, -0.880883, -1.2e-05, 0.0, 0.0, 0.0, 1.0],
                [0.836385, 0.346412, 0.424807, 0.124994, 0.280982, -0.936375, 0.21036, -0.002831, 0.470648, -0.05658, -0.880509, -1.2e-05, 0.0, 0.0, 0.0, 1.0],
                [0.8389, 0.356159, 0.411583, 0.124994, 0.276916, -0.930285, 0.240596, -0.002831, 0.468578, -0.087863, -0.879045, -1.2e-05, 0.0, 0.0, 0.0, 1.0],
                [0.840802, 0.362705, 0.401869, 0.124994, 0.273808, -0.92533, 0.262283, -0.002831, 0.466991, -0.110495, -0.877335, -1.2e-05, 0.0, 0.0, 0.0, 1.0],
                [0.841964, 0.366442, 0.396004, 0.124994, 0.271898, -0.922136, 0.275204, -0.002831, 0.466014, -0.12404, -0.876043, -1.2e-05, 0.0, 0.0, 0.0, 1.0],
                [0.842348, 0.367625, 0.394085, 0.124994, 0.271263, -0.92106, 0.279401, -0.002831, 0.465689, -0.128453, -0.87558, -1.2e-05, 0.0, 0.0, 0.0, 1.0],
                [0.842306, 0.367496, 0.394296, 0.124994, 0.271333, -0.921179, 0.27894, -0.002831, 0.465724, -0.127969, -0.875632, -1.2e-05, 0.0, 0.0, 0.0, 1.0],
                [0.842178, 0.367104, 0.394933, 0.124994, 0.271544, -0.921538, 0.277547, -0.002831, 0.465833, -0.126503, -0.875787, -1.2e-05, 0.0, 0.0, 0.0, 1.0],
                [0.841964, 0.366442, 0.396004, 0.124994, 0.271898, -0.922136, 0.275204, -0.002831, 0.466014, -0.12404, -0.876043, -1.2e-05, 0.0, 0.0, 0.0, 1.0],
                [0.841663, 0.36546, 0.397548, 0.124994, 0.272394, -0.922997, 0.271804, -0.002831, 0.466268, -0.120479, -0.876405, -1.2e-05, 0.0, 0.0, 0.0, 1.0],
                [0.841275, 0.364233, 0.39949, 0.124994, 0.273032, -0.924056, 0.267534, -0.002831, 0.466594, -0.115997, -0.876836, -1.2e-05, 0.0, 0.0, 0.0, 1.0],
                [0.840802, 0.362705, 0.401869, 0.124994, 0.273808, -0.92533, 0.262283, -0.002831, 0.466991, -0.110495, -0.877335, -1.2e-05, 0.0, 0.0, 0.0, 1.0],
                [0.840246, 0.360863, 0.40468, 0.124994, 0.274719, -0.926805, 0.256051, -0.002831, 0.467457, -0.103973, -0.877884, -1.2e-05, 0.0, 0.0, 0.0, 1.0],
                [0.83961, 0.358683, 0.407924, 0.124994, 0.275758, -0.928466, 0.248812, -0.002831, 0.467987, -0.096418, -0.878463, -1.2e-05, 0.0, 0.0, 0.0, 1.0],
                [0.8389, 0.356159, 0.411583, 0.124994, 0.276916, -0.930285, 0.240596, -0.002831, 0.468578, -0.087863, -0.879045, -1.2e-05, 0.0, 0.0, 0.0, 1.0],
                [0.83812, 0.353282, 0.415631, 0.124994, 0.278182, -0.93223, 0.231433, -0.002831, 0.469223, -0.078349, -0.879601, -1.2e-05, 0.0, 0.0, 0.0, 1.0],
                [0.837278, 0.350043, 0.420043, 0.124994, 0.279542, -0.934268, 0.221358, -0.002831, 0.469916, -0.067919, -0.880098, -1.2e-05, 0.0, 0.0, 0.0, 1.0],
                [0.836385, 0.346412, 0.424807, 0.124994, 0.280982, -0.936375, 0.21036, -0.002831, 0.470648, -0.05658, -0.880509, -1.2e-05, 0.0, 0.0, 0.0, 1.0],
                [0.83545, 0.342452, 0.429829, 0.124994, 0.282483, -0.938479, 0.198646, -0.002831, 0.47141, -0.044541, -0.880792, -1.2e-05, 0.0, 0.0, 0.0, 1.0],
                [0.834484, 0.338112, 0.435107, 0.124994, 0.284025, -0.940569, 0.186169, -0.002831, 0.472193, -0.031775, -0.880926, -1.2e-05, 0.0, 0.0, 0.0, 1.0],
                [0.833501, 0.333386, 0.440604, 0.124994, 0.285589, -0.942612, 0.172979, -0.002831, 0.472986, -0.018347, -0.880883, -1.2e-05, 0.0, 0.0, 0.0, 1.0],
                [0.832513, 0.328384, 0.446193, 0.124994, 0.287153, -0.944533, 0.159373, -0.002831, 0.473777, -0.004556, -0.880636, -1.2e-05, 0.0, 0.0, 0.0, 1.0],
                [0.831535, 0.322999, 0.45191, 0.124994, 0.288695, -0.946349, 0.145185, -0.002831, 0.474557, 0.009737, -0.880174, -1.2e-05, 0.0, 0.0, 0.0, 1.0],
                [0.830579, 0.317407, 0.457595, 0.124994, 0.290195, -0.947982, 0.130828, -0.002831, 0.475316, 0.024128, -0.879488, -1.2e-05, 0.0, 0.0, 0.0, 1.0],
                [0.829659, 0.311567, 0.463243, 0.124994, 0.291633, -0.949438, 0.116261, -0.002831, 0.476042, 0.038639, -0.878577, -1.2e-05, 0.0, 0.0, 0.0, 1.0],
                [0.828786, 0.305529, 0.468795, 0.124994, 0.292992, -0.950699, 0.101618, -0.002831, 0.476728, 0.053132, -0.877447, -1.2e-05, 0.0, 0.0, 0.0, 1.0],
                [0.82797, 0.299364, 0.474182, 0.124994, 0.294256, -0.951752, 0.087066, -0.002831, 0.477366, 0.067442, -0.876116, -1.2e-05, 0.0, 0.0, 0.0, 1.0],
                [0.827222, 0.293144, 0.479346, 0.124994, 0.295411, -0.952595, 0.07276, -0.002831, 0.47795, 0.081415, -0.874609, -1.2e-05, 0.0, 0.0, 0.0, 1.0],
                [0.826549, 0.28696, 0.484224, 0.124994, 0.296447, -0.953232, 0.058881, -0.002831, 0.478473, 0.094878, -0.872965, -1.2e-05, 0.0, 0.0, 0.0, 1.0],
                [0.825957, 0.280922, 0.488753, 0.124994, 0.297354, -0.953676, 0.04564, -0.002831, 0.478932, 0.107635, -0.871232, -1.2e-05, 0.0, 0.0, 0.0, 1.0],
                [0.825452, 0.27517, 0.492862, 0.124994, 0.298126, -0.953945, 0.033293, -0.002831, 0.479323, 0.119453, -0.869475, -1.2e-05, 0.0, 0.0, 0.0, 1.0],
                [0.825036, 0.269887, 0.496466, 0.124994, 0.29876, -0.954071, 0.022164, -0.002831, 0.479644, 0.130037, -0.867778, -1.2e-05, 0.0, 0.0, 0.0, 1.0],
                [0.824712, 0.265301, 0.499467, 0.124994, 0.299252, -0.95409, 0.012663, -0.002831, 0.479894, 0.139022, -0.866245, -1.2e-05, 0.0, 0.0, 0.0, 1.0],
                [0.824481, 0.261696, 0.501745, 0.124994, 0.299601, -0.95405, 0.005292, -0.002831, 0.480072, 0.145959, -0.865004, -1.2e-05, 0.0, 0.0, 0.0, 1.0],
                [0.824344, 0.259373, 0.503176, 0.124994, 0.29981, -0.953999, 0.000586, -0.002831, 0.480179, 0.150373, -0.864189, -1.2e-05, 0.0, 0.0, 0.0, 1.0],
                [0.824298, 0.258571, 0.503663, 0.124994, 0.299879, -0.953976, -0.001031, -0.002831, 0.480214, 0.151887, -0.863904, -1.2e-05, 0.0, 0.0, 0.0, 1.0]
            ]
        },
        {
            "name": "Leg_R",
            "time": [0.0, 0.0167, 0.0333, 0.05, 0.0667, 0.0833, 0.1, 0.1167, 0.1333, 0.15, 0.1667, 0.1833, 0.2, 0.2167, 0.2333, 0.25, 0.2667, 0.2833, 0.3, 0.3167, 0.3333, 0.35, 0.3667, 0.3833, 0.4, 0.4167, 0.4333, 0.45, 0.4667, 0.4833, 0.5, 0.5167, 0.5333, 0.55, 0.5667, 0.5833, 0.6, 0.6167, 0.6333, 0.65, 0.6667],
            "transform": [
                [1.0, -0.00016, -0.000127, 0.0, 0.000177, 0.989676, 0.143328, 0.375166, 0.000102, -0.143328, 0.989675, 0.0, 0.0, 0.0, 0.0, 1.0],
                [1.0, -0.000189, -0.000131, -0.0, 0.000209, 0.985602, 0.169081, 0.375166, 9.7e-05, -0.169081, 0.985602, 0.0, 0.0, 0.0, 0.0, 1.0],
                [1.0, -0.000256, -0.000145, 0.0, 0.000282, 0.973429, 0.228992, 0.375166, 8.2e-05, -0.228992, 0.973428, -0.0, 0.0, 0.0, 0.0, 1.0],
                [1.0, -0.000336, -0.000167, -0.0, 0.00037, 0.953913, 0.300085, 0.375166, 5.8e-05, -0.300084, 0.953913, -0.0, 0.0, 0.0, 0.0, 1.0],
                [1.0, -0.000414, -0.000195, 0.0, 0.000457, 0.928944, 0.370223, 0.375166, 2.7e-05, -0.370222, 0.928943, 0.0, 0.0, 0.0, 0.0, 1.0],
                [1.0, -0.000484, -0.000225, 0.0, 0.000534, 0.901355, 0.433084, 0.375166, -7e-06, -0.433082, 0.901354, 0.0, 0.0, 0.0, 0.0, 1.0],
                [1.0, -0.000542, -0.000255, 0.0, 0.000598, 0.874467, 0.485086, 0.375166, -4e-05, -0.485084, 0.874466, 0.0, 0.0, 0.0, 0.0, 1.0],
                [1.0, -0.000587, -0.000281, -0.0, 0.000647, 0.85133, 0.524632, 0.375166, -6.8e-05, -0.52463, 0.851329, 0.0, 0.0, 0.0, 0.0, 1.0],
                [1.0, -0.000617, -0.000301, 0.0, 0.00068, 0.834113, 0.551596, 0.375166, -9e-05, -0.551593, 0.834112, 0.0, 0.0, 0.0, 0.0, 1.0],
                [1.0, -0.000634, -0.000312, 0.0, 0.000699, 0.823602, 0.567169, 0.375166, -0.000102, -0.567166, 0.823602, 0.0, 0.0, 0.0, 0.0, 1.0],
                [0.999999, -0.00064, -0.000316, 0.0, 0.000706, 0.820163, 0.572132, 0.375166, -0.000107, -0.572129, 0.820162, 0.0, 0.0, 0.0, 0.0, 1.0],
                [1.0, -0.000639, -0.000316, 0.0, 0.000705, 0.820541, 0.571589, 0.375166, -0.000106, -0.571586, 0.82054, -0.0, 0.0, 0.0, 0.0, 1.0],
                [1.0, -0.000637, -0.000314, 0.0, 0.000703, 0.821685, 0.569944, 0.375166, -0.000105, -0.569941, 0.821684, -0.0, 0.0, 0.0, 0.0, 1.0],
                [1.0, -0.000634, -0.000312, -0.0, 0.000699, 0.823603, 0.567169, 0.375166, -0.000103, -0.567166, 0.823602, 0.0, 0.0, 0.0, 0.0, 1.0],
                [1.0, -0.00063, -0.000309, 0.0, 0.000694, 0.826413, 0.563066, 0.375166, -9.9e-05, -0.563063, 0.826412, 0.0, 0.0, 0.0, 0.0, 1.0],
                [1.0, -0.000624, -0.000305, -0.0, 0.000688, 0.829877, 0.557948, 0.375166, -9.5e-05, -0.557945, 0.829876, 0.0, 0.0, 0.0, 0.0, 1.0],
                [1.0, -0.000617, -0.000301, 0.0, 0.00068, 0.834113, 0.551596, 0.375166, -9e-05, -0.551593, 0.834112, 0.0, 0.0, 0.0, 0.0, 1.0],
                [1.0, -0.000608, -0.000295, 0.0, 0.000671, 0.839104, 0.543972, 0.375166, -8.3e-05, -0.543969, 0.839104, 0.0, 0.0, 0.0, 0.0, 1.0],
                [1.0, -0.000598, -0.000288, 0.0, 0.00066, 0.844862, 0.534987, 0.375166, -7.6e-05, -0.534984, 0.844861, 0.0, 0.0, 0.0, 0.0, 1.0],
                [1.0, -0.000587, -0.000281, 0.0, 0.000647, 0.85133, 0.524632, 0.375166, -6.8e-05, -0.52463, 0.851329, 0.0, 0.0, 0.0, 0.0, 1.0],
                [1.0, -0.000574, -0.000273, 0.0, 0.000633, 0.858454, 0.512892, 0.375166, -5.9e-05, -0.512889, 0.858453, -0.0, 0.0, 0.0, 0.0, 1.0],
                [1.0, -0.000559, -0.000265, 0.0, 0.000616, 0.866172, 0.499747, 0.375166, -5e-05, -0.499745, 0.866172, 0.0, 0.0, 0.0, 0.0, 1.0],
                [1.0, -0.000542, -0.000255, -0.0, 0.000598, 0.874467, 0.485086, 0.375166, -4e-05, -0.485084, 0.874466, 0.0, 0.0, 0.0, 0.0, 1.0],
                [1.0, -0.000525, -0.000246, 0.0, 0.000579, 0.883099, 0.469188, 0.375166, -2.9e-05, -0.469186, 0.883098, 0.0, 0.0, 0.0, 0.0, 1.0],
                [1.0, -0.000505, -0.000236, 0.0, 0.000557, 0.89209, 0.451861, 0.375166, -1.8e-05, -0.451858, 0.892089, -0.0, 0.0, 0.0, 0.0, 1.0],
                [1.0, -0.000484, -0.000225, 0.0, 0.000534, 0.901355, 0.433084, 0.375166, -7e-06, -0.433082, 0.901354, 0.0, 0.0, 0.0, 0.0, 1.0],
                [1.0, -0.000462, -0.000215, 0.0, 0.00051, 0.91059, 0.413313, 0.375166, 5e-06, -0.413311, 0.910589, -0.0, 0.0, 0.0, 0.0, 1.0],
                [1.0, -0.000438, -0.000205, 0.0, 0.000484, 0.919912, 0.392127, 0.375166, 1.6e-05, -0.392125, 0.919911, -0.0, 0.0, 0.0, 0.0, 1.0],
                [1.0, -0.000414, -0.000195, 0.0, 0.000457, 0.928944, 0.370223, 0.375166, 2.7e-05, -0.370222, 0.928943, 0.0, 0.0, 0.0, 0.0, 1.0],
                [1.0, -0.000388, -0.000185, -0.0, 0.000429, 0.937702, 0.347442, 0.375166, 3.8e-05, -0.34744, 0.937702, -0.0, 0.0, 0.0, 0.0, 1.0],
                [1.0, -0.000362, -0.000175, -0.0, 0.0004, 0.946068, 0.323971, 0.375166, 4.9e-05, -0.32397, 0.946067, -0.0, 0.0, 0.0, 0.0, 1.0],
                [1.0, -0.000336, -0.000167, -0.0, 0.00037, 0.953913, 0.300085, 0.375166, 5.8e-05, -0.300084, 0.953913, -0.0, 0.0, 0.0, 0.0, 1.0],
                [1.0, -0.000309, -0.000158, -0.0, 0.00034, 0.961143, 0.276053, 0.375166, 6.7e-05, -0.276052, 0.961142, -0.0, 0.0, 0.0, 0.0, 1.0],
                [1.0, -0.000282, -0.000151, 0.0, 0.000311, 0.967672, 0.252216, 0.375166, 7.5e-05, -0.252215, 0.967671, -0.0, 0.0, 0.0, 0.0, 1.0],
                [1.0, -0.000256, -0.000145, 0.0, 0.000282, 0.973429, 0.228992, 0.375166, 8.2e-05, -0.228992, 0.973428, -0.0, 0.0, 0.0, 0.0, 1.0],
                [1.0, -0.000231, -0.000139, 0.0, 0.000255, 0.978361, 0.206907, 0.375166, 8.8e-05, -0.206907, 0.978361, 0.0, 0.0, 0.0, 0.0, 1.0],
                [1.0, -0.000209, -0.000135, 0.0, 0.00023, 0.982427, 0.186647, 0.375166, 9.3e-05, -0.186646, 0.982427, 0.0, 0.0, 0.0, 0.0, 1.0],
                [1.0, -0.000189, -0.000131, -0.0, 0.000209, 0.985602, 0.169081, 0.375166, 9.7e-05, -0.169081, 0.985602, 0.0, 0.0, 0.0, 0.0, 1.0],
                [1.0, -0.000174, -0.000129, 0.0, 0.000192, 0.98787, 0.155284, 0.375166, 0.0001, -0.155284, 0.98787, 0.0, 0.0, 0.0, 0.0, 1.0],
                [1.0, -0.000164, -0.000127, -0.0, 0.000181, 0.989227, 0.146394, 0.375166, 0.000102, -0.146394, 0.989226, 0.0, 0.0, 0.0, 0.0, 1.0],
                [1.0, -0.00016, -0.000127, 0.0, 0.000177, 0.989676, 0.143328, 0.375166, 0.000102, -0.143328, 0.989675, 0.0, 0.0, 0.0, 0.0, 1.0]
            ]
        },
        {
            "name": "Knee_R",
            "time": [0.0, 0.0167, 0.0333, 0.05, 0.0667, 0.0833, 0.1, 0.1167, 0.1333, 0.15, 0.1667, 0.1833, 0.2, 0.2167, 0.2333, 0.25, 0.2667, 0.2833, 0.3, 0.3167, 0.3333, 0.35, 0.3667, 0.3833, 0.4, 0.4167, 0.4333, 0.45, 0.4667, 0.4833, 0.5, 0.5167, 0.5333, 0.55, 0.5667, 0.5833, 0.6, 0.6167, 0.6333, 0.65, 0.6667],
            "transform": [
                [1.0, -5.7e-05, 5.4e-05, 0.0, 5.7e-05, 0.048757, -0.998811, 0.375166, 5.4e-05, 0.998811, 0.048757, 0.0, 0.0, 0.0, 0.0, 1.0],
                [1.0, -5.7e-05, 5.4e-05, -0.0, 5.7e-05, 0.048757, -0.998811, 0.375166, 5.4e-05, 0.998811, 0.048757, 0.0, 0.0, 0.0, 0.0, 1.0],
                [1.0, -5.7e-05, 5.4e-05, 0.0, 5.7e-05, 0.048757, -0.998811, 0.375166, 5.4e-05, 0.998811, 0.048757, -0.0, 0.0, 0.0, 0.0, 1.0],
                [1.0, -5.7e-05, 5.4e-05, -0.0, 5.7e-05, 0.048757, -0.998811, 0.375166, 5.4e-05, 0.998811, 0.048757, -0.0, 0.0, 0.0, 0.0, 1.0],
                [1.0, -5.7e-05, 5.4e-05, 0.0, 5.7e-05, 0.048757, -0.998811, 0.375166, 5.4e-05, 0.998811, 0.048757, 0.0, 0.0, 0.0, 0.0, 1.0],
                [1.0, -5.7e-05, 5.4e-05, 0.0, 5.7e-05, 0.048757, -0.998811, 0.375166, 5.4e-05, 0.998811, 0.048757, 0.0, 0.0, 0.0, 0.0, 1.0],
                [1.0, -5.7e-05, 5.4e-05, 0.0, 5.7e-05, 0.048757, -0.99881, 0.375166, 5.4e-05, 0.998811, 0.048757, 0.0, 0.0, 0.0, 0.0, 1.0],
                [1.0, -5.7e-05, 5.4e-05, -0.0, 5.7e-05, 0.048757, -0.998811, 0.375166, 5.4e-05, 0.998811, 0.048757, 0.0, 0.0, 0.0, 0.0, 1.0],
                [1.0, -5.7e-05, 5.4e-05, 0.0, 5.7e-05, 0.048757, -0.998811, 0.375166, 5.4e-05, 0.998811, 0.048757, 0.0, 0.0, 0.0, 0.0, 1.0],
                [1.0, -5.7e-05, 5.4e-05, 0.0, 5.7e-05, 0.048757, -0.99881, 0.375166, 5.4e-05, 0.998811, 0.048757, 0.0, 0.0, 0.0, 0.0, 1.0],
                [1.0, -5.7e-05, 5.4e-05, 0.0, 5.7e-05, 0.048757, -0.998811, 0.375166, 5.4e-05, 0.998811, 0.048757, 0.0, 0.0, 0.0, 0.0, 1.0],
                [1.0, -5.7e-05, 5.4e-05, 0.0, 5.7e-05, 0.048757, -0.998811, 0.375166, 5.4e-05, 0.998811, 0.048757, -0.0, 0.0, 0.0, 0.0, 1.0],
                [1.0, -5.7e-05, 5.4e-05, 0.0, 5.7e-05, 0.048757, -0.998811, 0.375166, 5.4e-05, 0.99881, 0.048757, -0.0, 0.0, 0.0, 0.0, 1.0],
                [1.0, -5.7e-05, 5.4e-05, -0.0, 5.7e-05, 0.048757, -0.998811, 0.375166, 5.4e-05, 0.998811, 0.048757, 0.0, 0.0, 0.0, 0.0, 1.0],
                [1.0, -5.7e-05, 5.4e-05, 0.0, 5.7e-05, 0.048757, -0.998811, 0.375166, 5.4e-05, 0.998811, 0.048757, 0.0, 0.0, 0.0, 0.0, 1.0],
                [1.0, -5.7e-05, 5.4e-05, -0.0, 5.7e-05, 0.048757, -0.998811, 0.375166, 5.4e-05, 0.998811, 0.048757, 0.0, 0.0, 0.0, 0.0, 1.0],
                [1.0, -5.7e-05, 5.4e-05, 0.0, 5.7e-05, 0.048757, -0.998811, 0.375166, 5.4e-05, 0.998811, 0.048757, 0.0, 0.0, 0.0, 0.0, 1.0],
                [1.0, -5.7e-05, 5.4e-05, 0.0, 5.7e-05, 0.048757, -0.998811, 0.375166, 5.4e-05, 0.998811, 0.048757, 0.0, 0.0, 0.0, 0.0, 1.0],
                [1.0, -5.7e-05, 5.4e-05, 0.0, 5.7e-05, 0.048757, -0.998811, 0.375166, 5.4e-05, 0.998811, 0.048757, 0.0, 0.0, 0.0, 0.0, 1.0],
                [1.0, -5.7e-05, 5.4e-05, 0.0, 5.7e-05, 0.048757, -0.998811, 0.375166, 5.4e-05, 0.998811, 0.048757, 0.0, 0.0, 0.0, 0.0, 1.0],
                [1.0, -5.7e-05, 5.4e-05, 0.0, 5.7e-05, 0.048757, -0.998811, 0.375166, 5.4e-05, 0.998811, 0.048757, -0.0, 0.0, 0.0, 0.0, 1.0],
                [1.0, -5.7e-05, 5.4e-05, 0.0, 5.7e-05, 0.048757, -0.998811, 0.375166, 5.4e-05, 0.998811, 0.048757, 0.0, 0.0, 0.0, 0.0, 1.0],
                [1.0, -5.7e-05, 5.4e-05, -0.0, 5.7e-05, 0.048757, -0.99881, 0.375166, 5.4e-05, 0.998811, 0.048757, 0.0, 0.0, 0.0, 0.0, 1.0],
                [1.0, -5.7e-05, 5.4e-05, 0.0, 5.7e-05, 0.048757, -0.998811, 0.375166, 5.4e-05, 0.998811, 0.048757, 0.0, 0.0, 0.0, 0.0, 1.0],
                [1.0, -5.7e-05, 5.4e-05, 0.0, 5.7e-05, 0.048757, -0.998811, 0.375166, 5.4e-05, 0.998811, 0.048757, -0.0, 0.0, 0.0, 0.0, 1.0],
                [1.0, -5.7e-05, 5.4e-05, 0.0, 5.7e-05, 0.048757, -0.998811, 0.375166, 5.4e-05, 0.998811, 0.048757, 0.0, 0.0, 0.0, 0.0, 1.0],
                [1.0, -5.7e-05, 5.4e-05, 0.0, 5.7e-05, 0.048757, -0.998811, 0.375166, 5.4e-05, 0.998811, 0.048757, -0.0, 0.0, 0.0, 0.0, 1.0],
                [1.0, -5.7e-05, 5.4e-05, 0.0, 5.7e-05, 0.048757, -0.998811, 0.375166, 5.4e-05, 0.998811, 0.048757, -0.0, 0.0, 0.0, 0.0, 1.0],
                [1.0, -5.7e-05, 5.4e-05, 0.0, 5.7e-05, 0.048757, -0.998811, 0.375166, 5.4e-05, 0.998811, 0.048757, 0.0, 0.0, 0.0, 0.0, 1.0],
                [1.0, -5.7e-05, 5.4e-05, -0.0, 5.7e-05, 0.048757, -0.998811, 0.375166, 5.4e-05, 0.998811, 0.048757, -0.0, 0.0, 0.0, 0.0, 1.0],
                [1.0, -5.7e-05, 5.4e-05, -0.0, 5.7e-05, 0.048757, -0.998811, 0.375166, 5.4e-05, 0.998811, 0.048757, -0.0, 0.0, 0.0, 0.0, 1.0],
                [1.0, -5.7e-05, 5.4e-05, -0.0, 5.7e-05, 0.048757, -0.998811, 0.375166, 5.4e-05, 0.998811, 0.048757, -0.0, 0.0, 0.0, 0.0, 1.0],
                [1.0, -5.7e-05, 5.4e-05, -0.0, 5.7e-05, 0.048757, -0.998811, 0.375166, 5.4e-05, 0.998811, 0.048757, -0.0, 0.0, 0.0, 0.0, 1.0],
                [1.0, -5.7e-05, 5.4e-05, 0.0, 5.7e-05, 0.048757, -0.998811, 0.375166, 5.4e-05, 0.998811, 0.048757, -0.0, 0.0, 0.0, 0.0, 1.0],
                [1.0, -5.7e-05, 5.4e-05, 0.0, 5.7e-05, 0.048757, -0.998811, 0.375166, 5.4e-05, 0.998811, 0.048757, -0.0, 0.0, 0.0, 0.0, 1.0],
                [1.0, -5.7e-05, 5.4e-05, 0.0, 5.7e-05, 0.048757, -0.998811, 0.375166, 5.4e-05, 0.998811, 0.048757, 0.0, 0.0, 0.0, 0.0, 1.0],
                [1.0, -5.7e-05, 5.4e-05, 0.0, 5.7e-05, 0.048757, -0.998811, 0.375166, 5.4e-05, 0.998811, 0.048757, 0.0, 0.0, 0.0, 0.0, 1.0],
                [1.0, -5.7e-05, 5.4e-05, -0.0, 5.7e-05, 0.048757, -0.998811, 0.375166, 5.4e-05, 0.998811, 0.048757, 0.0, 0.0, 0.0, 0.0, 1.0],
                [1.0, -5.7e-05, 5.4e-05, 0.0, 5.7e-05, 0.048757, -0.998811, 0.375166, 5.4e-05, 0.998811, 0.048757, 0.0, 0.0, 0.0, 0.0, 1.0],
                [1.0, -5.7e-05, 5.4e-05, -0.0, 5.7e-05, 0.048757, -0.998811, 0.375166, 5.4e-05, 0.998811, 0.048757, 0.0, 0.0, 0.0, 0.0, 1.0],
                [1.0, -5.7e-05, 5.4e-05, 0.0, 5.7e-05, 0.048757, -0.998811, 0.375166, 5.4e-05, 0.998811, 0.048757, 0.0, 0.0, 0.0, 0.0, 1.0]
            ]
        },
        {
            "name": "Thigh_L",
            "time": [0.0, 0.0167, 0.0333, 0.05, 0.0667, 0.0833, 0.1, 0.1167, 0.1333, 0.15, 0.1667, 0.1833, 0.2, 0.2167, 0.2333, 0.25, 0.2667, 0.2833, 0.3, 0.3167, 0.3333, 0.35, 0.3667, 0.3833, 0.4, 0.4167, 0.4333, 0.45, 0.4667, 0.4833, 0.5, 0.5167, 0.5333, 0.55, 0.5667, 0.5833, 0.6, 0.6167, 0.6333, 0.65, 0.6667],
            "transform": [
                [0.908762, -0.115005, -0.401157, -0.125006, -0.011201, -0.967652, 0.252038, -0.002831, -0.417165, -0.224549, -0.880657, -1.2e-05, 0.0, 0.0, 0.0, 1.0],
                [0.908884, -0.116943, -0.400319, -0.125006, -0.010499, -0.965993, 0.258354, -0.002831, -0.416917, -0.23061, -0.879207, -1.2e-05, 0.0, 0.0, 0.0, 1.0],
                [0.909248, -0.122094, -0.397947, -0.125006, -0.008387, -0.961195, 0.275743, -0.002831, -0.41617, -0.247381, -0.874992, -1.2e-05, 0.0, 0.0, 0.0, 1.0],
                [0.909831, -0.128964, -0.394434, -0.125006, -0.004951, -0.95379, 0.300432, -0.002831, -0.41495, -0.271389, -0.86843, -1.2e-05, 0.0, 0.0, 0.0, 1.0],
                [0.910574, -0.136153, -0.39028, -0.125006, -0.000454, -0.944522, 0.328447, -0.002831, -0.413346, -0.298898, -0.860123, -1.2e-05, 0.0, 0.0, 0.0, 1.0],
                [0.911391, -0.142685, -0.386016, -0.125006, 0.004644, -0.934347, 0.356334, -0.002831, -0.411515, -0.326552, -0.850897, -1.2e-05, 0.0, 0.0, 0.0, 1.0],
                [0.912182, -0.148013, -0.382123, -0.125006, 0.009745, -0.924391, 0.381322, -0.002831, -0.409671, -0.351558, -0.841774, -1.2e-05, 0.0, 0.0, 0.0, 1.0],
                [0.912857, -0.151952, -0.378952, -0.125006, 0.01425, -0.915739, 0.401521, -0.002831, -0.408031, -0.371931, -0.833777, -1.2e-05, 0.0, 0.0, 0.0, 1.0],
                [0.913359, -0.154567, -0.376678, -0.125006, 0.017696, -0.909196, 0.415992, -0.002831, -0.406771, -0.386615, -0.827691, -1.2e-05, 0.0, 0.0, 0.0, 1.0],
                [0.913661, -0.156016, -0.375344, -0.125006, 0.019816, -0.905211, 0.4245, -0.002831, -0.405993, -0.395287, -0.823969, -1.2e-05, 0.0, 0.0, 0.0, 1.0],
                [0.913761, -0.156474, -0.374911, -0.125006, 0.02052, -0.903892, 0.427268, -0.002831, -0.405734, -0.398113, -0.822734, -1.2e-05, 0.0, 0.0, 0.0, 1.0],
                [0.91375, -0.156424, -0.374958, -0.125006, 0.020442, -0.904038, 0.426964, -0.002831, -0.405762, -0.397803, -0.82287, -1.2e-05, 0.0, 0.0, 0.0, 1.0],
                [0.913717, -0.156273, -0.375102, -0.125006, 0.020208, -0.904476, 0.426046, -0.002831, -0.405848, -0.396865, -0.823281, -1.2e-05, 0.0, 0.0, 0.0, 1.0],
                [0.913661, -0.156016, -0.375344, -0.125006, 0.019816, -0.905211, 0.4245, -0.002831, -0.405993, -0.395287, -0.823969, -1.2e-05, 0.0, 0.0, 0.0, 1.0],
                [0.913583, -0.155651, -0.375686, -0.125006, 0.019265, -0.906244, 0.422317, -0.002831, -0.406195, -0.393059, -0.824934, -1.2e-05, 0.0, 0.0, 0.0, 1.0],
                [0.913482, -0.15517, -0.37613, -0.125006, 0.018557, -0.907573, 0.419485, -0.002831, -0.406455, -0.390172, -0.826176, -1.2e-05, 0.0, 0.0, 0.0, 1.0],
                [0.913359, -0.154567, -0.376678, -0.125006, 0.017696, -0.909196, 0.415992, -0.002831, -0.406771, -0.386615, -0.827691, -1.2e-05, 0.0, 0.0, 0.0, 1.0],
                [0.913213, -0.153832, -0.377331, -0.125006, 0.016686, -0.911108, 0.41183, -0.002831, -0.407141, -0.382384, -0.829473, -1.2e-05, 0.0, 0.0, 0.0, 1.0],
                [0.913045, -0.152963, -0.37809, -0.125006, 0.015534, -0.913294, 0.407004, -0.002831, -0.407562, -0.377486, -0.831507, -1.2e-05, 0.0, 0.0, 0.0, 1.0],
                [0.912857, -0.151952, -0.378952, -0.125006, 0.01425, -0.915739, 0.401521, -0.002831, -0.408031, -0.371931, -0.833777, -1.2e-05, 0.0, 0.0, 0.0, 1.0],
                [0.912649, -0.150793, -0.379914, -0.125006, 0.012847, -0.918421, 0.395396, -0.002831, -0.408543, -0.365738, -0.836262, -1.2e-05, 0.0, 0.0, 0.0, 1.0],
                [0.912423, -0.14948, -0.380974, -0.125006, 0.011339, -0.921315, 0.388651, -0.002831, -0.409091, -0.358934, -0.838938, -1.2e-05, 0.0, 0.0, 0.0, 1.0],
                [0.912182, -0.148013, -0.382123, -0.125006, 0.009745, -0.924391, 0.381322, -0.002831, -0.409671, -0.351558, -0.841774, -1.2e-05, 0.0, 0.0, 0.0, 1.0],
                [0.911927, -0.14639, -0.383354, -0.125006, 0.008083, -0.927614, 0.373453, -0.002831, -0.410273, -0.34366, -0.844737, -1.2e-05, 0.0, 0.0, 0.0, 1.0],
                [0.911662, -0.144612, -0.384656, -0.125006, 0.006375, -0.930946, 0.365101, -0.002831, -0.41089, -0.3353, -0.847791, -1.2e-05, 0.0, 0.0, 0.0, 1.0],
                [0.911391, -0.142685, -0.386016, -0.125006, 0.004644, -0.934347, 0.356334, -0.002831, -0.411515, -0.326552, -0.850897, -1.2e-05, 0.0, 0.0, 0.0, 1.0],
                [0.911117, -0.140623, -0.387418, -0.125006, 0.002913, -0.937772, 0.347239, -0.002831, -0.412138, -0.317504, -0.854014, -1.2e-05, 0.0, 0.0, 0.0, 1.0],
                [0.910843, -0.138438, -0.388845, -0.125006, 0.001206, -0.941178, 0.33791, -0.002831, -0.412751, -0.308251, -0.857102, -1.2e-05, 0.0, 0.0, 0.0, 1.0],
                [0.910574, -0.136153, -0.39028, -0.125006, -0.000454, -0.944522, 0.328447, -0.002831, -0.413346, -0.298898, -0.860123, -1.2e-05, 0.0, 0.0, 0.0, 1.0],
                [0.910313, -0.13379, -0.391703, -0.125006, -0.002046, -0.947765, 0.318964, -0.002831, -0.413915, -0.289556, -0.86304, -1.2e-05, 0.0, 0.0, 0.0, 1.0],
                [0.910064, -0.131382, -0.393094, -0.125006, -0.003551, -0.950866, 0.309584, -0.002831, -0.414452, -0.280345, -0.865819, -1.2e-05, 0.0, 0.0, 0.0, 1.0],
                [0.909831, -0.128964, -0.394434, -0.125006, -0.004951, -0.95379, 0.300432, -0.002831, -0.414951, -0.271389, -0.86843, -1.2e-05, 0.0, 0.0, 0.0, 1.0],
                [0.909615, -0.126577, -0.395702, -0.125006, -0.006231, -0.956506, 0.291644, -0.002831, -0.415406, -0.262818, -0.870845, -1.2e-05, 0.0, 0.0, 0.0, 1.0],
                [0.90942, -0.12427, -0.396879, -0.125006, -0.00738, -0.958983, 0.283366, -0.002831, -0.415813, -0.254769, -0.87304, -1.2e-05, 0.0, 0.0, 0.0, 1.0],
                [0.909248, -0.122094, -0.397947, -0.125006, -0.008387, -0.961195, 0.275743, -0.002831, -0.41617, -0.247381, -0.874992, -1.2e-05, 0.0, 0.0, 0.0, 1.0],
                [0.909101, -0.120108, -0.398888, -0.125006, -0.009245, -0.963115, 0.26893, -0.002831, -0.416474, -0.240797, -0.876683, -1.2e-05, 0.0, 0.0, 0.0, 1.0],
                [0.908979, -0.118371, -0.399683, -0.125006, -0.009951, -0.964721, 0.263085, -0.002831, -0.416723, -0.235161, -0.878093, -1.2e-05, 0.0, 0.0, 0.0, 1.0],
                [0.908884, -0.116943, -0.400319, -0.125006, -0.010499, -0.965993, 0.258354, -0.002831, -0.416917, -0.23061, -0.879207, -1.2e-05, 0.0, 0.0, 0.0, 1.0],
                [0.908816, -0.11588, -0.400782, -0.125006, -0.01089, -0.966912, 0.254876, -0.002831, -0.417055, -0.22727, -0.880011, -1.2e-05, 0.0, 0.0, 0.0, 1.0],
                [0.908775, -0.115226, -0.401063, -0.125006, -0.011123, -0.967467, 0.252752, -0.002831, -0.417137, -0.225233, -0.880496, -1.2e-05, 0.0, 0.0, 0.0, 1.0],
                [0.908762, -0.115005, -0.401157, -0.125006, -0.011201, -0.967652, 0.252038, -0.002831, -0.417165, -0.224549, -0.880657, -1.2e-05, 0.0, 0.0, 0.0, 1.0]
            ]
        },
        {
            "name": "Leg_L",
            "time": [0.0, 0.0167, 0.0333, 0.05, 0.0667, 0.0833, 0.1, 0.1167, 0.1333, 0.15, 0.1667, 0.1833, 0.2, 0.2167, 0.2333, 0.25, 0.2667, 0.2833, 0.3, 0.3167, 0.3333, 0.35, 0.3667, 0.3833, 0.4, 0.4167, 0.4333, 0.45, 0.4667, 0.4833, 0.5, 0.5167, 0.5333, 0.55, 0.5667, 0.5833, 0.6, 0.6167, 0.6333, 0.65, 0.6667],
            "transform": [
                [1.0, 0.0, 1e-06, -0.0, -0.0, 0.986987, 0.160802, 0.375166, -1e-06, -0.160802, 0.986987, 0.0, 0.0, 0.0, 0.0, 1.0],
                [1.0, 0.0, 1e-06, -0.0, -1e-06, 0.985387, 0.170335, 0.375166, -1e-06, -0.170335, 0.985386, -0.0, 0.0, 0.0, 0.0, 1.0],
                [1.0, 0.0, 1e-06, -0.0, -1e-06, 0.980656, 0.195741, 0.375166, -1e-06, -0.195741, 0.980656, -0.0, 0.0, 0.0, 0.0, 1.0],
                [1.0, 1e-06, 1e-06, -0.0, -1e-06, 0.973242, 0.229787, 0.375166, -1e-06, -0.229787, 0.973241, 0.0, 0.0, 0.0, 0.0, 1.0],
                [1.0, 1e-06, 1e-06, 0.0, -1e-06, 0.964059, 0.265689, 0.375166, -1e-06, -0.265688, 0.964059, -0.0, 0.0, 0.0, 0.0, 1.0],
                [1.0, 1e-06, 1e-06, -0.0, -1e-06, 0.954367, 0.29864, 0.375166, -1e-06, -0.298639, 0.954366, -0.0, 0.0, 0.0, 0.0, 1.0],
                [1.0, 1e-06, 1e-06, 0.0, -1e-06, 0.945428, 0.325834, 0.375166, -1e-06, -0.325833, 0.945427, -0.0, 0.0, 0.0, 0.0, 1.0],
                [1.0, 1e-06, 1e-06, 0.0, -1e-06, 0.938164, 0.346195, 0.375166, -1e-06, -0.346193, 0.938163, -0.0, 0.0, 0.0, 0.0, 1.0],
                [1.0, 1e-06, 1e-06, -0.0, -1e-06, 0.933002, 0.359874, 0.375166, -0.0, -0.359872, 0.933001, 0.0, 0.0, 0.0, 0.0, 1.0],
                [1.0, 1e-06, 1e-06, -0.0, -1e-06, 0.930012, 0.367531, 0.375166, -0.0, -0.36753, 0.930012, -0.0, 0.0, 0.0, 0.0, 1.0],
                [1.0, 1e-06, 1e-06, 0.0, -1e-06, 0.929048, 0.369961, 0.375166, -0.0, -0.36996, 0.929048, -0.0, 0.0, 0.0, 0.0, 1.0],
                [1.0, 1e-06, 1e-06, 0.0, -1e-06, 0.929154, 0.369696, 0.375166, -1e-06, -0.369694, 0.929153, 0.0, 0.0, 0.0, 0.0, 1.0],
                [1.0, 1e-06, 1e-06, -0.0, -1e-06, 0.929473, 0.368892, 0.375166, -1e-06, -0.368891, 0.929472, 0.0, 0.0, 0.0, 0.0, 1.0],
                [1.0, 1e-06, 1e-06, -0.0, -1e-06, 0.930012, 0.367531, 0.375166, -0.0, -0.36753, 0.930012, -0.0, 0.0, 0.0, 0.0, 1.0],
                [1.0, 1e-06, 1e-06, -0.0, -1e-06, 0.930776, 0.365594, 0.375166, -1e-06, -0.365592, 0.930775, -0.0, 0.0, 0.0, 0.0, 1.0],
                [1.0, 1e-06, 1e-06, 0.0, -1e-06, 0.931769, 0.363054, 0.375166, -1e-06, -0.363052, 0.931769, -0.0, 0.0, 0.0, 0.0, 1.0],
                [1.0, 1e-06, 1e-06, -0.0, -1e-06, 0.933002, 0.359874, 0.375166, -0.0, -0.359872, 0.933001, 0.0, 0.0, 0.0, 0.0, 1.0],
                [1.0, 1e-06, 1e-06, -0.0, -1e-06, 0.93448, 0.356017, 0.375166, -0.0, -0.356016, 0.93448, -0.0, 0.0, 0.0, 0.0, 1.0],
                [1.0, 1e-06, 1e-06, 0.0, -1e-06, 0.936201, 0.351468, 0.375166, -0.0, -0.351466, 0.9362, 0.0, 0.0, 0.0, 0.0, 1.0],
                [1.0, 1e-06, 1e-06, -0.0, -1e-06, 0.938164, 0.346195, 0.375166, -1e-06, -0.346193, 0.938163, -0.0, 0.0, 0.0, 0.0, 1.0],
                [1.0, 1e-06, 1e-06, -0.0, -1e-06, 0.940363, 0.340175, 0.375166, -1e-06, -0.340174, 0.940362, 0.0, 0.0, 0.0, 0.0, 1.0],
                [1.0, 1e-06, 1e-06, 0.0, -1e-06, 0.94279, 0.33339, 0.375166, -1e-06, -0.333389, 0.942789, 0.0, 0.0, 0.0, 0.0, 1.0],
                [1.0, 1e-06, 1e-06, -0.0, -1e-06, 0.945428, 0.325834, 0.375166, -1e-06, -0.325833, 0.945427, -0.0, 0.0, 0.0, 0.0, 1.0],
                [1.0, 1e-06, 1e-06, 0.0, -1e-06, 0.948256, 0.31751, 0.375166, -1e-06, -0.317509, 0.948255, 0.0, 0.0, 0.0, 0.0, 1.0],
                [1.0, 1e-06, 1e-06, 0.0, -1e-06, 0.951247, 0.308433, 0.375166, -1e-06, -0.308432, 0.951246, 0.0, 0.0, 0.0, 0.0, 1.0],
                [1.0, 1e-06, 1e-06, -0.0, -1e-06, 0.954367, 0.29864, 0.375166, -1e-06, -0.298639, 0.954366, -0.0, 0.0, 0.0, 0.0, 1.0],
                [1.0, 1e-06, 1e-06, -0.0, -1e-06, 0.957573, 0.288195, 0.375166, -1e-06, -0.288194, 0.957572, 0.0, 0.0, 0.0, 0.0, 1.0],
                [1.0, 1e-06, 1e-06, -0.0, -1e-06, 0.96082, 0.277177, 0.375166, -1e-06, -0.277176, 0.960819, -0.0, 0.0, 0.0, 0.0, 1.0],
                [1.0, 1e-06, 1e-06, 0.0, -1e-06, 0.964059, 0.265689, 0.375166, -1e-06, -0.265688, 0.964059, -0.0, 0.0, 0.0, 0.0, 1.0],
                [1.0, 1e-06, 1e-06, 0.0, -1e-06, 0.967243, 0.253854, 0.375166, -1e-06, -0.253853, 0.967243, 0.0, 0.0, 0.0, 0.0, 1.0],
                [1.0, 1e-06, 1e-06, -0.0, -1e-06, 0.970319, 0.24183, 0.375166, -1e-06, -0.241829, 0.970319, -0.0, 0.0, 0.0, 0.0, 1.0],
                [1.0, 1e-06, 1e-06, 0.0, -1e-06, 0.973242, 0.229787, 0.375166, -1e-06, -0.229787, 0.973241, -0.0, 0.0, 0.0, 0.0, 1.0],
                [1.0, 0.0, 1e-06, 0.0, -1e-06, 0.975964, 0.217934, 0.375166, -1e-06, -0.217933, 0.975964, -0.0, 0.0, 0.0, 0.0, 1.0],
                [1.0, 0.0, 1e-06, 0.0, -1e-06, 0.978447, 0.2065, 0.375166, -1e-06, -0.2065, 0.978447, -0.0, 0.0, 0.0, 0.0, 1.0],
                [1.0, 0.0, 1e-06, -0.0, -1e-06, 0.980656, 0.195741, 0.375166, -1e-06, -0.195741, 0.980656, -0.0, 0.0, 0.0, 0.0, 1.0],
                [1.0, 0.0, 1e-06, 0.0, -1e-06, 0.982563, 0.185931, 0.375166, -1e-06, -0.185931, 0.982563, 0.0, 0.0, 0.0, 0.0, 1.0],
                [1.0, 0.0, 1e-06, 0.0, -1e-06, 0.984145, 0.177367, 0.375166, -1e-06, -0.177367, 0.984145, 0.0, 0.0, 0.0, 0.0, 1.0],
                [1.0, 0.0, 1e-06, -0.0, -1e-06, 0.985387, 0.170335, 0.375166, -1e-06, -0.170335, 0.985386, -0.0, 0.0, 0.0, 0.0, 1.0],
                [1.0, 0.0, 1e-06, 0.0, -1e-06, 0.986276, 0.165106, 0.375166, -1e-06, -0.165106, 0.986276, -0.0, 0.0, 0.0, 0.0, 1.0],
                [1.0, 0.0, 1e-06, 0.0, -0.0, 0.98681, 0.161889, 0.375166, -1e-06, -0.161889, 0.986809, 0.0, 0.0, 0.0, 0.0, 1.0],
                [1.0, 0.0, 1e-06, -0.0, -0.0, 0.986987, 0.160802, 0.375166, -1e-06, -0.160802, 0.986987, 0.0, 0.0, 0.0, 0.0, 1.0]
            ]
        },
        {
            "name": "Knee_L",
