{
    "animation": [
        {
            "name": "Root",
            "time": [0.0, 0.0167, 0.0333, 0.05, 0.0667, 0.0833, 0.1, 0.1167, 0.1333, 0.15, 0.1667, 0.1833, 0.2, 0.2167, 0.2333, 0.25, 0.2667, 0.2833, 0.3, 2.0],
            "transform": [
                [0.987076, 0.0, 0.160251, -5e-06, 0.160251, 0.0, -0.987076, 0.000946, 0.0, 1.0, 0.0, 0.739346, 0.0, 0.0, 0.0, 1.0],
                [0.986191, 0.0, 0.16561, 0.000955, 0.16561, 0.0, -0.986191, 0.000238, 0.0, 1.0, 0.0, 0.738582, 0.0, 0.0, 0.0, 1.0],
                [0.983332, 0.0, 0.181817, 0.003854, 0.181817, 0.0, -0.983332, -0.001905, 0.0, 1.0, 0.0, 0.736357, 0.0, 0.0, 0.0, 1.0],
                [0.97794, 0.0, 0.208888, 0.008697, 0.208888, 0.0, -0.97794, -0.005484, 0.0, 1.0, 0.0, 0.73316, 0.0, 0.0, 0.0, 1.0],
                [0.969145, 0.0, 0.24649, 0.015432, 0.24649, 0.0, -0.969145, -0.01046, 0.0, 1.0, 0.0, 0.729963, 0.0, 0.0, 0.0, 1.0],
                [0.95587, 0.0, 0.29379, 0.02394, 0.29379, 0.0, -0.95587, -0.016748, 0.0, 1.0, 0.0, 0.727739, 0.0, 0.0, 0.0, 1.0],
                [0.937007, 0.0, 0.34931, 0.034021, 0.34931, 0.0, -0.937007, -0.024198, 0.0, 1.0, 0.0, 0.726974, 0.0, 0.0, 0.0, 1.0],
                [0.911698, 0.0, 0.410862, 0.045388, 0.410862, 0.0, -0.911698, -0.032598, 0.0, 1.0, 0.0, 0.727624, 0.0, 0.0, 0.0, 1.0],
                [0.879644, 0.0, 0.475632, 0.05767, 0.475632, 0.0, -0.879644, -0.041673, 0.0, 1.0, 0.0, 0.728853, 0.0, 0.0, 0.0, 1.0],
                [0.841375, 0.0, 0.540451, 0.070427, 0.540451, 0.0, -0.841375, -0.0511, 0.0, 1.0, 0.0, 0.730273, 0.0, 0.0, 0.0, 1.0],
                [0.79834, 0.0, 0.602208, 0.083184, 0.602208, 0.0, -0.79834, -0.060527, 0.0, 1.0, 0.0, 0.731745, 0.0, 0.0, 0.0, 1.0],
                [0.752763, 0.0, 0.658291, 0.095465, 0.658291, 0.0, -0.752763, -0.069603, 0.0, 1.0, 0.0, 0.733195, 0.0, 0.0, 0.0, 1.0],
                [0.707309, 0.0, 0.706904, 0.106832, 0.706904, 0.0, -0.707309, -0.078003, 0.0, 1.0, 0.0, 0.734577, 0.0, 0.0, 0.0, 1.0],
                [0.66466, 0.0, 0.747146, 0.116914, 0.747146, 0.0, -0.66466, -0.085453, 0.0, 1.0, 0.0, 0.735852, 0.0, 0.0, 0.0, 1.0],
                [0.627164, 0.0, 0.778887, 0.125422, 0.778887, 0.0, -0.627164, -0.09174, 0.0, 1.0, 0.0, 0.736984, 0.0, 0.0, 0.0, 1.0],
                [0.596624, 0.0, 0.802521, 0.132156, 0.802521, 0.0, -0.596624, -0.096717, 0.0, 1.0, 0.0, 0.737941, 0.0, 0.0, 0.0, 1.0],
                [0.574247, 0.0, 0.818682, 0.136999, 0.818682, 0.0, -0.574247, -0.100295, 0.0, 1.0, 0.0, 0.738684, 0.0, 0.0, 0.0, 1.0],
                [0.560697, 0.0, 0.828021, 0.139899, 0.828021, 0.0, -0.560697, -0.102438, 0.0, 1.0, 0.0, 0.73917, 0.0, 0.0, 0.0, 1.0],
                [0.556191, 0.0, 0.831055, 0.140858, 0.831055, 0.0, -0.556191, -0.103147, 0.0, 1.0, 0.0, 0.739346, 0.0, 0.0, 0.0, 1.0],
                [0.556191, 0.0, 0.831055, 0.140858, 0.831055, 0.0, -0.556191, -0.103147, 0.0, 1.0, 0.0, 0.739346, 0.0, 0.0, 0.0, 1.0]
            ]
        },
        {
            "name": "Thigh_R",
            "time": [0.0, 0.0167, 0.0333, 0.05, 0.0667, 0.0833, 0.1, 0.1167, 0.1333, 0.15, 0.1667, 0.1833, 0.2, 0.2167, 0.2333, 0.25, 0.2667, 0.2833, 0.3, 2.0],
            "transform": [
                [0.961653, 0.225772, 0.155718, 0.124994, 0.180479, -0.948441, 0.260546, -0.002831, 0.206521, -0.222452, -0.952781, -1.2e-05, 0.0, 0.0, 0.0, 1.0],
                [0.9598, 0.228394, 0.163151, 0.124994, 0.179465, -0.946293, 0.268922, -0.002831, 0.215817, -0.228833, -0.949203, -1.2e-05, 0.0, 0.0, 0.0, 1.0],
                [0.953692, 0.236507, 0.185829, 0.124994, 0.176276, -0.940096, 0.291794, -0.002831, 0.243717, -0.245525, -0.938215, -1.2e-05, 0.0, 0.0, 0.0, 1.0],
                [0.941884, 0.250135, 0.224236, 0.124994, 0.170517, -0.931117, 0.322399, -0.002831, 0.289444, -0.265427, -0.919621, -1.2e-05, 0.0, 0.0, 0.0, 1.0],
                [0.922395, 0.268263, 0.277875, 0.124994, 0.161688, -0.921563, 0.35295, -0.002831, 0.350776, -0.28063, -0.893385, -1.2e-05, 0.0, 0.0, 0.0, 1.0],
                [0.893356, 0.288545, 0.344449, 0.124994, 0.149504, -0.913776, 0.377701, -0.002831, 0.423749, -0.285925, -0.859432, -1.2e-05, 0.0, 0.0, 0.0, 1.0],
                [0.853922, 0.307981, 0.419462, 0.124994, 0.134217, -0.90914, 0.394264, -0.002831, 0.502795, -0.280372, -0.817639, -1.2e-05, 0.0, 0.0, 0.0, 1.0],
                [0.805093, 0.323655, 0.497041, 0.124994, 0.116706, -0.908063, 0.402238, -0.002831, 0.581553, -0.265831, -0.768817, -1.2e-05, 0.0, 0.0, 0.0, 1.0],
                [0.749814, 0.335339, 0.570349, 0.124994, 0.098334, -0.908954, 0.405125, -0.002831, 0.654301, -0.247685, -0.714493, -1.2e-05, 0.0, 0.0, 0.0, 1.0],
                [0.692291, 0.342979, 0.634873, 0.124994, 0.080427, -0.911019, 0.404438, -0.002831, 0.717123, -0.228929, -0.658249, -1.2e-05, 0.0, 0.0, 0.0, 1.0],
                [0.636691, 0.34669, 0.68876, 0.124994, 0.064021, -0.913915, 0.400818, -0.002831, 0.768457, -0.211103, -0.604052, -1.2e-05, 0.0, 0.0, 0.0, 1.0],
                [0.586159, 0.347198, 0.732001, 0.124994, 0.049739, -0.91724, 0.395208, -0.002831, 0.808668, -0.195247, -0.554896, -1.2e-05, 0.0, 0.0, 0.0, 1.0],
                [0.542517, 0.345163, 0.765826, 0.124994, 0.037818, -0.920797, 0.388196, -0.002831, 0.839193, -0.181642, -0.512581, -1.2e-05, 0.0, 0.0, 0.0, 1.0],
                [0.50647, 0.341382, 0.791767, 0.124994, 0.028234, -0.924359, 0.380469, -0.002831, 0.861795, -0.170343, -0.47778, -1.2e-05, 0.0, 0.0, 0.0, 1.0],
                [0.477988, 0.336652, 0.811257, 0.124994, 0.020817, -0.927718, 0.372692, -0.002831, 0.87812, -0.161256, -0.450429, -1.2e-05, 0.0, 0.0, 0.0, 1.0],
                [0.456671, 0.3317, 0.825452, 0.124994, 0.015352, -0.930691, 0.365475, -0.002831, 0.889503, -0.154232, -0.430095, -1.2e-05, 0.0, 0.0, 0.0, 1.0],
                [0.441994, 0.327261, 0.835156, 0.124994, 0.01163, -0.933085, 0.359459, -0.002831, 0.896943, -0.149167, -0.416207, -1.2e-05, 0.0, 0.0, 0.0, 1.0],
                [0.433458, 0.324065, 0.840855, 0.124994, 0.009481, -0.934693, 0.355322, -0.002831, 0.901124, -0.146047, -0.408207, -1.2e-05, 0.0, 0.0, 0.0, 1.0],
                [0.430676, 0.322845, 0.842752, 0.124994, 0.008782, -0.935283, 0.353782, -0.002831, 0.902464, -0.144966, -0.405624, -1.2e-05, 0.0, 0.0, 0.0, 1.0],
                [0.430676, 0.322845, 0.842752, 0.124994, 0.008782, -0.935283, 0.353782, -0.002831, 0.902464, -0.144966, -0.405624, -1.2e-05, 0.0, 0.0, 0.0, 1.0]
            ]
        },
        {
            "name": "Leg_R",
            "time": [0.0, 0.0167, 0.0333, 0.05, 0.0667, 0.0833, 0.1, 0.1167, 0.1333, 0.15, 0.1667, 0.1833, 0.2, 0.2167, 0.2333, 0.25, 0.2667, 0.2833, 0.3, 2.0],
            "transform": [
                [1.0, -0.00031, -0.000159, 0.0, 0.000342, 0.960817, 0.277175, 0.375166, 6.7e-05, -0.277184, 0.960819, 0.0, 0.0, 0.0, 0.0, 1.0],
                [1.0, -0.000325, -0.000163, 0.0, 0.000358, 0.956886, 0.290454, 0.375166, 6.2e-05, -0.290464, 0.956889, -0.0, 0.0, 0.0, 0.0, 1.0],
                [1.0, -0.000364, -0.000176, -0.0, 0.000402, 0.945473, 0.325691, 0.375166, 4.8e-05, -0.325703, 0.945476, 0.0, 0.0, 0.0, 0.0, 1.0],
                [1.0, -0.000413, -0.000194, -0.0, 0.000456, 0.929153, 0.369684, 0.375166, 2.8e-05, -0.369699, 0.929157, -0.0, 0.0, 0.0, 0.0, 1.0],
                [1.0, -0.000457, -0.000213, -0.0, 0.000504, 0.912851, 0.40828, 0.375166, 8e-06, -0.408298, 0.912856, 0.0, 0.0, 0.0, 0.0, 1.0],
                [1.0, -0.000484, -0.000225, 0.0, 0.000533, 0.901625, 0.432504, 0.375166, -6e-06, -0.432525, 0.90163, 0.0, 0.0, 0.0, 0.0, 1.0],
                [1.0, -0.000493, -0.000229, 0.0, 0.000543, 0.897778, 0.440434, 0.375166, -1.1e-05, -0.440455, 0.897784, -0.0, 0.0, 0.0, 0.0, 1.0],
                [1.0, -0.000485, -0.000226, -0.0, 0.000535, 0.901049, 0.433702, 0.375166, -7e-06, -0.433722, 0.901054, -0.0, 0.0, 0.0, 0.0, 1.0],
                [1.0, -0.00047, -0.000219, 0.0, 0.000519, 0.90724, 0.420599, 0.375166, 1e-06, -0.420618, 0.907246, 0.0, 0.0, 0.0, 0.0, 1.0],
                [1.0, -0.000453, -0.000211, -0.0, 0.000499, 0.914426, 0.40474, 0.375166, 1e-05, -0.404758, 0.914431, 0.0, 0.0, 0.0, 0.0, 1.0],
                [1.0, -0.000433, -0.000202, 0.0, 0.000478, 0.921977, 0.387232, 0.375166, 1.9e-05, -0.387249, 0.921981, -0.0, 0.0, 0.0, 0.0, 1.0],
                [1.0, -0.000413, -0.000194, -0.0, 0.000455, 0.929332, 0.369233, 0.375166, 2.8e-05, -0.369249, 0.929336, -0.0, 0.0, 0.0, 0.0, 1.0],
                [1.0, -0.000393, -0.000186, -0.0, 0.000433, 0.936367, 0.351012, 0.375166, 3.6e-05, -0.351026, 0.936371, 0.0, 0.0, 0.0, 0.0, 1.0],
                [1.0, -0.000373, -0.000179, -0.0, 0.000411, 0.942884, 0.33311, 0.375166, 4.5e-05, -0.333123, 0.942888, 0.0, 0.0, 0.0, 0.0, 1.0],
                [1.0, -0.000354, -0.000173, -0.0, 0.00039, 0.948685, 0.316214, 0.375166, 5.2e-05, -0.316226, 0.948687, 0.0, 0.0, 0.0, 0.0, 1.0],
                [1.0, -0.000337, -0.000167, -0.0, 0.000371, 0.953595, 0.301085, 0.375166, 5.8e-05, -0.301095, 0.953597, 0.0, 0.0, 0.0, 0.0, 1.0],
                [1.0, -0.000323, -0.000163, 0.0, 0.000356, 0.957412, 0.288715, 0.375166, 6.3e-05, -0.288725, 0.957415, -0.0, 0.0, 0.0, 0.0, 1.0],
                [1.0, -0.000313, -0.00016, 0.0, 0.000346, 0.959912, 0.280294, 0.375166, 6.6e-05, -0.280303, 0.959914, -0.0, 0.0, 0.0, 0.0, 1.0],
                [1.0, -0.00031, -0.000159, 0.0, 0.000342, 0.960817, 0.277175, 0.375166, 6.7e-05, -0.277184, 0.96082, -0.0, 0.0, 0.0, 0.0, 1.0],
                [1.0, -0.00031, -0.000159, 0.0, 0.000342, 0.960817, 0.277175, 0.375166, 6.7e-05, -0.277184, 0.96082, -0.0, 0.0, 0.0, 0.0, 1.0]
            ]
        },
        {
            "name": "Knee_R",
            "time": [0.0, 0.0167, 0.0333, 0.05, 0.0667, 0.0833, 0.1, 0.1167, 0.1333, 0.15, 0.1667, 0.1833, 0.2, 0.2167, 0.2333, 0.25, 0.2667, 0.2833, 0.3, 2.0],
            "transform": [
                [1.0, -5.7e-05, 5.4e-05, 0.0, 5.7e-05, 0.048757, -0.998811, 0.375166, 5.4e-05, 0.998811, 0.048757, 0.0, 0.0, 0.0, 0.0, 1.0],
                [1.0, -5.7e-05, 5.4e-05, 0.0, 5.7e-05, 0.048757, -0.998811, 0.375166, 5.4e-05, 0.998811, 0.048757, -0.0, 0.0, 0.0, 0.0, 1.0],
                [1.0, -5.7e-05, 5.4e-05, -0.0, 5.7e-05, 0.048757, -0.998811, 0.375166, 5.4e-05, 0.998811, 0.048757, 0.0, 0.0, 0.0, 0.0, 1.0],
                [1.0, -5.7e-05, 5.4e-05, -0.0, 5.7e-05, 0.048757, -0.998811, 0.375166, 5.4e-05, 0.998811, 0.048757, -0.0, 0.0, 0.0, 0.0, 1.0],
                [1.0, -5.7e-05, 5.4e-05, -0.0, 5.7e-05, 0.048757, -0.998811, 0.375166, 5.4e-05, 0.998811, 0.048757, 0.0, 0.0, 0.0, 0.0, 1.0],
                [1.0, -5.7e-05, 5.4e-05, 0.0, 5.7e-05, 0.048757, -0.998811, 0.375166, 5.4e-05, 0.998811, 0.048757, 0.0, 0.0, 0.0, 0.0, 1.0],
                [1.0, -5.7e-05, 5.4e-05, 0.0, 5.7e-05, 0.048757, -0.998811, 0.375166, 5.4e-05, 0.998811, 0.048757, -0.0, 0.0, 0.0, 0.0, 1.0],
                [1.0, -5.7e-05, 5.4e-05, -0.0, 5.7e-05, 0.048757, -0.998811, 0.375166, 5.4e-05, 0.998811, 0.048757, -0.0, 0.0, 0.0, 0.0, 1.0],
                [1.0, -5.7e-05, 5.4e-05, 0.0, 5.7e-05, 0.048757, -0.998811, 0.375166, 5.4e-05, 0.998811, 0.048757, 0.0, 0.0, 0.0, 0.0, 1.0],
                [1.0, -5.7e-05, 5.4e-05, -0.0, 5.7e-05, 0.048757, -0.998811, 0.375166, 5.4e-05, 0.998811, 0.048757, 0.0, 0.0, 0.0, 0.0, 1.0],
                [1.0, -5.7e-05, 5.4e-05, 0.0, 5.7e-05, 0.048757, -0.998811, 0.375166, 5.4e-05, 0.998811, 0.048757, -0.0, 0.0, 0.0, 0.0, 1.0],
                [1.0, -5.7e-05, 5.4e-05, -0.0, 5.7e-05, 0.048757, -0.998811, 0.375166, 5.4e-05, 0.998811, 0.048757, -0.0, 0.0, 0.0, 0.0, 1.0],
                [1.0, -5.7e-05, 5.4e-05, -0.0, 5.7e-05, 0.048757, -0.998811, 0.375166, 5.4e-05, 0.998811, 0.048757, 0.0, 0.0, 0.0, 0.0, 1.0],
                [1.0, -5.7e-05, 5.4e-05, -0.0, 5.7e-05, 0.048757, -0.998811, 0.375166, 5.4e-05, 0.998811, 0.048757, 0.0, 0.0, 0.0, 0.0, 1.0],
                [1.0, -5.7e-05, 5.4e-05, -0.0, 5.7e-05, 0.048757, -0.998811, 0.375166, 5.4e-05, 0.998811, 0.048757, 0.0, 0.0, 0.0, 0.0, 1.0],
                [1.0, -5.7e-05, 5.4e-05, -0.0, 5.7e-05, 0.048757, -0.998811, 0.375166, 5.4e-05, 0.998811, 0.048757, 0.0, 0.0, 0.0, 0.0, 1.0],
                [1.0, -5.7e-05, 5.4e-05, 0.0, 5.7e-05, 0.048757, -0.998811, 0.375166, 5.4e-05, 0.998811, 0.048757, -0.0, 0.0, 0.0, 0.0, 1.0],
                [1.0, -5.7e-05, 5.4e-05, 0.0, 5.7e-05, 0.048757, -0.998811, 0.375166, 5.4e-05, 0.998811, 0.048757, -0.0, 0.0, 0.0, 0.0, 1.0],
                [1.0, -5.7e-05, 5.4e-05, 0.0, 5.7e-05, 0.048757, -0.998811, 0.375166, 5.4e-05, 0.998811, 0.048757, -0.0, 0.0, 0.0, 0.0, 1.0],
                [1.0, -5.7e-05, 5.4e-05, 0.0, 5.7e-05, 0.048757, -0.998811, 0.375166, 5.4e-05, 0.998811, 0.048757, -0.0, 0.0, 0.0, 0.0, 1.0]
            ]
        },
        {
            "name": "Thigh_L",
            "time": [0.0, 0.0167, 0.0333, 0.05, 0.0667, 0.0833, 0.1, 0.1167, 0.1333, 0.15, 0.1667, 0.1833, 0.2, 0.2167, 0.2333, 0.25, 0.2667, 0.2833, 0.3, 2.0],
            "transform": [
                [0.990583, -0.118566, 0.068466, -0.125006, -0.130632, -0.96821, 0.213315, -0.002831, 0.041, -0.220246, -0.974535, -1.2e-05, 0.0, 0.0, 0.0, 1.0],
                [0.990098, -0.117355, 0.077025, -0.125006, -0.133921, -0.954147, 0.267705, -0.002831, 0.042078, -0.275364, -0.960371, -1.2e-05, 0.0, 0.0, 0.0, 1.0],
                [0.988501, -0.115576, 0.097501, -0.125006, -0.14422, -0.914417, 0.378204, -0.002831, 0.045447, -0.38791, -0.920528, -1.2e-05, 0.0, 0.0, 0.0, 1.0],
                [0.985612, -0.115047, 0.123821, -0.125006, -0.161155, -0.860536, 0.483218, -0.002831, 0.050963, -0.49621, -0.866656, -1.2e-05, 0.0, 0.0, 0.0, 1.0],
                [0.981726, -0.116366, 0.150569, -0.125006, -0.181394, -0.811424, 0.555587, -0.002831, 0.057527, -0.572735, -0.817668, -1.2e-05, 0.0, 0.0, 0.0, 1.0],
                [0.978008, -0.119434, 0.170982, -0.125006, -0.198772, -0.782023, 0.590693, -0.002831, 0.063166, -0.611676, -0.78853, -1.2e-05, 0.0, 0.0, 0.0, 1.0],
                [0.97592, -0.123512, 0.179785, -0.125006, -0.207849, -0.776586, 0.594728, -0.002831, 0.066166, -0.617762, -0.783525, -1.2e-05, 0.0, 0.0, 0.0, 1.0],
                [0.975796, -0.12874, 0.176769, -0.125006, -0.208335, -0.792982, 0.572508, -0.002831, 0.066473, -0.595464, -0.800576, -1.2e-05, 0.0, 0.0, 0.0, 1.0],
                [0.976372, -0.134783, 0.16891, -0.125006, -0.205818, -0.818214, 0.536802, -0.002831, 0.065856, -0.558869, -0.826586, -1.2e-05, 0.0, 0.0, 0.0, 1.0],
                [0.977147, -0.140863, 0.159187, -0.125006, -0.202398, -0.845408, 0.49428, -0.002831, 0.064955, -0.51519, -0.854561, -1.2e-05, 0.0, 0.0, 0.0, 1.0],
                [0.977952, -0.146802, 0.148523, -0.125006, -0.198787, -0.872323, 0.446687, -0.002831, 0.063988, -0.46635, -0.882234, -1.2e-05, 0.0, 0.0, 0.0, 1.0],
                [0.978716, -0.15249, 0.137339, -0.125006, -0.195296, -0.897665, 0.395034, -0.002831, 0.063049, -0.413435, -0.9083, -1.2e-05, 0.0, 0.0, 0.0, 1.0],
                [0.979408, -0.157908, 0.125797, -0.125006, -0.192078, -0.920704, 0.339713, -0.002831, 0.062182, -0.356869, -0.932035, -1.2e-05, 0.0, 0.0, 0.0, 1.0],
                [0.980013, -0.163011, 0.114017, -0.125006, -0.189213, -0.940777, 0.281309, -0.002831, 0.061411, -0.297249, -0.952776, -1.2e-05, 0.0, 0.0, 0.0, 1.0],
                [0.980527, -0.16777, 0.102077, -0.125006, -0.186752, -0.957362, 0.220406, -0.002831, 0.060751, -0.235166, -0.970008, -1.2e-05, 0.0, 0.0, 0.0, 1.0],
                [0.980942, -0.17209, 0.090203, -0.125006, -0.184734, -0.969916, 0.158538, -0.002831, 0.06021, -0.172171, -0.983179, -1.2e-05, 0.0, 0.0, 0.0, 1.0],
                [0.981255, -0.17586, 0.078818, -0.125006, -0.183203, -0.978142, 0.09836, -0.002831, 0.0598, -0.110947, -0.991979, -1.2e-05, 0.0, 0.0, 0.0, 1.0],
                [0.981454, -0.178729, 0.069303, -0.125006, -0.182216, -0.982099, 0.047723, -0.002831, 0.059536, -0.059458, -0.996407, -1.2e-05, 0.0, 0.0, 0.0, 1.0],
                [0.981526, -0.179927, 0.065056, -0.125006, -0.18186, -0.983004, 0.025076, -0.002831, 0.059441, -0.036436, -0.99752, -1.2e-05, 0.0, 0.0, 0.0, 1.0],
                [0.981526, -0.179927, 0.065056, -0.125006, -0.18186, -0.983004, 0.025076, -0.002831, 0.059441, -0.036436, -0.99752, -1.2e-05, 0.0, 0.0, 0.0, 1.0]
            ]
        },
        {
            "name": "Leg_L",
            "time": [0.0, 0.0167, 0.0333, 0.05, 0.0667, 0.0833, 0.1, 0.1167, 0.1333, 0.15, 0.1667, 0.1833, 0.2, 0.2167, 0.2333, 0.25, 0.2667, 0.2833, 0.3, 2.0],
            "transform": [
                [1.0, 1e-06, 1e-06, 0.0, -1e-06, 0.899008, 0.437915, 0.375166, -0.0, -0.43794, 0.899015, -0.0, 0.0, 0.0, 0.0, 1.0],
                [1.0, 1e-06, 1e-06, -0.0, -2e-06, 0.840754, 0.541398, 0.375166, -0.0, -0.541431, 0.840763, -0.0, 0.0, 0.0, 0.0, 1.0],
                [1.0, 2e-06, 2e-06, 0.0, -2e-06, 0.677011, 0.73595, 0.375166, 0.0, -0.735993, 0.677025, 0.0, 0.0, 0.0, 0.0, 1.0],
                [1.0, 2e-06, 2e-06, -0.0, -3e-06, 0.456401, 0.889753, 0.375166, 1e-06, -0.889799, 0.456416, -0.0, 0.0, 0.0, 0.0, 1.0],
                [1.0, 2e-06, 2e-06, -0.0, -3e-06, 0.253671, 0.967272, 0.375166, 2e-06, -0.967315, 0.253684, -0.0, 0.0, 0.0, 0.0, 1.0],
                [1.0, 2e-06, 3e-06, -0.0, -3e-06, 0.124069, 0.992256, 0.375166, 2e-06, -0.992297, 0.12408, 0.0, 0.0, 0.0, 0.0, 1.0],
                [1.0, 2e-06, 3e-06, 0.0, -3e-06, 0.08404, 0.996444, 0.375166, 2e-06, -0.996484, 0.084051, -0.0, 0.0, 0.0, 0.0, 1.0],
                [1.0, 2e-06, 3e-06, 0.0, -3e-06, 0.125643, 0.992057, 0.375166, 2e-06, -0.992098, 0.125655, 0.0, 0.0, 0.0, 0.0, 1.0],
                [1.0, 2e-06, 3e-06, -0.0, -3e-06, 0.203229, 0.979113, 0.375166, 2e-06, -0.979155, 0.203241, 0.0, 0.0, 0.0, 0.0, 1.0],
                [1.0, 2e-06, 2e-06, -0.0, -3e-06, 0.29508, 0.955453, 0.375166, 2e-06, -0.955497, 0.295093, 0.0, 0.0, 0.0, 0.0, 1.0],
                [1.0, 2e-06, 2e-06, -0.0, -3e-06, 0.393688, 0.919224, 0.375166, 1e-06, -0.919269, 0.393703, -0.0, 0.0, 0.0, 0.0, 1.0],
                [1.0, 2e-06, 2e-06, -0.0, -3e-06, 0.494127, 0.869369, 0.375166, 1e-06, -0.869414, 0.494142, 0.0, 0.0, 0.0, 0.0, 1.0],
                [1.0, 2e-06, 2e-06, 0.0, -3e-06, 0.593052, 0.805142, 0.375166, 1e-06, -0.805187, 0.593068, -0.0, 0.0, 0.0, 0.0, 1.0],
                [1.0, 2e-06, 1e-06, -0.0, -2e-06, 0.687014, 0.726622, 0.375166, 0.0, -0.726665, 0.687028, 0.0, 0.0, 0.0, 0.0, 1.0],
                [1.0, 1e-06, 1e-06, 0.0, -2e-06, 0.772853, 0.634563, 0.375166, -0.0, -0.634602, 0.772865, 0.0, 0.0, 0.0, 0.0, 1.0],
                [1.0, 1e-06, 1e-06, 0.0, -2e-06, 0.846765, 0.531948, 0.375166, -0.0, -0.53198, 0.846774, 0.0, 0.0, 0.0, 0.0, 1.0],
                [1.0, 1e-06, 1e-06, 0.0, -1e-06, 0.905296, 0.424765, 0.375166, -1e-06, -0.424789, 0.905302, -0.0, 0.0, 0.0, 0.0, 1.0],
                [1.0, 1e-06, 1e-06, 0.0, -1e-06, 0.944001, 0.32993, 0.375166, -1e-06, -0.329946, 0.944005, -0.0, 0.0, 0.0, 0.0, 1.0],
                [1.0, 1e-06, 1e-06, -0.0, -1e-06, 0.958119, 0.286362, 0.375166, -1e-06, -0.286373, 0.958121, -0.0, 0.0, 0.0, 0.0, 1.0],
                [1.0, 1e-06, 1e-06, -0.0, -1e-06, 0.958119, 0.286362, 0.375166, -1e-06, -0.286373, 0.958121, -0.0, 0.0, 0.0, 0.0, 1.0]
            ]
        },
        {
            "name": "Knee_L",
            "time": [0.0, 0.0167, 0.0333, 0.05, 0.0667, 0.0833, 0.1, 0.1167, 0.1333, 0.15, 0.1667, 0.1833, 0.2, 0.2167, 0.2333, 0.25, 0.2667, 0.2833, 0.3, 2.0],
            "transform": [
                [1.0, 0.0, -0.0, 0.0, -0.0, 0.048757, -0.998811, 0.375166, -0.0, 0.998811, 0.048757, -0.0, 0.0, 0.0, 0.0, 1.0],
                [1.0, 0.0, -0.0, -0.0, -0.0, 0.048757, -0.998811, 0.375166, -0.0, 0.998811, 0.048757, -0.0, 0.0, 0.0, 0.0, 1.0],
                [1.0, 0.0, -0.0, 0.0, -0.0, 0.048757, -0.998811, 0.375166, -0.0, 0.998811, 0.048757, 0.0, 0.0, 0.0, 0.0, 1.0],
                [1.0, 0.0, -0.0, -0.0, -0.0, 0.048757, -0.998811, 0.375166, -0.0, 0.998811, 0.048757, -0.0, 0.0, 0.0, 0.0, 1.0],
                [1.0, 0.0, -0.0, -0.0, -0.0, 0.048757, -0.998811, 0.375166, -0.0, 0.998811, 0.048757, -0.0, 0.0, 0.0, 0.0, 1.0],
                [1.0, 0.0, -0.0, -0.0, -0.0, 0.048757, -0.998811, 0.375166, -0.0, 0.998811, 0.048757, 0.0, 0.0, 0.0, 0.0, 1.0],
                [1.0, 0.0, -0.0, 0.0, -0.0, 0.048757, -0.998811, 0.375166, -0.0, 0.998811, 0.048757, -0.0, 0.0, 0.0, 0.0, 1.0],
                [1.0, 0.0, -0.0, 0.0, -0.0, 0.048757, -0.998811, 0.375166, -0.0, 0.998811, 0.048757, 0.0, 0.0, 0.0, 0.0, 1.0],
                [1.0, 0.0, -0.0, -0.0, -0.0, 0.048757, -0.998811, 0.375166, -0.0, 0.998811, 0.048757, 0.0, 0.0, 0.0, 0.0, 1.0],
                [1.0, 0.0, -0.0, -0.0, -0.0, 0.048757, -0.998811, 0.375166, -0.0, 0.998811, 0.048757, 0.0, 0.0, 0.0, 0.0, 1.0],
                [1.0, 0.0, -0.0, -0.0, -0.0, 0.048757, -0.998811, 0.375166, -0.0, 0.998811, 0.048757, -0.0, 0.0, 0.0, 0.0, 1.0],
                [1.0, 0.0, -0.0, -0.0, -0.0, 0.048757, -0.998811, 0.375166, -0.0, 0.998811, 0.048757, 0.0, 0.0, 0.0, 0.0, 1.0],
                [1.0, 0.0, -0.0, 0.0, -0.0, 0.048757, -0.998811, 0.375166, -0.0, 0.998811, 0.048757, -0.0, 0.0, 0.0, 0.0, 1.0],
                [1.0, 0.0, -0.0, -0.0, -0.0, 0.048757, -0.998811, 0.375166, -0.0, 0.998811, 0.048757, 0.0, 0.0, 0.0, 0.0, 1.0],
                [1.0, 0.0, -0.0, 0.0, -0.0, 0.048757, -0.998811, 0.375166, -0.0, 0.998811, 0.048757, 0.0, 0.0, 0.0, 0.0, 1.0],
                [1.0, 0.0, -0.0, 0.0, -0.0, 0.048757, -0.998811, 0.375166, -0.0, 0.998811, 0.048757, 0.0, 0.0, 0.0, 0.0, 1.0],
                [1.0, 0.0, -0.0, 0.0, -0.0, 0.048757, -0.998811, 0.375166, -0.0, 0.998811, 0.048757, -0.0, 0.0, 0.0, 0.0, 1.0],
                [1.0, 0.0, -0.0, 0.0, -0.0, 0.048757, -0.998811, 0.375166, -0.0, 0.998811, 0.048757, -0.0, 0.0, 0.0, 0.0, 1.0],
                [1.0, 0.0, -0.0, -0.0, -0.0, 0.048757, -0.998811, 0.375166, -0.0, 0.998811, 0.048757, -0.0, 0.0, 0.0, 0.0, 1.0],
                [1.0, 0.0, -0.0, -0.0, -0.0, 0.048757, -0.998811, 0.375166, -0.0, 0.998811, 0.048757, -0.0, 0.0, 0.0, 0.0, 1.0]
            ]
        },
        {
            "name": "Torso",
            "time": [0.0, 0.0167, 0.0333, 0.05, 0.0667, 0.0833, 0.1, 0.1167, 0.1333, 0.15, 0.1667, 0.1833, 0.2, 0.2167, 0.2333, 0.25, 0.2667, 0.2833, 0.3, 2.0],
            "transform": [
                [0.987076, -0.027651, -0.157847, 0.0, 0.0, 0.985001, -0.17255, 0.05, 0.160251, 0.17032, 0.972271, 0.0, 0.0, 0.0, 0.0, 1.0],
                [0.987193, -0.027527, -0.157135, -0.0, 0.0, 0.985001, -0.17255, 0.05, 0.159528, 0.17034, 0.972386, 0.0, 0.0, 0.0, 0.0, 1.0],
                [0.987547, -0.027146, -0.154963, 0.0, 0.0, 0.985001, -0.17255, 0.05, 0.157323, 0.170401, 0.972735, 0.0, 0.0, 0.0, 0.0, 1.0],
                [0.988136, -0.026501, -0.151279, 0.0, 0.0, 0.985001, -0.17255, 0.05, 0.153583, 0.170503, 0.973315, 0.0, 0.0, 0.0, 0.0, 1.0],
                [0.988948, -0.025583, -0.146042, -0.0, 0.0, 0.985001, -0.17255, 0.05, 0.148266, 0.170643, 0.974114, -0.0, 0.0, 0.0, 0.0, 1.0],
                [0.989956, -0.024394, -0.139254, 0.0, 0.0, 0.985001, -0.17255, 0.05, 0.141374, 0.170817, 0.975108, -0.0, 0.0, 0.0, 0.0, 1.0],
                [0.991118, -0.022947, -0.130991, -0.0, 0.0, 0.985001, -0.17255, 0.05, 0.132986, 0.171017, 0.976252, 0.0, 0.0, 0.0, 0.0, 1.0],
                [0.99237, -0.021274, -0.121445, 0.0, 0.0, 0.985001, -0.17255, 0.05, 0.123294, 0.171233, 0.977485, 0.0, 0.0, 0.0, 0.0, 1.0],
                [0.993638, -0.019433, -0.110933, 0.0, 0.0, 0.985001, -0.17255, 0.05, 0.112623, 0.171452, 0.978734, 0.0, 0.0, 0.0, 0.0, 1.0],
                [0.994844, -0.0175, -0.099897, 0.0, 0.0, 0.985001, -0.17255, 0.05, 0.101418, 0.17166, 0.979922, 0.0, 0.0, 0.0, 0.0, 1.0],
                [0.995924, -0.015564, -0.088848, 0.0, 0.0, 0.985001, -0.17255, 0.05, 0.0902, 0.171846, 0.980986, 0.0, 0.0, 0.0, 0.0, 1.0],
                [0.996835, -0.013716, -0.0783, 0.0, 0.0, 0.985001, -0.17255, 0.05, 0.079492, 0.172004, 0.981884, 0.0, 0.0, 0.0, 0.0, 1.0],
                [0.997565, -0.012035, -0.068701, 0.0, 0.0, 0.985001, -0.17255, 0.05, 0.069748, 0.17213, 0.982602, 0.0, 0.0, 0.0, 0.0, 1.0],
                [0.99812, -0.010577, -0.060378, 0.0, 0.0, 0.985001, -0.17255, 0.05, 0.061298, 0.172225, 0.983149, -0.0, 0.0, 0.0, 0.0, 1.0],
                [0.998522, -0.009377, -0.053529, -0.0, 0.0, 0.985001, -0.17255, 0.05, 0.054344, 0.172295, 0.983545, 0.0, 0.0, 0.0, 0.0, 1.0],
                [0.9988, -0.00845, -0.048238, -0.0, 0.0, 0.985001, -0.17255, 0.05, 0.048972, 0.172343, 0.983819, 0.0, 0.0, 0.0, 0.0, 1.0],
                [0.998978, -0.007798, -0.044513, 0.0, 0.0, 0.985001, -0.17255, 0.05, 0.04519, 0.172374, 0.983995, -0.0, 0.0, 0.0, 0.0, 1.0],
                [0.999077, -0.007413, -0.042316, 0.0, 0.0, 0.985001, -0.17255, 0.05, 0.04296, 0.172391, 0.984091, -0.0, 0.0, 0.0, 0.0, 1.0],
                [0.999108, -0.007286, -0.041595, 0.0, 0.0, 0.985001, -0.17255, 0.05, 0.042228, 0.172396, 0.984122, -0.0, 0.0, 0.0, 0.0, 1.0],
                [0.999108, -0.007286, -0.041595, 0.0, 0.0, 0.985001, -0.17255, 0.05, 0.042228, 0.172396, 0.984122, -0.0, 0.0, 0.0, 0.0, 1.0]
            ]
        },
        {
            "name": "Chest",
            "time": [0.0, 0.0167, 0.0333, 0.05, 0.0667, 0.0833, 0.1, 0.1167, 0.1333, 0.15, 0.1667, 0.1833, 0.2, 0.2167, 0.2333, 0.25, 0.2667, 0.2833, 0.3, 2.0],
            "transform": [
                [1.0, 0.0, 0.0, 0.0, -0.0, 0.954131, 0.299389, 0.304568, 0.0, -0.299389, 0.954131, -0.0, 0.0, 0.0, 0.0, 1.0],
                [1.0, 0.0, 0.0, 0.0, -0.0, 0.954131, 0.299389, 0.304568, 0.0, -0.299389, 0.954131, -0.0, 0.0, 0.0, 0.0, 1.0],
                [1.0, 0.0, 0.0, 0.0, -0.0, 0.954131, 0.299389, 0.304568, 0.0, -0.299389, 0.954131, -0.0, 0.0, 0.0, 0.0, 1.0],
                [1.0, 0.0, 0.0, 0.0, -0.0, 0.954131, 0.299389, 0.304568, 0.0, -0.299389, 0.954131, -0.0, 0.0, 0.0, 0.0, 1.0],
                [1.0, 0.0, -0.0, 0.0, -0.0, 0.954131, 0.299389, 0.304568, 0.0, -0.299389, 0.954131, -0.0, 0.0, 0.0, 0.0, 1.0],
                [1.0, 0.0, 0.0, -0.0, -0.0, 0.954131, 0.299389, 0.304568, 0.0, -0.299389, 0.954131, 0.0, 0.0, 0.0, 0.0, 1.0],
                [1.0, 0.0, 0.0, 0.0, -0.0, 0.954131, 0.299389, 0.304568, 0.0, -0.299389, 0.954131, -0.0, 0.0, 0.0, 0.0, 1.0],
                [1.0, 0.0, 0.0, 0.0, -0.0, 0.954131, 0.299389, 0.304568, 0.0, -0.299389, 0.954131, 0.0, 0.0, 0.0, 0.0, 1.0],
                [1.0, 0.0, 0.0, -0.0, -0.0, 0.954131, 0.299389, 0.304568, 0.0, -0.299389, 0.954131, -0.0, 0.0, 0.0, 0.0, 1.0],
                [1.0, 0.0, 0.0, -0.0, -0.0, 0.954131, 0.299389, 0.304568, -0.0, -0.299389, 0.954131, 0.0, 0.0, 0.0, 0.0, 1.0],
                [1.0, 0.0, 0.0, 0.0, -0.0, 0.954131, 0.299389, 0.304568, -0.0, -0.299389, 0.954131, -0.0, 0.0, 0.0, 0.0, 1.0],
                [1.0, 0.0, 0.0, 0.0, -0.0, 0.954131, 0.299389, 0.304568, 0.0, -0.299389, 0.954131, 0.0, 0.0, 0.0, 0.0, 1.0],
                [1.0, 0.0, 0.0, 0.0, -0.0, 0.954131, 0.299389, 0.304568, 0.0, -0.299389, 0.954131, 0.0, 0.0, 0.0, 0.0, 1.0],
                [1.0, 0.0, 0.0, 0.0, -0.0, 0.954131, 0.299389, 0.304568, -0.0, -0.299389, 0.954131, 0.0, 0.0, 0.0, 0.0, 1.0],
                [1.0, 0.0, -0.0, 0.0, -0.0, 0.954131, 0.299389, 0.304568, -0.0, -0.299389, 0.954131, 0.0, 0.0, 0.0, 0.0, 1.0],
                [1.0, 0.0, 0.0, 0.0, -0.0, 0.954131, 0.299389, 0.304568, 0.0, -0.299389, 0.954131, 0.0, 0.0, 0.0, 0.0, 1.0],
                [1.0, 0.0, 0.0, 0.0, -0.0, 0.954131, 0.299389, 0.304568, -0.0, -0.299389, 0.954131, 0.0, 0.0, 0.0, 0.0, 1.0],
                [1.0, 0.0, -0.0, -0.0, -0.0, 0.954131, 0.299389, 0.304568, 0.0, -0.299389, 0.954131, 0.0, 0.0, 0.0, 0.0, 1.0],
                [1.0, 0.0, 0.0, 0.0, -0.0, 0.954131, 0.299389, 0.304568, -0.0, -0.299389, 0.954131, 0.0, 0.0, 0.0, 0.0, 1.0],
                [1.0, 0.0, 0.0, 0.0, -0.0, 0.954131, 0.299389, 0.304568, -0.0, -0.299389, 0.954131, 0.0, 0.0, 0.0, 0.0, 1.0]
            ]
        },
        {
            "name": "Head",
            "time": [0.0, 0.0167, 0.0333, 0.05, 0.0667, 0.0833, 0.1, 0.1167, 0.1333, 0.15, 0.1667, 0.1833, 0.2, 0.2167, 0.2333, 0.25, 0.2667, 0.2833, 0.3, 2.0],
            "transform": [
                [1.0, -0.0, -0.0, 0.0, 0.0, 0.995167, -0.0982, 0.403437, 0.0, 0.0982, 0.995167, -0.0, 0.0, 0.0, 0.0, 1.0],
                [0.999986, 8.2e-05, -0.005203, 0.0, -0.000597, 0.995089, -0.098978, 0.403437, 0.005169, 0.09898, 0.995076, 0.0, 0.0, 0.0, 0.0, 1.0],
                [0.999779, 0.000307, -0.020994, 0.0, -0.002431, 0.99486, -0.101226, 0.403437, 0.020855, 0.101255, 0.994642, 0.0, 0.0, 0.0, 0.0, 1.0],
                [0.998868, 0.000617, -0.047561, -0.0, -0.005584, 0.994523, -0.104369, 0.403437, 0.047236, 0.104517, 0.993401, 0.0, 0.0, 0.0, 0.0, 1.0],
                [0.996393, 0.000962, -0.084849, -0.0, -0.010099, 0.994173, -0.107319, 0.403437, 0.084251, 0.107789, 0.990597, 0.0, 0.0, 0.0, 0.0, 1.0],
                [0.991197, 0.00135, -0.132387, 0.0, -0.015906, 0.993919, -0.108956, 0.403438, 0.131435, 0.110103, 0.985191, 0.0, 0.0, 0.0, 0.0, 1.0],
                [0.981961, 0.001852, -0.189076, 0.0, -0.022794, 0.993819, -0.108646, 0.403437, 0.187706, 0.110996, 0.975933, 0.0, 0.0, 0.0, 0.0, 1.0],
                [0.967451, 0.002556, -0.253044, -0.0, -0.030428, 0.993869, -0.106296, 0.403437, 0.251221, 0.110536, 0.961598, 0.0, 0.0, 0.0, 0.0, 1.0],
                [0.946856, 0.003447, -0.321638, -0.0, -0.03848, 0.993976, -0.102626, 0.403437, 0.319347, 0.109549, 0.941285, -0.0, 0.0, 0.0, 0.0, 1.0],
                [0.920114, 0.004489, -0.391626, -0.0, -0.046563, 0.994096, -0.098004, 0.403437, 0.388874, 0.10841, 0.91489, 0.0, 0.0, 0.0, 0.0, 1.0],
                [0.888104, 0.005643, -0.459608, 0.0, -0.054276, 0.994216, -0.092672, 0.403437, 0.456426, 0.107248, 0.883274, 0.0, 0.0, 0.0, 0.0, 1.0],
                [0.852599, 0.006857, -0.522521, -0.0, -0.061266, 0.99433, -0.08692, 0.403437, 0.518962, 0.10612, 0.848185, -0.0, 0.0, 0.0, 0.0, 1.0],
                [0.815962, 0.008078, -0.578049, 0.0, -0.06729, 0.994433, -0.081089, 0.403437, 0.574176, 0.105062, 0.811963, 0.0, 0.0, 0.0, 0.0, 1.0],
                [0.780723, 0.009244, -0.624809, 0.0, -0.072224, 0.994524, -0.075533, 0.403437, 0.620689, 0.104096, 0.777116, -0.0, 0.0, 0.0, 0.0, 1.0],
                [0.749189, 0.0103, -0.662276, -0.0, -0.076058, 0.994603, -0.070571, 0.403437, 0.657975, 0.103242, 0.745929, 0.0, 0.0, 0.0, 0.0, 1.0],
                [0.723188, 0.011192, -0.690561, -0.0, -0.078858, 0.994668, -0.066462, 0.403437, 0.686135, 0.102521, 0.720214, 0.0, 0.0, 0.0, 0.0, 1.0],
                [0.703981, 0.011875, -0.710119, 0.0, -0.080729, 0.994718, -0.063397, 0.403437, 0.705616, 0.101958, 0.701221, 0.0, 0.0, 0.0, 0.0, 1.0],
                [0.692293, 0.012308, -0.721511, 0.0, -0.081784, 0.994751, -0.061503, 0.403437, 0.716967, 0.101586, 0.689665, -0.0, 0.0, 0.0, 0.0, 1.0],
                [0.688397, 0.012458, -0.725227, -0.0, -0.082118, 0.994763, -0.060859, 0.403437, 0.72067, 0.10145, 0.685815, 0.0, 0.0, 0.0, 0.0, 1.0],
                [0.688397, 0.012458, -0.725227, -0.0, -0.082118, 0.994763, -0.060859, 0.403437, 0.72067, 0.10145, 0.685815, 0.0, 0.0, 0.0, 0.0, 1.0]
            ]
        },
        {
            "name": "Shoulder_R",
            "time": [0.0, 0.0167, 0.0333, 0.05, 0.0667, 0.0833, 0.1, 0.1167, 0.1333, 0.15, 0.1667, 0.1833, 0.2, 0.2167, 0.2333, 0.25, 0.2667, 0.2833, 0.3, 2.0],
            "transform": [
                [-0.0, 0.952114, 0.305743, 0.0, -0.130264, -0.303138, 0.944001, 0.403437, 0.991479, -0.039827, 0.124026, -0.0, 0.0, 0.0, 0.0, 1.0],
                [-0.0, 0.952114, 0.305743, 0.0, -0.130264, -0.303138, 0.944001, 0.403437, 0.991479, -0.039827, 0.124026, 0.0, 0.0, 0.0, 0.0, 1.0],
                [-0.0, 0.952114, 0.305743, 0.0, -0.130264, -0.303138, 0.944001, 0.403437, 0.991479, -0.039827, 0.124026, 0.0, 0.0, 0.0, 0.0, 1.0],
                [-0.0, 0.952114, 0.305743, -0.0, -0.130264, -0.303138, 0.944001, 0.403437, 0.991479, -0.039827, 0.124026, 0.0, 0.0, 0.0, 0.0, 1.0],
                [-0.0, 0.952114, 0.305743, -0.0, -0.130264, -0.303138, 0.944001, 0.403437, 0.991479, -0.039827, 0.124026, 0.0, 0.0, 0.0, 0.0, 1.0],
                [-0.0, 0.952114, 0.305743, 0.0, -0.130264, -0.303138, 0.944001, 0.403438, 0.991479, -0.039827, 0.124026, 0.0, 0.0, 0.0, 0.0, 1.0],
                [-0.0, 0.952114, 0.305743, 0.0, -0.130264, -0.303138, 0.944001, 0.403437, 0.991479, -0.039827, 0.124026, 0.0, 0.0, 0.0, 0.0, 1.0],
                [-0.0, 0.952114, 0.305743, -0.0, -0.130264, -0.303138, 0.944001, 0.403437, 0.991479, -0.039827, 0.124026, 0.0, 0.0, 0.0, 0.0, 1.0],
                [-0.0, 0.952114, 0.305743, -0.0, -0.130264, -0.303138, 0.944001, 0.403437, 0.991479, -0.039827, 0.124026, -0.0, 0.0, 0.0, 0.0, 1.0],
                [-0.0, 0.952114, 0.305743, -0.0, -0.130264, -0.303138, 0.944001, 0.403437, 0.991479, -0.039827, 0.124026, 0.0, 0.0, 0.0, 0.0, 1.0],
                [-0.0, 0.952114, 0.305743, 0.0, -0.130264, -0.303138, 0.944001, 0.403437, 0.991479, -0.039827, 0.124026, 0.0, 0.0, 0.0, 0.0, 1.0],
                [-0.0, 0.952114, 0.305743, -0.0, -0.130264, -0.303138, 0.944001, 0.403437, 0.991479, -0.039827, 0.124026, -0.0, 0.0, 0.0, 0.0, 1.0],
                [-0.0, 0.952114, 0.305743, 0.0, -0.130264, -0.303138, 0.944001, 0.403437, 0.991479, -0.039827, 0.124026, 0.0, 0.0, 0.0, 0.0, 1.0],
                [-0.0, 0.952114, 0.305743, 0.0, -0.130264, -0.303138, 0.944001, 0.403437, 0.991479, -0.039827, 0.124026, -0.0, 0.0, 0.0, 0.0, 1.0],
                [0.0, 0.952114, 0.305743, -0.0, -0.130264, -0.303138, 0.944001, 0.403437, 0.991479, -0.039827, 0.124026, 0.0, 0.0, 0.0, 0.0, 1.0],
                [-0.0, 0.952114, 0.305743, -0.0, -0.130264, -0.303138, 0.944001, 0.403437, 0.991479, -0.039827, 0.124026, 0.0, 0.0, 0.0, 0.0, 1.0],
                [0.0, 0.952114, 0.305743, 0.0, -0.130264, -0.303138, 0.944001, 0.403437, 0.991479, -0.039827, 0.124026, 0.0, 0.0, 0.0, 0.0, 1.0],
                [-0.0, 0.952114, 0.305743, 0.0, -0.130264, -0.303138, 0.944001, 0.403437, 0.991479, -0.039827, 0.124026, -0.0, 0.0, 0.0, 0.0, 1.0],
                [-0.0, 0.952114, 0.305743, -0.0, -0.130264, -0.303138, 0.944001, 0.403437, 0.991479, -0.039827, 0.124026, 0.0, 0.0, 0.0, 0.0, 1.0],
                [-0.0, 0.952114, 0.305743, -0.0, -0.130264, -0.303138, 0.944001, 0.403437, 0.991479, -0.039827, 0.124026, 0.0, 0.0, 0.0, 0.0, 1.0]
            ]
        },
        {
            "name": "Arm_R",
            "time": [0.0, 0.0167, 0.0333, 0.05, 0.0667, 0.0833, 0.1, 0.1167, 0.1333, 0.15, 0.1667, 0.1833, 0.2, 0.2167, 0.2333, 0.25, 0.2667, 0.2833, 0.3, 2.0],
            "transform": [
                [0.53947, 0.441471, -0.716991, -0.0, 0.615223, 0.374701, 0.693613, 0.39386, 0.574867, -0.815293, -0.069463, 0.0, 0.0, 0.0, 0.0, 1.0],
                [0.469144, 0.410169, -0.782091, 0.0, 0.650247, 0.438802, 0.620187, 0.393861, 0.597564, -0.799509, -0.06085, -0.0, 0.0, 0.0, 0.0, 1.0],
                [0.201237, 0.246504, -0.948019, 0.0, 0.709282, 0.630835, 0.31459, 0.393861, 0.675591, -0.735719, -0.047894, -0.0, 0.0, 0.0, 0.0, 1.0],
                [-0.280886, -0.209034, -0.936701, 0.0, 0.540173, 0.772296, -0.334325, 0.393861, 0.793295, -0.599887, -0.104012, -0.0, 0.0, 0.0, 0.0, 1.0],
                [-0.537661, -0.7014, -0.46793, 0.0, 0.04698, 0.529189, -0.847203, 0.39386, 0.841851, -0.477492, -0.251572, -0.0, 0.0, 0.0, 0.0, 1.0],
                [-0.467657, -0.880636, -0.076002, -0.0, -0.26171, 0.220081, -0.939719, 0.39386, 0.844277, -0.419576, -0.333394, -0.0, 0.0, 0.0, 0.0, 1.0],
                [-0.368012, -0.929605, 0.02003, -0.0, -0.296114, 0.096752, -0.95024, 0.39386, 0.88141, -0.355631, -0.310875, 0.0, 0.0, 0.0, 0.0, 1.0],
                [-0.258999, -0.965064, -0.039631, -0.0, -0.199782, 0.09367, -0.975353, 0.393861, 0.94499, -0.244698, -0.217063, 0.0, 0.0, 0.0, 0.0, 1.0],
                [-0.083155, -0.986964, -0.137798, 0.0, -0.056618, 0.142732, -0.988141, 0.393861, 0.994927, -0.074367, -0.067749, 0.0, 0.0, 0.0, 0.0, 1.0],
                [0.147676, -0.961225, -0.232893, -0.0, 0.093973, 0.248047, -0.96418, 0.39386, 0.984561, 0.120501, 0.12696, 0.0, 0.0, 0.0, 0.0, 1.0],
                [0.383517, -0.875925, -0.292695, 0.0, 0.206276, 0.390167, -0.89734, 0.39386, 0.900203, 0.283769, 0.330318, 0.0, 0.0, 0.0, 0.0, 1.0],
                [0.567154, -0.759749, -0.31799, -0.0, 0.260827, 0.531903, -0.805636, 0.393861, 0.781221, 0.373979, 0.499834, 0.0, 0.0, 0.0, 0.0, 1.0],
                [0.67345, -0.658032, -0.336837, -0.0, 0.274577, 0.645726, -0.712493, 0.39386, 0.686348, 0.38734, 0.615545, -0.0, 0.0, 0.0, 0.0, 1.0],
                [0.718425, -0.57328, -0.393974, 0.0, 0.296071, 0.764523, -0.572578, 0.39386, 0.62945, 0.29471, 0.718984, 0.0, 0.0, 0.0, 0.0, 1.0],
                [0.738955, -0.481364, -0.471418, -0.0, 0.331507, 0.868897, -0.367588, 0.393861, 0.586557, 0.115352, 0.801651, -0.0, 0.0, 0.0, 0.0, 1.0],
                [0.749519, -0.385924, -0.537852, 0.0, 0.371745, 0.917657, -0.140402, 0.393861, 0.547748, -0.09471, 0.831265, 0.0, 0.0, 0.0, 0.0, 1.0],
                [0.756731, -0.303608, -0.578948, -0.0, 0.405154, 0.912832, 0.050867, 0.393861, 0.513038, -0.273056, 0.813776, -0.0, 0.0, 0.0, 0.0, 1.0],
                [0.761449, -0.249809, -0.598156, 0.0, 0.425693, 0.888603, 0.170795, 0.393861, 0.488857, -0.384683, 0.782967, 0.0, 0.0, 0.0, 0.0, 1.0],
                [0.762995, -0.231353, -0.603585, -0.0, 0.432537, 0.876638, 0.210758, 0.39386, 0.480366, -0.42188, 0.768938, 0.0, 0.0, 0.0, 0.0, 1.0],
                [0.762995, -0.231353, -0.603585, -0.0, 0.432537, 0.876638, 0.210758, 0.39386, 0.480366, -0.42188, 0.768938, 0.0, 0.0, 0.0, 0.0, 1.0]
            ]
        },
        {
            "name": "Hand_R",
            "time": [0.0, 0.0167, 0.0333, 0.05, 0.0667, 0.0833, 0.1, 0.1167, 0.1333, 0.15, 0.1667, 0.1833, 0.2, 0.2167, 0.2333, 0.25, 0.2667, 0.2833, 0.3, 2.0],
            "transform": [
                [1.0, -0.0, -0.0, 0.0, 0.0, 0.907833, -0.419332, 0.300556, 0.0, 0.419332, 0.907833, -0.0, 0.0, 0.0, 0.0, 1.0],
                [1.0, -0.0, -0.0, -0.0, 0.0, 0.909302, -0.416138, 0.300556, 0.0, 0.416138, 0.909301, 0.0, 0.0, 0.0, 0.0, 1.0],
                [1.0, -0.0, 0.0, -0.0, 0.0, 0.913512, -0.406811, 0.300557, 0.0, 0.406811, 0.913512, 0.0, 0.0, 0.0, 0.0, 1.0],
                [1.0, 0.0, 0.0, -0.0, 0.0, 0.919398, -0.393329, 0.300557, -0.0, 0.393329, 0.919398, -0.0, 0.0, 0.0, 0.0, 1.0],
                [1.0, 0.0, 0.0, 0.0, 0.0, 0.925085, -0.379761, 0.300556, 0.0, 0.379761, 0.925085, 0.0, 0.0, 0.0, 0.0, 1.0],
                [1.0, -0.0, 0.0, 0.0, 0.0, 0.928922, -0.370275, 0.300556, -0.0, 0.370275, 0.928922, 0.0, 0.0, 0.0, 0.0, 1.0],
                [1.0, -0.0, 0.0, 0.0, -0.0, 0.930218, -0.367006, 0.300556, -0.0, 0.367006, 0.930218, -0.0, 0.0, 0.0, 0.0, 1.0],
                [1.0, -0.0, -0.0, 0.0, 0.0, 0.929117, -0.369786, 0.300556, 0.0, 0.369786, 0.929117, 0.0, 0.0, 0.0, 0.0, 1.0],
                [1.0, -0.0, 0.0, -0.0, 0.0, 0.927011, -0.375034, 0.300556, -0.0, 0.375034, 0.927011, 0.0, 0.0, 0.0, 0.0, 1.0],
                [1.0, -0.0, 0.0, -0.0, 0.0, 0.924542, -0.381081, 0.300556, -0.0, 0.381081, 0.924542, -0.0, 0.0, 0.0, 0.0, 1.0],
                [1.0, -0.0, 0.0, 0.0, 0.0, 0.92194, -0.387332, 0.300556, 0.0, 0.387332, 0.92194, 0.0, 0.0, 0.0, 0.0, 1.0],
                [1.0, -0.0, 0.0, 0.0, 0.0, 0.919334, -0.393478, 0.300556, 0.0, 0.393478, 0.919334, 0.0, 0.0, 0.0, 0.0, 1.0],
                [1.0, -0.0, -0.0, -0.0, 0.0, 0.916814, -0.399315, 0.300556, 0.0, 0.399315, 0.916814, 0.0, 0.0, 0.0, 0.0, 1.0],
                [1.0, -0.0, 0.0, -0.0, 0.0, 0.914457, -0.404684, 0.300556, 0.0, 0.404684, 0.914456, 0.0, 0.0, 0.0, 0.0, 1.0],
                [1.0, -0.0, 0.0, 0.0, -0.0, 0.912335, -0.409445, 0.300556, 0.0, 0.409445, 0.912335, 0.0, 0.0, 0.0, 0.0, 1.0],
                [1.0, -0.0, -0.0, 0.0, 0.0, 0.910524, -0.413456, 0.300556, 0.0, 0.413456, 0.910524, -0.0, 0.0, 0.0, 0.0, 1.0],
                [1.0, -0.0, 0.0, 0.0, 0.0, 0.909106, -0.416566, 0.300556, 0.0, 0.416566, 0.909106, 0.0, 0.0, 0.0, 0.0, 1.0],
                [1.0, 0.0, -0.0, 0.0, -0.0, 0.908172, -0.418597, 0.300556, 0.0, 0.418597, 0.908172, -0.0, 0.0, 0.0, 0.0, 1.0],
