{
    "animation": [
        {
            "name": "Root",
            "time": [0.0, 0.0167, 0.0333, 0.05, 0.0667, 0.0833, 0.1, 0.1167, 0.1333, 0.15, 0.1667, 0.1833, 0.2, 0.2167, 0.2333, 0.25, 0.2667, 0.2833, 0.3, 0.3167, 0.3333, 0.35, 0.3667, 0.3833, 0.4, 0.4167, 0.4333, 0.45, 0.4667, 0.4833, 0.5, 0.5167, 0.5333, 0.55, 0.5667, 0.5833, 0.6, 0.6167, 0.6333, 0.65, 0.6667, 0.6833, 0.7, 0.7167, 0.7333, 0.75, 0.7667, 0.7833, 0.8, 0.8167, 0.8333, 0.85, 0.8667, 0.8833, 0.9, 0.9167, 0.9333, 0.95, 0.9667, 0.9833, 1.0, 1.0167, 1.0333, 1.05, 1.0667, 1.0833, 1.1, 1.1167, 1.1333, 1.15, 1.1667, 1.1833, 1.2, 1.2167, 1.2333, 1.25, 1.2667, 1.2833, 1.3, 1.3167, 1.3333, 1.35, 1.3667, 1.3833, 1.4, 1.4167, 1.4333, 1.45, 1.4667, 1.4833, 1.5, 1.5167, 1.5333, 1.55, 1.5667, 1.5833, 1.6, 1.6167, 1.6333, 1.65, 1.6667, 1.6833, 1.7, 1.7167, 1.7333, 1.75, 1.7667, 1.7833, 1.8, 1.8167, 1.8333, 1.85, 1.8667, 1.8833, 1.9, 1.9167, 1.9333, 1.95, 1.9667, 1.9833, 2.0, 2.0167, 2.0333, 2.05, 2.0667, 2.0833, 2.1, 2.1167, 2.1333, 2.15, 2.1667, 2.1833, 2.2, 2.2167, 2.2333, 2.25, 2.2667, 2.2833, 2.3, 2.3167, 2.3333, 2.35, 2.3667, 2.3833, 2.4, 2.4167, 2.4333, 2.45, 2.4667, 2.4833, 2.5, 2.5167, 2.5333, 2.55, 2.5667, 2.5833, 2.6, 2.6167, 2.6333, 2.65, 2.6667, 2.6833, 2.7, 2.7167, 2.7333, 2.75, 2.7667, 2.7833, 2.8, 2.8167, 2.8333, 2.85, 2.8667, 2.8833, 2.9, 2.9167, 2.9333, 2.95, 2.9667, 2.9833, 3.0, 3.0167, 3.0333, 3.05, 3.0667, 3.0833, 3.1, 3.1167, 3.1333, 3.15, 3.1667, 3.1833, 3.2, 3.2167, 3.2333, 3.25, 3.2667, 3.2833, 3.3, 3.3167, 3.3333, 3.35, 3.3667, 3.3833, 3.4, 3.4167, 3.4333, 3.45, 3.4667, 3.4833, 3.5, 3.5167, 3.5333, 3.55, 3.5667, 3.5833, 3.6, 3.6167, 3.6333, 3.65, 3.6667, 3.6833, 3.7, 3.7167, 3.7333, 3.75, 3.7667, 3.7833, 3.8, 3.8167, 3.8333, 3.85, 3.8667, 3.8833, 3.9, 3.9167, 3.9333, 3.95, 3.9667, 3.9833, 4.0],
            "transform": [
                [0.900842, 0.0, -0.434148, -5e-06, -0.434148, 0.0, -0.900842, 0.000946, 0.0, 1.0, 0.0, 0.739346, 0.0, 0.0, 0.0, 1.0],
                [0.900517, 0.0, -0.434822, -5e-06, -0.434822, 0.0, -0.900517, 0.000946, 0.0, 1.0, 0.0, 0.73934, 0.0, 0.0, 0.0, 1.0],
                [0.899533, 0.0, -0.436852, -5e-06, -0.436852, 0.0, -0.899533, 0.000946, 0.0, 1.0, 0.0, 0.739322, 0.0, 0.0, 0.0, 1.0],
                [0.897876, 0.0, -0.440248, -5e-06, -0.440248, 0.0, -0.897876, 0.000946, 0.0, 1.0, 0.0, 0.739292, 0.0, 0.0, 0.0, 1.0],
                [0.895526, 0.0, -0.445009, -5e-06, -0.445009, 0.0, -0.895526, 0.000946, 0.0, 1.0, 0.0, 0.73925, 0.0, 0.0, 0.0, 1.0],
                [0.892462, 0.0, -0.451123, -5e-06, -0.451123, 0.0, -0.892462, 0.000946, 0.0, 1.0, 0.0, 0.739196, 0.0, 0.0, 0.0, 1.0],
                [0.88866, 0.0, -0.458567, -5e-06, -0.458567, 0.0, -0.88866, 0.000946, 0.0, 1.0, 0.0, 0.73913, 0.0, 0.0, 0.0, 1.0],
                [0.884098, 0.0, -0.467302, -5e-06, -0.467302, 0.0, -0.884098, 0.000946, 0.0, 1.0, 0.0, 0.739052, 0.0, 0.0, 0.0, 1.0],
                [0.878752, 0.0, -0.477278, -5e-06, -0.477278, 0.0, -0.878752, 0.000946, 0.0, 1.0, 0.0, 0.738962, 0.0, 0.0, 0.0, 1.0],
                [0.872606, 0.0, -0.488424, -5e-06, -0.488424, 0.0, -0.872606, 0.000946, 0.0, 1.0, 0.0, 0.73886, 0.0, 0.0, 0.0, 1.0],
                [0.865646, 0.0, -0.500656, -5e-06, -0.500656, 0.0, -0.865646, 0.000946, 0.0, 1.0, 0.0, 0.738745, 0.0, 0.0, 0.0, 1.0],
                [0.857867, 0.0, -0.513872, -5e-06, -0.513872, 0.0, -0.857867, 0.000946, 0.0, 1.0, 0.0, 0.738619, 0.0, 0.0, 0.0, 1.0],
                [0.849276, 0.0, -0.527949, -5e-06, -0.527949, 0.0, -0.849276, 0.000946, 0.0, 1.0, 0.0, 0.738482, 0.0, 0.0, 0.0, 1.0],
                [0.839891, 0.0, -0.542755, -5e-06, -0.542755, 0.0, -0.839891, 0.000946, 0.0, 1.0, 0.0, 0.738333, 0.0, 0.0, 0.0, 1.0],
                [0.829748, 0.0, -0.558137, -5e-06, -0.558137, 0.0, -0.829748, 0.000946, 0.0, 1.0, 0.0, 0.738173, 0.0, 0.0, 0.0, 1.0],
                [0.818899, 0.0, -0.573938, -5e-06, -0.573938, 0.0, -0.818899, 0.000946, 0.0, 1.0, 0.0, 0.738002, 0.0, 0.0, 0.0, 1.0],
                [0.807412, 0.0, -0.589988, -5e-06, -0.589988, 0.0, -0.807412, 0.000946, 0.0, 1.0, 0.0, 0.73782, 0.0, 0.0, 0.0, 1.0],
                [0.795377, 0.0, -0.606115, -5e-06, -0.606115, 0.0, -0.795377, 0.000946, 0.0, 1.0, 0.0, 0.737629, 0.0, 0.0, 0.0, 1.0],
                [0.782897, 0.0, -0.622151, -5e-06, -0.622151, 0.0, -0.782897, 0.000946, 0.0, 1.0, 0.0, 0.737427, 0.0, 0.0, 0.0, 1.0],
                [0.770095, 0.0, -0.637929, -5e-06, -0.637929, 0.0, -0.770095, 0.000946, 0.0, 1.0, 0.0, 0.737217, 0.0, 0.0, 0.0, 1.0],
                [0.757102, 0.0, -0.653296, -5e-06, -0.653296, 0.0, -0.757102, 0.000946, 0.0, 1.0, 0.0, 0.736998, 0.0, 0.0, 0.0, 1.0],
                [0.744062, 0.0, -0.668111, -5e-06, -0.668111, 0.0, -0.744062, 0.000946, 0.0, 1.0, 0.0, 0.736771, 0.0, 0.0, 0.0, 1.0],
                [0.73112, 0.0, -0.682249, -5e-06, -0.682249, 0.0, -0.73112, 0.000946, 0.0, 1.0, 0.0, 0.736536, 0.0, 0.0, 0.0, 1.0],
                [0.718425, 0.0, -0.695604, -5e-06, -0.695604, 0.0, -0.718425, 0.000946, 0.0, 1.0, 0.0, 0.736295, 0.0, 0.0, 0.0, 1.0],
                [0.706122, 0.0, -0.70809, -5e-06, -0.70809, 0.0, -0.706122, 0.000946, 0.0, 1.0, 0.0, 0.736048, 0.0, 0.0, 0.0, 1.0],
                [0.694349, 0.0, -0.719639, -5e-06, -0.719639, 0.0, -0.694349, 0.000946, 0.0, 1.0, 0.0, 0.735796, 0.0, 0.0, 0.0, 1.0],
                [0.683232, 0.0, -0.730201, -5e-06, -0.730201, 0.0, -0.683232, 0.000946, 0.0, 1.0, 0.0, 0.735539, 0.0, 0.0, 0.0, 1.0],
                [0.672888, 0.0, -0.739744, -5e-06, -0.739744, 0.0, -0.672888, 0.000946, 0.0, 1.0, 0.0, 0.735279, 0.0, 0.0, 0.0, 1.0],
                [0.663417, 0.0, -0.748249, -5e-06, -0.748249, 0.0, -0.663417, 0.000946, 0.0, 1.0, 0.0, 0.735016, 0.0, 0.0, 0.0, 1.0],
                [0.654907, 0.0, -0.75571, -5e-06, -0.75571, 0.0, -0.654907, 0.000946, 0.0, 1.0, 0.0, 0.734751, 0.0, 0.0, 0.0, 1.0],
                [0.647428, 0.0, -0.762127, -5e-06, -0.762127, 0.0, -0.647428, 0.000946, 0.0, 1.0, 0.0, 0.734486, 0.0, 0.0, 0.0, 1.0],
                [0.641035, 0.0, -0.767512, -5e-06, -0.767512, 0.0, -0.641035, 0.000946, 0.0, 1.0, 0.0, 0.73422, 0.0, 0.0, 0.0, 1.0],
                [0.635771, 0.0, -0.771878, -5e-06, -0.771878, 0.0, -0.635771, 0.000946, 0.0, 1.0, 0.0, 0.733955, 0.0, 0.0, 0.0, 1.0],
                [0.631664, 0.0, -0.775242, -5e-06, -0.775242, 0.0, -0.631664, 0.000946, 0.0, 1.0, 0.0, 0.733692, 0.0, 0.0, 0.0, 1.0],
                [0.62873, 0.0, -0.777624, -5e-06, -0.777624, 0.0, -0.62873, 0.000946, 0.0, 1.0, 0.0, 0.733432, 0.0, 0.0, 0.0, 1.0],
                [0.626974, 0.0, -0.779041, -5e-06, -0.779041, 0.0, -0.626974, 0.000946, 0.0, 1.0, 0.0, 0.733175, 0.0, 0.0, 0.0, 1.0],
                [0.626391, 0.0, -0.779509, -5e-06, -0.779509, 0.0, -0.626391, 0.000946, 0.0, 1.0, 0.0, 0.732923, 0.0, 0.0, 0.0, 1.0],
                [0.626391, 0.0, -0.779509, -5e-06, -0.779509, 0.0, -0.626391, 0.000946, 0.0, 1.0, 0.0, 0.732676, 0.0, 0.0, 0.0, 1.0],
                [0.626391, 0.0, -0.779509, -5e-06, -0.779509, 0.0, -0.626391, 0.000946, 0.0, 1.0, 0.0, 0.732435, 0.0, 0.0, 0.0, 1.0],
                [0.626391, 0.0, -0.779509, -5e-06, -0.779509, 0.0, -0.626391, 0.000946, 0.0, 1.0, 0.0, 0.7322, 0.0, 0.0, 0.0, 1.0],
                [0.626391, 0.0, -0.779509, -5e-06, -0.779509, 0.0, -0.626391, 0.000946, 0.0, 1.0, 0.0, 0.731973, 0.0, 0.0, 0.0, 1.0],
                [0.626391, 0.0, -0.779509, -5e-06, -0.779509, 0.0, -0.626391, 0.000946, 0.0, 1.0, 0.0, 0.731754, 0.0, 0.0, 0.0, 1.0],
                [0.626391, 0.0, -0.779509, -5e-06, -0.779509, 0.0, -0.626391, 0.000946, 0.0, 1.0, 0.0, 0.731544, 0.0, 0.0, 0.0, 1.0],
                [0.626391, 0.0, -0.779509, -5e-06, -0.779509, 0.0, -0.626391, 0.000946, 0.0, 1.0, 0.0, 0.731343, 0.0, 0.0, 0.0, 1.0],
                [0.626391, 0.0, -0.779509, -5e-06, -0.779509, 0.0, -0.626391, 0.000946, 0.0, 1.0, 0.0, 0.731151, 0.0, 0.0, 0.0, 1.0],
                [0.626391, 0.0, -0.779509, -5e-06, -0.779509, 0.0, -0.626391, 0.000946, 0.0, 1.0, 0.0, 0.730969, 0.0, 0.0, 0.0, 1.0],
                [0.626391, 0.0, -0.779509, -5e-06, -0.779509, 0.0, -0.626391, 0.000946, 0.0, 1.0, 0.0, 0.730798, 0.0, 0.0, 0.0, 1.0],
                [0.626391, 0.0, -0.779509, -5e-06, -0.779509, 0.0, -0.626391, 0.000946, 0.0, 1.0, 0.0, 0.730638, 0.0, 0.0, 0.0, 1.0],
                [0.626391, 0.0, -0.779509, -5e-06, -0.779509, 0.0, -0.626391, 0.000946, 0.0, 1.0, 0.0, 0.730489, 0.0, 0.0, 0.0, 1.0],
                [0.626391, 0.0, -0.779509, -5e-06, -0.779509, 0.0, -0.626391, 0.000946, 0.0, 1.0, 0.0, 0.730352, 0.0, 0.0, 0.0, 1.0],
                [0.626391, 0.0, -0.779509, -5e-06, -0.779509, 0.0, -0.626391, 0.000946, 0.0, 1.0, 0.0, 0.730226, 0.0, 0.0, 0.0, 1.0],
                [0.626391, 0.0, -0.779509, -5e-06, -0.779509, 0.0, -0.626391, 0.000946, 0.0, 1.0, 0.0, 0.730112, 0.0, 0.0, 0.0, 1.0],
                [0.626391, 0.0, -0.779509, -5e-06, -0.779509, 0.0, -0.626391, 0.000946, 0.0, 1.0, 0.0, 0.730009, 0.0, 0.0, 0.0, 1.0],
                [0.626391, 0.0, -0.779509, -5e-06, -0.779509, 0.0, -0.626391, 0.000946, 0.0, 1.0, 0.0, 0.729919, 0.0, 0.0, 0.0, 1.0],
                [0.626391, 0.0, -0.779509, -5e-06, -0.779509, 0.0, -0.626391, 0.000946, 0.0, 1.0, 0.0, 0.729841, 0.0, 0.0, 0.0, 1.0],
                [0.626391, 0.0, -0.779509, -5e-06, -0.779509, 0.0, -0.626391, 0.000946, 0.0, 1.0, 0.0, 0.729775, 0.0, 0.0, 0.0, 1.0],
                [0.626391, 0.0, -0.779509, -5e-06, -0.779509, 0.0, -0.626391, 0.000946, 0.0, 1.0, 0.0, 0.729721, 0.0, 0.0, 0.0, 1.0],
                [0.626391, 0.0, -0.779509, -5e-06, -0.779509, 0.0, -0.626391, 0.000946, 0.0, 1.0, 0.0, 0.729679, 0.0, 0.0, 0.0, 1.0],
                [0.626391, 0.0, -0.779509, -5e-06, -0.779509, 0.0, -0.626391, 0.000946, 0.0, 1.0, 0.0, 0.729649, 0.0, 0.0, 0.0, 1.0],
                [0.626391, 0.0, -0.779509, -5e-06, -0.779509, 0.0, -0.626391, 0.000946, 0.0, 1.0, 0.0, 0.729631, 0.0, 0.0, 0.0, 1.0],
                [0.626391, 0.0, -0.779509, -5e-06, -0.779509, 0.0, -0.626391, 0.000946, 0.0, 1.0, 0.0, 0.729625, 0.0, 0.0, 0.0, 1.0],
                [0.626391, 0.0, -0.779509, -5e-06, -0.779509, 0.0, -0.626391, 0.000946, 0.0, 1.0, 0.0, 0.729631, 0.0, 0.0, 0.0, 1.0],
                [0.626391, 0.0, -0.779509, -5e-06, -0.779509, 0.0, -0.626391, 0.000946, 0.0, 1.0, 0.0, 0.729649, 0.0, 0.0, 0.0, 1.0],
                [0.626391, 0.0, -0.779509, -5e-06, -0.779509, 0.0, -0.626391, 0.000946, 0.0, 1.0, 0.0, 0.729679, 0.0, 0.0, 0.0, 1.0],
                [0.626391, 0.0, -0.779509, -5e-06, -0.779509, 0.0, -0.626391, 0.000946, 0.0, 1.0, 0.0, 0.729721, 0.0, 0.0, 0.0, 1.0],
                [0.626391, 0.0, -0.779509, -5e-06, -0.779509, 0.0, -0.626391, 0.000946, 0.0, 1.0, 0.0, 0.729775, 0.0, 0.0, 0.0, 1.0],
                [0.626391, 0.0, -0.779509, -5e-06, -0.779509, 0.0, -0.626391, 0.000946, 0.0, 1.0, 0.0, 0.729841, 0.0, 0.0, 0.0, 1.0],
                [0.626391, 0.0, -0.779509, -5e-06, -0.779509, 0.0, -0.626391, 0.000946, 0.0, 1.0, 0.0, 0.729919, 0.0, 0.0, 0.0, 1.0],
                [0.626391, 0.0, -0.779509, -5e-06, -0.779509, 0.0, -0.626391, 0.000946, 0.0, 1.0, 0.0, 0.730009, 0.0, 0.0, 0.0, 1.0],
                [0.626391, 0.0, -0.779509, -5e-06, -0.779509, 0.0, -0.626391, 0.000946, 0.0, 1.0, 0.0, 0.730112, 0.0, 0.0, 0.0, 1.0],
                [0.626391, 0.0, -0.779509, -5e-06, -0.779509, 0.0, -0.626391, 0.000946, 0.0, 1.0, 0.0, 0.730226, 0.0, 0.0, 0.0, 1.0],
                [0.626391, 0.0, -0.779509, -5e-06, -0.779509, 0.0, -0.626391, 0.000946, 0.0, 1.0, 0.0, 0.730352, 0.0, 0.0, 0.0, 1.0],
                [0.626391, 0.0, -0.779509, -5e-06, -0.779509, 0.0, -0.626391, 0.000946, 0.0, 1.0, 0.0, 0.730489, 0.0, 0.0, 0.0, 1.0],
                [0.626391, 0.0, -0.779509, -5e-06, -0.779509, 0.0, -0.626391, 0.000946, 0.0, 1.0, 0.0, 0.730638, 0.0, 0.0, 0.0, 1.0],
                [0.626391, 0.0, -0.779509, -5e-06, -0.779509, 0.0, -0.626391, 0.000946, 0.0, 1.0, 0.0, 0.730798, 0.0, 0.0, 0.0, 1.0],
                [0.626391, 0.0, -0.779509, -5e-06, -0.779509, 0.0, -0.626391, 0.000946, 0.0, 1.0, 0.0, 0.730969, 0.0, 0.0, 0.0, 1.0],
                [0.626391, 0.0, -0.779509, -5e-06, -0.779509, 0.0, -0.626391, 0.000946, 0.0, 1.0, 0.0, 0.731151, 0.0, 0.0, 0.0, 1.0],
                [0.626391, 0.0, -0.779509, -5e-06, -0.779509, 0.0, -0.626391, 0.000946, 0.0, 1.0, 0.0, 0.731343, 0.0, 0.0, 0.0, 1.0],
                [0.626391, 0.0, -0.779509, -5e-06, -0.779509, 0.0, -0.626391, 0.000946, 0.0, 1.0, 0.0, 0.731544, 0.0, 0.0, 0.0, 1.0],
                [0.626391, 0.0, -0.779509, -5e-06, -0.779509, 0.0, -0.626391, 0.000946, 0.0, 1.0, 0.0, 0.731754, 0.0, 0.0, 0.0, 1.0],
                [0.626391, 0.0, -0.779509, -5e-06, -0.779509, 0.0, -0.626391, 0.000946, 0.0, 1.0, 0.0, 0.731973, 0.0, 0.0, 0.0, 1.0],
                [0.626391, 0.0, -0.779509, -5e-06, -0.779509, 0.0, -0.626391, 0.000946, 0.0, 1.0, 0.0, 0.7322, 0.0, 0.0, 0.0, 1.0],
                [0.626391, 0.0, -0.779509, -5e-06, -0.779509, 0.0, -0.626391, 0.000946, 0.0, 1.0, 0.0, 0.732435, 0.0, 0.0, 0.0, 1.0],
                [0.626391, 0.0, -0.779509, -5e-06, -0.779509, 0.0, -0.626391, 0.000946, 0.0, 1.0, 0.0, 0.732676, 0.0, 0.0, 0.0, 1.0],
                [0.626391, 0.0, -0.779509, -5e-06, -0.779509, 0.0, -0.626391, 0.000946, 0.0, 1.0, 0.0, 0.732923, 0.0, 0.0, 0.0, 1.0],
                [0.626391, 0.0, -0.779509, -5e-06, -0.779509, 0.0, -0.626391, 0.000946, 0.0, 1.0, 0.0, 0.733175, 0.0, 0.0, 0.0, 1.0],
                [0.626391, 0.0, -0.779509, -5e-06, -0.779509, 0.0, -0.626391, 0.000946, 0.0, 1.0, 0.0, 0.733432, 0.0, 0.0, 0.0, 1.0],
                [0.626391, 0.0, -0.779509, -5e-06, -0.779509, 0.0, -0.626391, 0.000946, 0.0, 1.0, 0.0, 0.733692, 0.0, 0.0, 0.0, 1.0],
                [0.626391, 0.0, -0.779509, -5e-06, -0.779509, 0.0, -0.626391, 0.000946, 0.0, 1.0, 0.0, 0.733955, 0.0, 0.0, 0.0, 1.0],
                [0.626391, 0.0, -0.779509, -5e-06, -0.779509, 0.0, -0.626391, 0.000946, 0.0, 1.0, 0.0, 0.73422, 0.0, 0.0, 0.0, 1.0],
                [0.626391, 0.0, -0.779509, -5e-06, -0.779509, 0.0, -0.626391, 0.000946, 0.0, 1.0, 0.0, 0.734486, 0.0, 0.0, 0.0, 1.0],
                [0.626391, 0.0, -0.779509, -5e-06, -0.779509, 0.0, -0.626391, 0.000946, 0.0, 1.0, 0.0, 0.734751, 0.0, 0.0, 0.0, 1.0],
                [0.626391, 0.0, -0.779509, -5e-06, -0.779509, 0.0, -0.626391, 0.000946, 0.0, 1.0, 0.0, 0.735016, 0.0, 0.0, 0.0, 1.0],
                [0.626391, 0.0, -0.779509, -5e-06, -0.779509, 0.0, -0.626391, 0.000946, 0.0, 1.0, 0.0, 0.735279, 0.0, 0.0, 0.0, 1.0],
                [0.626391, 0.0, -0.779509, -5e-06, -0.779509, 0.0, -0.626391, 0.000946, 0.0, 1.0, 0.0, 0.735539, 0.0, 0.0, 0.0, 1.0],
                [0.626391, 0.0, -0.779509, -5e-06, -0.779509, 0.0, -0.626391, 0.000946, 0.0, 1.0, 0.0, 0.735796, 0.0, 0.0, 0.0, 1.0],
                [0.626391, 0.0, -0.779509, -5e-06, -0.779509, 0.0, -0.626391, 0.000946, 0.0, 1.0, 0.0, 0.736048, 0.0, 0.0, 0.0, 1.0],
                [0.626391, 0.0, -0.779509, -5e-06, -0.779509, 0.0, -0.626391, 0.000946, 0.0, 1.0, 0.0, 0.736295, 0.0, 0.0, 0.0, 1.0],
                [0.626391, 0.0, -0.779509, -5e-06, -0.779509, 0.0, -0.626391, 0.000946, 0.0, 1.0, 0.0, 0.736536, 0.0, 0.0, 0.0, 1.0],
                [0.626391, 0.0, -0.779509, -5e-06, -0.779509, 0.0, -0.626391, 0.000946, 0.0, 1.0, 0.0, 0.736771, 0.0, 0.0, 0.0, 1.0],
                [0.626391, 0.0, -0.779509, -5e-06, -0.779509, 0.0, -0.626391, 0.000946, 0.0, 1.0, 0.0, 0.736998, 0.0, 0.0, 0.0, 1.0],
                [0.626391, 0.0, -0.779509, -5e-06, -0.779509, 0.0, -0.626391, 0.000946, 0.0, 1.0, 0.0, 0.737217, 0.0, 0.0, 0.0, 1.0],
                [0.626391, 0.0, -0.779509, -5e-06, -0.779509, 0.0, -0.626391, 0.000946, 0.0, 1.0, 0.0, 0.737427, 0.0, 0.0, 0.0, 1.0],
                [0.626391, 0.0, -0.779509, -5e-06, -0.779509, 0.0, -0.626391, 0.000946, 0.0, 1.0, 0.0, 0.737629, 0.0, 0.0, 0.0, 1.0],
                [0.626391, 0.0, -0.779509, -5e-06, -0.779509, 0.0, -0.626391, 0.000946, 0.0, 1.0, 0.0, 0.73782, 0.0, 0.0, 0.0, 1.0],
                [0.626391, 0.0, -0.779509, -5e-06, -0.779509, 0.0, -0.626391, 0.000946, 0.0, 1.0, 0.0, 0.738002, 0.0, 0.0, 0.0, 1.0],
                [0.626391, 0.0, -0.779509, -5e-06, -0.779509, 0.0, -0.626391, 0.000946, 0.0, 1.0, 0.0, 0.738173, 0.0, 0.0, 0.0, 1.0],
                [0.626391, 0.0, -0.779509, -5e-06, -0.779509, 0.0, -0.626391, 0.000946, 0.0, 1.0, 0.0, 0.738333, 0.0, 0.0, 0.0, 1.0],
                [0.626391, 0.0, -0.779509, -5e-06, -0.779509, 0.0, -0.626391, 0.000946, 0.0, 1.0, 0.0, 0.738482, 0.0, 0.0, 0.0, 1.0],
                [0.626391, 0.0, -0.779509, -5e-06, -0.779509, 0.0, -0.626391, 0.000946, 0.0, 1.0, 0.0, 0.738619, 0.0, 0.0, 0.0, 1.0],
                [0.626391, 0.0, -0.779509, -5e-06, -0.779509, 0.0, -0.626391, 0.000946, 0.0, 1.0, 0.0, 0.738745, 0.0, 0.0, 0.0, 1.0],
                [0.626391, 0.0, -0.779509, -5e-06, -0.779509, 0.0, -0.626391, 0.000946, 0.0, 1.0, 0.0, 0.73886, 0.0, 0.0, 0.0, 1.0],
                [0.626391, 0.0, -0.779509, -5e-06, -0.779509, 0.0, -0.626391, 0.000946, 0.0, 1.0, 0.0, 0.738962, 0.0, 0.0, 0.0, 1.0],
                [0.626391, 0.0, -0.779509, -5e-06, -0.779509, 0.0, -0.626391, 0.000946, 0.0, 1.0, 0.0, 0.739052, 0.0, 0.0, 0.0, 1.0],
                [0.626391, 0.0, -0.779509, -5e-06, -0.779509, 0.0, -0.626391, 0.000946, 0.0, 1.0, 0.0, 0.73913, 0.0, 0.0, 0.0, 1.0],
                [0.626391, 0.0, -0.779509, -5e-06, -0.779509, 0.0, -0.626391, 0.000946, 0.0, 1.0, 0.0, 0.739196, 0.0, 0.0, 0.0, 1.0],
                [0.626391, 0.0, -0.779509, -5e-06, -0.779509, 0.0, -0.626391, 0.000946, 0.0, 1.0, 0.0, 0.73925, 0.0, 0.0, 0.0, 1.0],
                [0.626391, 0.0, -0.779509, -5e-06, -0.779509, 0.0, -0.626391, 0.000946, 0.0, 1.0, 0.0, 0.739292, 0.0, 0.0, 0.0, 1.0],
                [0.626391, 0.0, -0.779509, -5e-06, -0.779509, 0.0, -0.626391, 0.000946, 0.0, 1.0, 0.0, 0.739322, 0.0, 0.0, 0.0, 1.0],
                [0.626391, 0.0, -0.779509, -5e-06, -0.779509, 0.0, -0.626391, 0.000946, 0.0, 1.0, 0.0, 0.73934, 0.0, 0.0, 0.0, 1.0],
                [0.626391, 0.0, -0.779509, -5e-06, -0.779509, 0.0, -0.626391, 0.000946, 0.0, 1.0, 0.0, 0.739346, 0.0, 0.0, 0.0, 1.0],
                [0.626391, 0.0, -0.779509, -5e-06, -0.779509, 0.0, -0.626391, 0.000946, 0.0, 1.0, 0.0, 0.739343, 0.0, 0.0, 0.0, 1.0],
                [0.626391, 0.0, -0.779509, -5e-06, -0.779509, 0.0, -0.626391, 0.000946, 0.0, 1.0, 0.0, 0.739335, 0.0, 0.0, 0.0, 1.0],
                [0.626391, 0.0, -0.779509, -5e-06, -0.779509, 0.0, -0.626391, 0.000946, 0.0, 1.0, 0.0, 0.739322, 0.0, 0.0, 0.0, 1.0],
                [0.626391, 0.0, -0.779509, -5e-06, -0.779509, 0.0, -0.626391, 0.000946, 0.0, 1.0, 0.0, 0.739303, 0.0, 0.0, 0.0, 1.0],
                [0.626391, 0.0, -0.779509, -5e-06, -0.779509, 0.0, -0.626391, 0.000946, 0.0, 1.0, 0.0, 0.73928, 0.0, 0.0, 0.0, 1.0],
                [0.626391, 0.0, -0.779509, -5e-06, -0.779509, 0.0, -0.626391, 0.000946, 0.0, 1.0, 0.0, 0.73925, 0.0, 0.0, 0.0, 1.0],
                [0.626391, 0.0, -0.779509, -5e-06, -0.779509, 0.0, -0.626391, 0.000946, 0.0, 1.0, 0.0, 0.739216, 0.0, 0.0, 0.0, 1.0],
                [0.626391, 0.0, -0.779509, -5e-06, -0.779509, 0.0, -0.626391, 0.000946, 0.0, 1.0, 0.0, 0.739176, 0.0, 0.0, 0.0, 1.0],
                [0.626391, 0.0, -0.779509, -5e-06, -0.779509, 0.0, -0.626391, 0.000946, 0.0, 1.0, 0.0, 0.73913, 0.0, 0.0, 0.0, 1.0],
                [0.626391, 0.0, -0.779509, -5e-06, -0.779509, 0.0, -0.626391, 0.000946, 0.0, 1.0, 0.0, 0.73908, 0.0, 0.0, 0.0, 1.0],
                [0.626391, 0.0, -0.779509, -5e-06, -0.779509, 0.0, -0.626391, 0.000946, 0.0, 1.0, 0.0, 0.739023, 0.0, 0.0, 0.0, 1.0],
                [0.626391, 0.0, -0.779509, -5e-06, -0.779509, 0.0, -0.626391, 0.000946, 0.0, 1.0, 0.0, 0.738962, 0.0, 0.0, 0.0, 1.0],
                [0.626391, 0.0, -0.779509, -5e-06, -0.779509, 0.0, -0.626391, 0.000946, 0.0, 1.0, 0.0, 0.738895, 0.0, 0.0, 0.0, 1.0],
                [0.626391, 0.0, -0.779509, -5e-06, -0.779509, 0.0, -0.626391, 0.000946, 0.0, 1.0, 0.0, 0.738823, 0.0, 0.0, 0.0, 1.0],
                [0.626391, 0.0, -0.779509, -5e-06, -0.779509, 0.0, -0.626391, 0.000946, 0.0, 1.0, 0.0, 0.738745, 0.0, 0.0, 0.0, 1.0],
                [0.626391, 0.0, -0.779509, -5e-06, -0.779509, 0.0, -0.626391, 0.000946, 0.0, 1.0, 0.0, 0.738663, 0.0, 0.0, 0.0, 1.0],
                [0.626391, 0.0, -0.779509, -5e-06, -0.779509, 0.0, -0.626391, 0.000946, 0.0, 1.0, 0.0, 0.738575, 0.0, 0.0, 0.0, 1.0],
                [0.626391, 0.0, -0.779509, -5e-06, -0.779509, 0.0, -0.626391, 0.000946, 0.0, 1.0, 0.0, 0.738482, 0.0, 0.0, 0.0, 1.0],
                [0.626391, 0.0, -0.779509, -5e-06, -0.779509, 0.0, -0.626391, 0.000946, 0.0, 1.0, 0.0, 0.738384, 0.0, 0.0, 0.0, 1.0],
                [0.626391, 0.0, -0.779509, -5e-06, -0.779509, 0.0, -0.626391, 0.000946, 0.0, 1.0, 0.0, 0.738281, 0.0, 0.0, 0.0, 1.0],
                [0.626391, 0.0, -0.779509, -5e-06, -0.779509, 0.0, -0.626391, 0.000946, 0.0, 1.0, 0.0, 0.738173, 0.0, 0.0, 0.0, 1.0],
                [0.626391, 0.0, -0.779509, -5e-06, -0.779509, 0.0, -0.626391, 0.000946, 0.0, 1.0, 0.0, 0.73806, 0.0, 0.0, 0.0, 1.0],
                [0.626391, 0.0, -0.779509, -5e-06, -0.779509, 0.0, -0.626391, 0.000946, 0.0, 1.0, 0.0, 0.737942, 0.0, 0.0, 0.0, 1.0],
                [0.626391, 0.0, -0.779509, -5e-06, -0.779509, 0.0, -0.626391, 0.000946, 0.0, 1.0, 0.0, 0.73782, 0.0, 0.0, 0.0, 1.0],
                [0.626391, 0.0, -0.779509, -5e-06, -0.779509, 0.0, -0.626391, 0.000946, 0.0, 1.0, 0.0, 0.737693, 0.0, 0.0, 0.0, 1.0],
                [0.626391, 0.0, -0.779509, -5e-06, -0.779509, 0.0, -0.626391, 0.000946, 0.0, 1.0, 0.0, 0.737562, 0.0, 0.0, 0.0, 1.0],
                [0.626391, 0.0, -0.779509, -5e-06, -0.779509, 0.0, -0.626391, 0.000946, 0.0, 1.0, 0.0, 0.737427, 0.0, 0.0, 0.0, 1.0],
                [0.626391, 0.0, -0.779509, -5e-06, -0.779509, 0.0, -0.626391, 0.000946, 0.0, 1.0, 0.0, 0.737288, 0.0, 0.0, 0.0, 1.0],
                [0.626391, 0.0, -0.779509, -5e-06, -0.779509, 0.0, -0.626391, 0.000946, 0.0, 1.0, 0.0, 0.737145, 0.0, 0.0, 0.0, 1.0],
                [0.626391, 0.0, -0.779509, -5e-06, -0.779509, 0.0, -0.626391, 0.000946, 0.0, 1.0, 0.0, 0.736998, 0.0, 0.0, 0.0, 1.0],
                [0.626391, 0.0, -0.779509, -5e-06, -0.779509, 0.0, -0.626391, 0.000946, 0.0, 1.0, 0.0, 0.736847, 0.0, 0.0, 0.0, 1.0],
                [0.626391, 0.0, -0.779509, -5e-06, -0.779509, 0.0, -0.626391, 0.000946, 0.0, 1.0, 0.0, 0.736693, 0.0, 0.0, 0.0, 1.0],
                [0.626391, 0.0, -0.779509, -5e-06, -0.779509, 0.0, -0.626391, 0.000946, 0.0, 1.0, 0.0, 0.736536, 0.0, 0.0, 0.0, 1.0],
                [0.626391, 0.0, -0.779509, -5e-06, -0.779509, 0.0, -0.626391, 0.000946, 0.0, 1.0, 0.0, 0.736376, 0.0, 0.0, 0.0, 1.0],
                [0.626391, 0.0, -0.779509, -5e-06, -0.779509, 0.0, -0.626391, 0.000946, 0.0, 1.0, 0.0, 0.736213, 0.0, 0.0, 0.0, 1.0],
                [0.626391, 0.0, -0.779509, -5e-06, -0.779509, 0.0, -0.626391, 0.000946, 0.0, 1.0, 0.0, 0.736048, 0.0, 0.0, 0.0, 1.0],
                [0.626391, 0.0, -0.779509, -5e-06, -0.779509, 0.0, -0.626391, 0.000946, 0.0, 1.0, 0.0, 0.73588, 0.0, 0.0, 0.0, 1.0],
                [0.626391, 0.0, -0.779509, -5e-06, -0.779509, 0.0, -0.626391, 0.000946, 0.0, 1.0, 0.0, 0.735711, 0.0, 0.0, 0.0, 1.0],
                [0.626391, 0.0, -0.779509, -5e-06, -0.779509, 0.0, -0.626391, 0.000946, 0.0, 1.0, 0.0, 0.735539, 0.0, 0.0, 0.0, 1.0],
                [0.626391, 0.0, -0.779509, -5e-06, -0.779509, 0.0, -0.626391, 0.000946, 0.0, 1.0, 0.0, 0.735366, 0.0, 0.0, 0.0, 1.0],
                [0.626391, 0.0, -0.779509, -5e-06, -0.779509, 0.0, -0.626391, 0.000946, 0.0, 1.0, 0.0, 0.735191, 0.0, 0.0, 0.0, 1.0],
                [0.626391, 0.0, -0.779509, -5e-06, -0.779509, 0.0, -0.626391, 0.000946, 0.0, 1.0, 0.0, 0.735016, 0.0, 0.0, 0.0, 1.0],
                [0.626391, 0.0, -0.779509, -5e-06, -0.779509, 0.0, -0.626391, 0.000946, 0.0, 1.0, 0.0, 0.73484, 0.0, 0.0, 0.0, 1.0],
                [0.626391, 0.0, -0.779509, -5e-06, -0.779509, 0.0, -0.626391, 0.000946, 0.0, 1.0, 0.0, 0.734663, 0.0, 0.0, 0.0, 1.0],
                [0.626391, 0.0, -0.779509, -5e-06, -0.779509, 0.0, -0.626391, 0.000946, 0.0, 1.0, 0.0, 0.734486, 0.0, 0.0, 0.0, 1.0],
                [0.626391, 0.0, -0.779509, -5e-06, -0.779509, 0.0, -0.626391, 0.000946, 0.0, 1.0, 0.0, 0.734308, 0.0, 0.0, 0.0, 1.0],
                [0.626391, 0.0, -0.779509, -5e-06, -0.779509, 0.0, -0.626391, 0.000946, 0.0, 1.0, 0.0, 0.734132, 0.0, 0.0, 0.0, 1.0],
                [0.626391, 0.0, -0.779509, -5e-06, -0.779509, 0.0, -0.626391, 0.000946, 0.0, 1.0, 0.0, 0.733955, 0.0, 0.0, 0.0, 1.0],
                [0.626391, 0.0, -0.779509, -5e-06, -0.779509, 0.0, -0.626391, 0.000946, 0.0, 1.0, 0.0, 0.73378, 0.0, 0.0, 0.0, 1.0],
                [0.626391, 0.0, -0.779509, -5e-06, -0.779509, 0.0, -0.626391, 0.000946, 0.0, 1.0, 0.0, 0.733605, 0.0, 0.0, 0.0, 1.0],
                [0.626391, 0.0, -0.779509, -5e-06, -0.779509, 0.0, -0.626391, 0.000946, 0.0, 1.0, 0.0, 0.733432, 0.0, 0.0, 0.0, 1.0],
                [0.626391, 0.0, -0.779509, -5e-06, -0.779509, 0.0, -0.626391, 0.000946, 0.0, 1.0, 0.0, 0.733261, 0.0, 0.0, 0.0, 1.0],
                [0.626391, 0.0, -0.779509, -5e-06, -0.779509, 0.0, -0.626391, 0.000946, 0.0, 1.0, 0.0, 0.733091, 0.0, 0.0, 0.0, 1.0],
                [0.626391, 0.0, -0.779509, -5e-06, -0.779509, 0.0, -0.626391, 0.000946, 0.0, 1.0, 0.0, 0.732923, 0.0, 0.0, 0.0, 1.0],
                [0.626391, 0.0, -0.779509, -5e-06, -0.779509, 0.0, -0.626391, 0.000946, 0.0, 1.0, 0.0, 0.732758, 0.0, 0.0, 0.0, 1.0],
                [0.626391, 0.0, -0.779509, -5e-06, -0.779509, 0.0, -0.626391, 0.000946, 0.0, 1.0, 0.0, 0.732595, 0.0, 0.0, 0.0, 1.0],
                [0.626391, 0.0, -0.779509, -5e-06, -0.779509, 0.0, -0.626391, 0.000946, 0.0, 1.0, 0.0, 0.732435, 0.0, 0.0, 0.0, 1.0],
                [0.626391, 0.0, -0.779509, -5e-06, -0.779509, 0.0, -0.626391, 0.000946, 0.0, 1.0, 0.0, 0.732278, 0.0, 0.0, 0.0, 1.0],
                [0.626391, 0.0, -0.779509, -5e-06, -0.779509, 0.0, -0.626391, 0.000946, 0.0, 1.0, 0.0, 0.732124, 0.0, 0.0, 0.0, 1.0],
                [0.626391, 0.0, -0.779509, -5e-06, -0.779509, 0.0, -0.626391, 0.000946, 0.0, 1.0, 0.0, 0.731973, 0.0, 0.0, 0.0, 1.0],
                [0.626391, 0.0, -0.779509, -5e-06, -0.779509, 0.0, -0.626391, 0.000946, 0.0, 1.0, 0.0, 0.731826, 0.0, 0.0, 0.0, 1.0],
                [0.626391, 0.0, -0.779509, -5e-06, -0.779509, 0.0, -0.626391, 0.000946, 0.0, 1.0, 0.0, 0.731683, 0.0, 0.0, 0.0, 1.0],
                [0.626391, 0.0, -0.779509, -5e-06, -0.779509, 0.0, -0.626391, 0.000946, 0.0, 1.0, 0.0, 0.731544, 0.0, 0.0, 0.0, 1.0],
                [0.626391, 0.0, -0.779509, -5e-06, -0.779509, 0.0, -0.626391, 0.000946, 0.0, 1.0, 0.0, 0.731409, 0.0, 0.0, 0.0, 1.0],
                [0.626391, 0.0, -0.779509, -5e-06, -0.779509, 0.0, -0.626391, 0.000946, 0.0, 1.0, 0.0, 0.731278, 0.0, 0.0, 0.0, 1.0],
                [0.626391, 0.0, -0.779509, -5e-06, -0.779509, 0.0, -0.626391, 0.000946, 0.0, 1.0, 0.0, 0.731151, 0.0, 0.0, 0.0, 1.0],
                [0.626391, 0.0, -0.779509, -5e-06, -0.779509, 0.0, -0.626391, 0.000946, 0.0, 1.0, 0.0, 0.731029, 0.0, 0.0, 0.0, 1.0],
                [0.626391, 0.0, -0.779509, -5e-06, -0.779509, 0.0, -0.626391, 0.000946, 0.0, 1.0, 0.0, 0.730911, 0.0, 0.0, 0.0, 1.0],
                [0.626391, 0.0, -0.779509, -5e-06, -0.779509, 0.0, -0.626391, 0.000946, 0.0, 1.0, 0.0, 0.730798, 0.0, 0.0, 0.0, 1.0],
                [0.626391, 0.0, -0.779509, -5e-06, -0.779509, 0.0, -0.626391, 0.000946, 0.0, 1.0, 0.0, 0.730691, 0.0, 0.0, 0.0, 1.0],
                [0.626391, 0.0, -0.779509, -5e-06, -0.779509, 0.0, -0.626391, 0.000946, 0.0, 1.0, 0.0, 0.730587, 0.0, 0.0, 0.0, 1.0],
                [0.626391, 0.0, -0.779509, -5e-06, -0.779509, 0.0, -0.626391, 0.000946, 0.0, 1.0, 0.0, 0.730489, 0.0, 0.0, 0.0, 1.0],
                [0.626391, 0.0, -0.779509, -5e-06, -0.779509, 0.0, -0.626391, 0.000946, 0.0, 1.0, 0.0, 0.730396, 0.0, 0.0, 0.0, 1.0],
                [0.626391, 0.0, -0.779509, -5e-06, -0.779509, 0.0, -0.626391, 0.000946, 0.0, 1.0, 0.0, 0.730308, 0.0, 0.0, 0.0, 1.0],
                [0.626391, 0.0, -0.779509, -5e-06, -0.779509, 0.0, -0.626391, 0.000946, 0.0, 1.0, 0.0, 0.730226, 0.0, 0.0, 0.0, 1.0],
                [0.626391, 0.0, -0.779509, -5e-06, -0.779509, 0.0, -0.626391, 0.000946, 0.0, 1.0, 0.0, 0.730148, 0.0, 0.0, 0.0, 1.0],
                [0.626391, 0.0, -0.779509, -5e-06, -0.779509, 0.0, -0.626391, 0.000946, 0.0, 1.0, 0.0, 0.730076, 0.0, 0.0, 0.0, 1.0],
                [0.626391, 0.0, -0.779509, -5e-06, -0.779509, 0.0, -0.626391, 0.000946, 0.0, 1.0, 0.0, 0.730009, 0.0, 0.0, 0.0, 1.0],
                [0.626391, 0.0, -0.779509, -5e-06, -0.779509, 0.0, -0.626391, 0.000946, 0.0, 1.0, 0.0, 0.729948, 0.0, 0.0, 0.0, 1.0],
                [0.626391, 0.0, -0.779509, -5e-06, -0.779509, 0.0, -0.626391, 0.000946, 0.0, 1.0, 0.0, 0.729892, 0.0, 0.0, 0.0, 1.0],
                [0.626391, 0.0, -0.779509, -5e-06, -0.779509, 0.0, -0.626391, 0.000946, 0.0, 1.0, 0.0, 0.729841, 0.0, 0.0, 0.0, 1.0],
                [0.626391, 0.0, -0.779509, -5e-06, -0.779509, 0.0, -0.626391, 0.000946, 0.0, 1.0, 0.0, 0.729795, 0.0, 0.0, 0.0, 1.0],
                [0.626391, 0.0, -0.779509, -5e-06, -0.779509, 0.0, -0.626391, 0.000946, 0.0, 1.0, 0.0, 0.729755, 0.0, 0.0, 0.0, 1.0],
                [0.626391, 0.0, -0.779509, -5e-06, -0.779509, 0.0, -0.626391, 0.000946, 0.0, 1.0, 0.0, 0.729721, 0.0, 0.0, 0.0, 1.0],
                [0.626391, 0.0, -0.779509, -5e-06, -0.779509, 0.0, -0.626391, 0.000946, 0.0, 1.0, 0.0, 0.729692, 0.0, 0.0, 0.0, 1.0],
                [0.626391, 0.0, -0.779509, -5e-06, -0.779509, 0.0, -0.626391, 0.000946, 0.0, 1.0, 0.0, 0.729668, 0.0, 0.0, 0.0, 1.0],
                [0.626391, 0.0, -0.779509, -5e-06, -0.779509, 0.0, -0.626391, 0.000946, 0.0, 1.0, 0.0, 0.729649, 0.0, 0.0, 0.0, 1.0],
                [0.626391, 0.0, -0.779509, -5e-06, -0.779509, 0.0, -0.626391, 0.000946, 0.0, 1.0, 0.0, 0.729636, 0.0, 0.0, 0.0, 1.0],
                [0.626391, 0.0, -0.779509, -5e-06, -0.779509, 0.0, -0.626391, 0.000946, 0.0, 1.0, 0.0, 0.729628, 0.0, 0.0, 0.0, 1.0],
                [0.626391, 0.0, -0.779509, -5e-06, -0.779509, 0.0, -0.626391, 0.000946, 0.0, 1.0, 0.0, 0.729625, 0.0, 0.0, 0.0, 1.0],
                [0.627231, 0.0, -0.778833, -5e-06, -0.778833, 0.0, -0.627231, 0.000946, 0.0, 1.0, 0.0, 0.729649, 0.0, 0.0, 0.0, 1.0],
                [0.629762, 0.0, -0.776788, -5e-06, -0.776788, 0.0, -0.629762, 0.000946, 0.0, 1.0, 0.0, 0.729721, 0.0, 0.0, 0.0, 1.0],
                [0.633988, 0.0, -0.773343, -5e-06, -0.773343, 0.0, -0.633988, 0.000946, 0.0, 1.0, 0.0, 0.729841, 0.0, 0.0, 0.0, 1.0],
                [0.639891, 0.0, -0.768466, -5e-06, -0.768466, 0.0, -0.639891, 0.000946, 0.0, 1.0, 0.0, 0.730009, 0.0, 0.0, 0.0, 1.0],
                [0.647428, 0.0, -0.762127, -5e-06, -0.762127, 0.0, -0.647428, 0.000946, 0.0, 1.0, 0.0, 0.730226, 0.0, 0.0, 0.0, 1.0],
                [0.656529, 0.0, -0.754301, -5e-06, -0.754301, 0.0, -0.656529, 0.000946, 0.0, 1.0, 0.0, 0.730489, 0.0, 0.0, 0.0, 1.0],
                [0.667095, 0.0, -0.744973, -5e-06, -0.744973, 0.0, -0.667095, 0.000946, 0.0, 1.0, 0.0, 0.730798, 0.0, 0.0, 0.0, 1.0],
                [0.678996, 0.0, -0.734142, -5e-06, -0.734142, 0.0, -0.678996, 0.000946, 0.0, 1.0, 0.0, 0.731151, 0.0, 0.0, 0.0, 1.0],
                [0.692069, 0.0, -0.721832, -5e-06, -0.721832, 0.0, -0.692069, 0.000946, 0.0, 1.0, 0.0, 0.731544, 0.0, 0.0, 0.0, 1.0],
                [0.706122, 0.0, -0.70809, -5e-06, -0.70809, 0.0, -0.706122, 0.000946, 0.0, 1.0, 0.0, 0.731973, 0.0, 0.0, 0.0, 1.0],
                [0.720938, 0.0, -0.693, -5e-06, -0.693, 0.0, -0.720938, 0.000946, 0.0, 1.0, 0.0, 0.732435, 0.0, 0.0, 0.0, 1.0],
                [0.736275, 0.0, -0.676682, -5e-06, -0.676682, 0.0, -0.736275, 0.000946, 0.0, 1.0, 0.0, 0.732923, 0.0, 0.0, 0.0, 1.0],
                [0.751884, 0.0, -0.659296, -5e-06, -0.659296, 0.0, -0.751884, 0.000946, 0.0, 1.0, 0.0, 0.733432, 0.0, 0.0, 0.0, 1.0],
                [0.767507, 0.0, -0.64104, -5e-06, -0.64104, 0.0, -0.767507, 0.000946, 0.0, 1.0, 0.0, 0.733955, 0.0, 0.0, 0.0, 1.0],
                [0.782897, 0.0, -0.622151, -5e-06, -0.622151, 0.0, -0.782897, 0.000946, 0.0, 1.0, 0.0, 0.734486, 0.0, 0.0, 0.0, 1.0],
                [0.797823, 0.0, -0.602892, -5e-06, -0.602892, 0.0, -0.797823, 0.000946, 0.0, 1.0, 0.0, 0.735016, 0.0, 0.0, 0.0, 1.0],
                [0.812078, 0.0, -0.583549, -5e-06, -0.583549, 0.0, -0.812078, 0.000946, 0.0, 1.0, 0.0, 0.735539, 0.0, 0.0, 0.0, 1.0],
                [0.82549, 0.0, -0.564417, -5e-06, -0.564417, 0.0, -0.82549, 0.000946, 0.0, 1.0, 0.0, 0.736048, 0.0, 0.0, 0.0, 1.0],
                [0.837922, 0.0, -0.54579, -5e-06, -0.54579, 0.0, -0.837922, 0.000946, 0.0, 1.0, 0.0, 0.736536, 0.0, 0.0, 0.0, 1.0],
                [0.849276, 0.0, -0.52795, -5e-06, -0.52795, 0.0, -0.849276, 0.000946, 0.0, 1.0, 0.0, 0.736998, 0.0, 0.0, 0.0, 1.0],
                [0.859488, 0.0, -0.511155, -5e-06, -0.511155, 0.0, -0.859488, 0.000946, 0.0, 1.0, 0.0, 0.737427, 0.0, 0.0, 0.0, 1.0],
                [0.868528, 0.0, -0.49564, -5e-06, -0.49564, 0.0, -0.868528, 0.000946, 0.0, 1.0, 0.0, 0.73782, 0.0, 0.0, 0.0, 1.0],
                [0.876391, 0.0, -0.4816, -5e-06, -0.4816, 0.0, -0.876391, 0.000946, 0.0, 1.0, 0.0, 0.738173, 0.0, 0.0, 0.0, 1.0],
                [0.883092, 0.0, -0.4692, -5e-06, -0.4692, 0.0, -0.883092, 0.000946, 0.0, 1.0, 0.0, 0.738482, 0.0, 0.0, 0.0, 1.0],
                [0.88866, 0.0, -0.458567, -5e-06, -0.458567, 0.0, -0.88866, 0.000946, 0.0, 1.0, 0.0, 0.738745, 0.0, 0.0, 0.0, 1.0],
                [0.893133, 0.0, -0.449793, -5e-06, -0.449793, 0.0, -0.893133, 0.000946, 0.0, 1.0, 0.0, 0.738962, 0.0, 0.0, 0.0, 1.0],
                [0.89655, 0.0, -0.442941, -5e-06, -0.442941, 0.0, -0.89655, 0.000946, 0.0, 1.0, 0.0, 0.73913, 0.0, 0.0, 0.0, 1.0],
                [0.898952, 0.0, -0.438047, -5e-06, -0.438047, 0.0, -0.898952, 0.000946, 0.0, 1.0, 0.0, 0.73925, 0.0, 0.0, 0.0, 1.0],
                [0.900373, 0.0, -0.435119, -5e-06, -0.435119, 0.0, -0.900373, 0.000946, 0.0, 1.0, 0.0, 0.739322, 0.0, 0.0, 0.0, 1.0],
                [0.900842, 0.0, -0.434148, -5e-06, -0.434148, 0.0, -0.900842, 0.000946, 0.0, 1.0, 0.0, 0.739346, 0.0, 0.0, 0.0, 1.0]
            ]
        },
        {
            "name": "Thigh_R",
            "time": [0.0, 0.0167, 0.0333, 0.05, 0.0667, 0.0833, 0.1, 0.1167, 0.1333, 0.15, 0.1667, 0.1833, 0.2, 0.2167, 0.2333, 0.25, 0.2667, 0.2833, 0.3, 0.3167, 0.3333, 0.35, 0.3667, 0.3833, 0.4, 0.4167, 0.4333, 0.45, 0.4667, 0.4833, 0.5, 0.5167, 0.5333, 0.55, 0.5667, 0.5833, 0.6, 0.6167, 0.6333, 0.65, 0.6667, 0.6833, 0.7, 0.7167, 0.7333, 0.75, 0.7667, 0.7833, 0.8, 0.8167, 0.8333, 0.85, 0.8667, 0.8833, 0.9, 0.9167, 0.9333, 0.95, 0.9667, 0.9833, 1.0, 1.0167, 1.0333, 1.05, 1.0667, 1.0833, 1.1, 1.1167, 1.1333, 1.15, 1.1667, 1.1833, 1.2, 1.2167, 1.2333, 1.25, 1.2667, 1.2833, 1.3, 1.3167, 1.3333, 1.35, 1.3667, 1.3833, 1.4, 1.4167, 1.4333, 1.45, 1.4667, 1.4833, 1.5, 1.5167, 1.5333, 1.55, 1.5667, 1.5833, 1.6, 1.6167, 1.6333, 1.65, 1.6667, 1.6833, 1.7, 1.7167, 1.7333, 1.75, 1.7667, 1.7833, 1.8, 1.8167, 1.8333, 1.85, 1.8667, 1.8833, 1.9, 1.9167, 1.9333, 1.95, 1.9667, 1.9833, 2.0, 2.0167, 2.0333, 2.05, 2.0667, 2.0833, 2.1, 2.1167, 2.1333, 2.15, 2.1667, 2.1833, 2.2, 2.2167, 2.2333, 2.25, 2.2667, 2.2833, 2.3, 2.3167, 2.3333, 2.35, 2.3667, 2.3833, 2.4, 2.4167, 2.4333, 2.45, 2.4667, 2.4833, 2.5, 2.5167, 2.5333, 2.55, 2.5667, 2.5833, 2.6, 2.6167, 2.6333, 2.65, 2.6667, 2.6833, 2.7, 2.7167, 2.7333, 2.75, 2.7667, 2.7833, 2.8, 2.8167, 2.8333, 2.85, 2.8667, 2.8833, 2.9, 2.9167, 2.9333, 2.95, 2.9667, 2.9833, 3.0, 3.0167, 3.0333, 3.05, 3.0667, 3.0833, 3.1, 3.1167, 3.1333, 3.15, 3.1667, 3.1833, 3.2, 3.2167, 3.2333, 3.25, 3.2667, 3.2833, 3.3, 3.3167, 3.3333, 3.35, 3.3667, 3.3833, 3.4, 3.4167, 3.4333, 3.45, 3.4667, 3.4833, 3.5, 3.5167, 3.5333, 3.55, 3.5667, 3.5833, 3.6, 3.6167, 3.6333, 3.65, 3.6667, 3.6833, 3.7, 3.7167, 3.7333, 3.75, 3.7667, 3.7833, 3.8, 3.8167, 3.8333, 3.85, 3.8667, 3.8833, 3.9, 3.9167, 3.9333, 3.95, 3.9667, 3.9833, 4.0],
            "transform": [
                [0.990703, 0.115138, 0.072456, 0.124994, 0.119659, -0.99091, -0.061465, -0.002831, 0.064723, 0.069573, -0.995437, -1.2e-05, 0.0, 0.0, 0.0, 1.0],
                [0.990637, 0.115794, 0.07231, 0.124994, 0.119914, -0.991233, -0.055467, -0.002831, 0.065256, 0.063628, -0.9958, -1.2e-05, 0.0, 0.0, 0.0, 1.0],
                [0.990437, 0.117678, 0.072017, 0.124994, 0.120685, -0.991928, -0.038902, -0.002831, 0.06686, 0.047231, -0.996606, -1.2e-05, 0.0, 0.0, 0.0, 1.0],
                [0.990094, 0.120613, 0.071876, 0.124994, 0.12198, -0.99242, -0.014913, -0.002831, 0.069535, 0.023542, -0.997264, -1.2e-05, 0.0, 0.0, 0.0, 1.0],
                [0.989597, 0.124467, 0.072142, 0.124994, 0.123807, -0.992213, 0.013577, -0.002831, 0.073272, -0.004494, -0.997264, -1.2e-05, 0.0, 0.0, 0.0, 1.0],
                [0.988933, 0.129209, 0.07291, 0.124994, 0.126173, -0.990993, 0.044848, -0.002831, 0.07805, -0.035142, -0.996292, -1.2e-05, 0.0, 0.0, 0.0, 1.0],
                [0.988084, 0.134822, 0.07425, 0.124994, 0.129081, -0.988611, 0.077358, -0.002831, 0.083836, -0.066841, -0.994198, -1.2e-05, 0.0, 0.0, 0.0, 1.0],
                [0.98703, 0.141322, 0.076146, 0.124994, 0.132533, -0.98503, 0.110226, -0.002831, 0.090587, -0.098693, -0.990949, -1.2e-05, 0.0, 0.0, 0.0, 1.0],
                [0.985754, 0.148744, 0.078515, 0.124994, 0.13652, -0.980252, 0.14306, -0.002831, 0.098247, -0.130291, -0.986559, -1.2e-05, 0.0, 0.0, 0.0, 1.0],
                [0.984234, 0.157067, 0.081318, 0.124994, 0.141025, -0.974387, 0.175157, -0.002831, 0.106751, -0.160915, -0.981141, -1.2e-05, 0.0, 0.0, 0.0, 1.0],
                [0.982454, 0.166267, 0.084482, 0.124994, 0.14602, -0.967561, 0.206156, -0.002831, 0.116023, -0.19019, -0.97483, -1.2e-05, 0.0, 0.0, 0.0, 1.0],
                [0.980402, 0.17628, 0.087954, 0.124994, 0.151462, -0.959956, 0.23567, -0.002831, 0.125981, -0.217716, -0.96781, -1.2e-05, 0.0, 0.0, 0.0, 1.0],
                [0.978068, 0.187026, 0.091668, 0.124994, 0.157295, -0.951743, 0.263516, -0.002831, 0.136534, -0.243304, -0.960255, -1.2e-05, 0.0, 0.0, 0.0, 1.0],
                [0.97545, 0.198377, 0.095613, 0.124994, 0.163447, -0.943158, 0.28937, -0.002831, 0.147588, -0.266625, -0.952395, -1.2e-05, 0.0, 0.0, 0.0, 1.0],
                [0.972555, 0.210195, 0.099767, 0.124994, 0.16983, -0.934403, 0.313122, -0.002831, 0.159045, -0.287571, -0.944424, -1.2e-05, 0.0, 0.0, 0.0, 1.0],
                [0.969395, 0.222331, 0.104115, 0.124994, 0.176348, -0.925657, 0.334748, -0.002831, 0.170805, -0.306128, -0.936504, -1.2e-05, 0.0, 0.0, 0.0, 1.0],
                [0.965994, 0.234596, 0.108709, 0.124994, 0.182895, -0.917164, 0.354054, -0.002831, 0.18277, -0.322117, -0.928852, -1.2e-05, 0.0, 0.0, 0.0, 1.0],
                [0.962382, 0.246822, 0.113561, 0.124994, 0.18936, -0.909074, 0.37111, -0.002831, 0.19484, -0.335631, -0.921586, -1.2e-05, 0.0, 0.0, 0.0, 1.0],
                [0.958598, 0.258833, 0.118706, 0.124994, 0.195635, -0.901537, 0.385943, -0.002831, 0.20692, -0.346727, -0.91482, -1.2e-05, 0.0, 0.0, 0.0, 1.0],
                [0.954687, 0.270471, 0.124158, 0.124994, 0.201615, -0.894651, 0.39868, -0.002831, 0.218918, -0.355567, -0.908614, -1.2e-05, 0.0, 0.0, 0.0, 1.0],
                [0.950696, 0.281557, 0.129995, 0.124994, 0.207204, -0.888583, 0.409245, -0.002831, 0.230746, -0.362116, -0.903084, -1.2e-05, 0.0, 0.0, 0.0, 1.0],
                [0.946678, 0.291957, 0.136223, 0.124994, 0.21232, -0.883383, 0.417791, -0.002831, 0.242323, -0.366576, -0.89824, -1.2e-05, 0.0, 0.0, 0.0, 1.0],
                [0.942686, 0.301542, 0.142862, 0.124994, 0.216893, -0.879115, 0.424392, -0.002831, 0.253574, -0.369068, -0.894104, -1.2e-05, 0.0, 0.0, 0.0, 1.0],
                [0.938772, 0.310199, 0.149927, 0.124994, 0.220869, -0.875827, 0.429113, -0.002831, 0.264431, -0.36971, -0.890688, -1.2e-05, 0.0, 0.0, 0.0, 1.0],
                [0.934984, 0.31783, 0.157424, 0.124994, 0.224212, -0.873552, 0.432007, -0.002831, 0.274833, -0.368608, -0.887992, -1.2e-05, 0.0, 0.0, 0.0, 1.0],
