{
    "animation": [
        {
            "name": "Root",
            "time": [0.0, 0.0167, 0.0333, 0.05, 0.0667, 0.0833, 0.1, 0.1167, 0.1333, 0.15, 0.1667, 0.1833, 0.2, 0.2167, 0.2333, 0.25, 0.2667, 0.2833, 0.3, 0.3167, 0.3333, 0.35, 0.3667, 0.3833, 0.4, 0.4167, 0.4333, 0.45, 0.4667, 0.4833, 0.5, 0.5167, 0.5333, 0.55, 0.5667, 0.5833, 0.6, 0.6167, 0.6333, 0.65, 0.6667, 0.6833, 0.7, 0.7167, 0.7333, 0.75, 0.7667, 0.7833, 0.8, 0.8167, 0.8333, 0.85, 0.8667, 0.8833, 0.9, 0.9167, 0.9333, 0.95, 0.9667, 0.9833, 1.0, 1.0167, 1.0333, 1.05, 1.0667, 1.0833, 1.1, 1.1167, 1.1333, 1.15, 1.1667, 1.1833, 1.2, 1.2167, 1.2333, 1.25, 1.2667, 1.2833, 1.3, 1.3167, 1.3333],
            "transform": [
                [0.90129, 0.050602, -0.43025, -0.002535, -0.429566, -0.024252, -0.90271, 0.002159, -0.056113, 0.998424, -0.000121, 0.739425, 0.0, 0.0, 0.0, 1.0],
                [0.90129, 0.050602, -0.43025, -0.002535, -0.429566, -0.024252, -0.90271, 0.002159, -0.056113, 0.998424, -0.000121, 0.739025, 0.0, 0.0, 0.0, 1.0],
                [0.90129, 0.050602, -0.43025, -0.002535, -0.429566, -0.024252, -0.90271, 0.002159, -0.056113, 0.998424, -0.000121, 0.737858, 0.0, 0.0, 0.0, 1.0],
                [0.90129, 0.050602, -0.43025, -0.002535, -0.429566, -0.024252, -0.90271, 0.002159, -0.056113, 0.998424, -0.000121, 0.735969, 0.0, 0.0, 0.0, 1.0],
                [0.90129, 0.050602, -0.43025, -0.002535, -0.429566, -0.024252, -0.90271, 0.002159, -0.056113, 0.998424, -0.000121, 0.733405, 0.0, 0.0, 0.0, 1.0],
                [0.90129, 0.050602, -0.43025, -0.002535, -0.429566, -0.024252, -0.90271, 0.002159, -0.056113, 0.998424, -0.000121, 0.730213, 0.0, 0.0, 0.0, 1.0],
                [0.90129, 0.050602, -0.43025, -0.002535, -0.429566, -0.024252, -0.90271, 0.002159, -0.056113, 0.998424, -0.000121, 0.726439, 0.0, 0.0, 0.0, 1.0],
                [0.90129, 0.050602, -0.43025, -0.002535, -0.429566, -0.024252, -0.90271, 0.002159, -0.056113, 0.998424, -0.000121, 0.72213, 0.0, 0.0, 0.0, 1.0],
                [0.90129, 0.050602, -0.43025, -0.002535, -0.429566, -0.024252, -0.90271, 0.002159, -0.056113, 0.998424, -0.000121, 0.717332, 0.0, 0.0, 0.0, 1.0],
                [0.90129, 0.050602, -0.43025, -0.002535, -0.429566, -0.024252, -0.90271, 0.002159, -0.056113, 0.998424, -0.000121, 0.712092, 0.0, 0.0, 0.0, 1.0],
                [0.90129, 0.050602, -0.43025, -0.002535, -0.429566, -0.024252, -0.90271, 0.002159, -0.056113, 0.998424, -0.000121, 0.706456, 0.0, 0.0, 0.0, 1.0],
                [0.902943, 0.050695, -0.426759, -0.002539, -0.426081, -0.024056, -0.904365, 0.005097, -0.056113, 0.998424, -0.000121, 0.700472, 0.0, 0.0, 0.0, 1.0],
                [0.907665, 0.050962, -0.416589, -0.002553, -0.415927, -0.023486, -0.909095, 0.013589, -0.056113, 0.998424, -0.000121, 0.694184, 0.0, 0.0, 0.0, 1.0],
                [0.915016, 0.051377, -0.400133, -0.002573, -0.399497, -0.022564, -0.916457, 0.02715, -0.056113, 0.998424, -0.000121, 0.687641, 0.0, 0.0, 0.0, 1.0],
                [0.924459, 0.05191, -0.37773, -0.0026, -0.377129, -0.021308, -0.925916, 0.045299, -0.056113, 0.998424, -0.000121, 0.680888, 0.0, 0.0, 0.0, 1.0],
                [0.935389, 0.052528, -0.349697, -0.002631, -0.34914, -0.019736, -0.936863, 0.06755, -0.056113, 0.998424, -0.000121, 0.673973, 0.0, 0.0, 0.0, 1.0],
                [0.947146, 0.053193, -0.316363, -0.002664, -0.315858, -0.017867, -0.948638, 0.09342, -0.056113, 0.998424, -0.000121, 0.666941, 0.0, 0.0, 0.0, 1.0],
                [0.959041, 0.053866, -0.278097, -0.002698, -0.277653, -0.015721, -0.960553, 0.122427, -0.056113, 0.998424, -0.000121, 0.659839, 0.0, 0.0, 0.0, 1.0],
                [0.970385, 0.054509, -0.235334, -0.00273, -0.234956, -0.013323, -0.971915, 0.154085, -0.056113, 0.998424, -0.000121, 0.652714, 0.0, 0.0, 0.0, 1.0],
                [0.98051, 0.055083, -0.188588, -0.002759, -0.188284, -0.010701, -0.982056, 0.187913, -0.056113, 0.998424, -0.000121, 0.645612, 0.0, 0.0, 0.0, 1.0],
                [0.988807, 0.055556, -0.138468, -0.002782, -0.138243, -0.00789, -0.990367, 0.223428, -0.056113, 0.998424, -0.000121, 0.638581, 0.0, 0.0, 0.0, 1.0],
                [0.994754, 0.055897, -0.085671, -0.002799, -0.08553, -0.004928, -0.996323, 0.260146, -0.056113, 0.998424, -0.000121, 0.631665, 0.0, 0.0, 0.0, 1.0],
                [0.997945, 0.056083, -0.030977, -0.002809, -0.030922, -0.001859, -0.99952, 0.297586, -0.056113, 0.998424, -0.000121, 0.624912, 0.0, 0.0, 0.0, 1.0],
                [0.998118, 0.056099, 0.024775, -0.00281, 0.024743, 0.001269, -0.999693, 0.335265, -0.056113, 0.998424, -0.000121, 0.618369, 0.0, 0.0, 0.0, 1.0],
                [0.995166, 0.05594, 0.080712, -0.002802, 0.080592, 0.004408, -0.996737, 0.372702, -0.056113, 0.998424, -0.000121, 0.612082, 0.0, 0.0, 0.0, 1.0],
                [0.989152, 0.055609, 0.13596, -0.002785, 0.135753, 0.007509, -0.990714, 0.409413, -0.056113, 0.998424, -0.000121, 0.606097, 0.0, 0.0, 0.0, 1.0],
                [0.980299, 0.055118, 0.189672, -0.00276, 0.18938, 0.010524, -0.981847, 0.444917, -0.056113, 0.998424, -0.000121, 0.600461, 0.0, 0.0, 0.0, 1.0],
                [0.968979, 0.054488, 0.241062, -0.002729, 0.240689, 0.013409, -0.97051, 0.478732, -0.056113, 0.998424, -0.000121, 0.595221, 0.0, 0.0, 0.0, 1.0],
                [0.955691, 0.053747, 0.289424, -0.002692, 0.288975, 0.016125, -0.957201, 0.510375, -0.056113, 0.998424, -0.000121, 0.590424, 0.0, 0.0, 0.0, 1.0],
                [0.941033, 0.052928, 0.334149, -0.002651, 0.333629, 0.018636, -0.94252, 0.539363, -0.056113, 0.998424, -0.000121, 0.586114, 0.0, 0.0, 0.0, 1.0],
                [0.925673, 0.05207, 0.374725, -0.002608, 0.374141, 0.020915, -0.927136, 0.565213, -0.056113, 0.998424, -0.000121, 0.582341, 0.0, 0.0, 0.0, 1.0],
                [0.910315, 0.051211, 0.410736, -0.002565, 0.410095, 0.022937, -0.911754, 0.587442, -0.056113, 0.998424, -0.000121, 0.579148, 0.0, 0.0, 0.0, 1.0],
                [0.895675, 0.050392, 0.441846, -0.002524, 0.441156, 0.024685, -0.897091, 0.605565, -0.056113, 0.998424, -0.000121, 0.576585, 0.0, 0.0, 0.0, 1.0],
                [0.882453, 0.049652, 0.467773, -0.002487, 0.467042, 0.026141, -0.883849, 0.6191, -0.056113, 0.998424, -0.000121, 0.574696, 0.0, 0.0, 0.0, 1.0],
                [0.871315, 0.049029, 0.488268, -0.002456, 0.487505, 0.027293, -0.872694, 0.627563, -0.056113, 0.998424, -0.000121, 0.573528, 0.0, 0.0, 0.0, 1.0],
                [0.862876, 0.048556, 0.503079, -0.002432, 0.502292, 0.028125, -0.864241, 0.630469, -0.056113, 0.998424, -0.000121, 0.573129, 0.0, 0.0, 0.0, 1.0],
                [0.856338, 0.04819, 0.514162, -0.002414, 0.513358, 0.028747, -0.857693, 0.630438, -0.056113, 0.998424, -0.000121, 0.573372, 0.0, 0.0, 0.0, 1.0],
                [0.850526, 0.047865, 0.523751, -0.002398, 0.522931, 0.029286, -0.851872, 0.630411, -0.056113, 0.998424, -0.000121, 0.574085, 0.0, 0.0, 0.0, 1.0],
                [0.845421, 0.047579, 0.531977, -0.002384, 0.531144, 0.029748, -0.846759, 0.630388, -0.056113, 0.998424, -0.000121, 0.575248, 0.0, 0.0, 0.0, 1.0],
                [0.841, 0.047331, 0.538961, -0.002371, 0.538118, 0.030141, -0.842331, 0.630368, -0.056113, 0.998424, -0.000121, 0.576837, 0.0, 0.0, 0.0, 1.0],
                [0.837228, 0.04712, 0.54482, -0.002361, 0.543967, 0.03047, -0.838553, 0.630352, -0.056113, 0.998424, -0.000121, 0.578832, 0.0, 0.0, 0.0, 1.0],
                [0.834067, 0.046943, 0.549663, -0.002352, 0.548802, 0.030742, -0.835387, 0.630338, -0.056113, 0.998424, -0.000121, 0.58121, 0.0, 0.0, 0.0, 1.0],
                [0.831471, 0.046797, 0.553594, -0.002344, 0.552727, 0.030963, -0.832787, 0.630327, -0.056113, 0.998424, -0.000121, 0.583949, 0.0, 0.0, 0.0, 1.0],
                [0.829393, 0.046681, 0.556712, -0.002339, 0.555841, 0.031138, -0.830705, 0.630318, -0.056113, 0.998424, -0.000121, 0.587027, 0.0, 0.0, 0.0, 1.0],
                [0.827779, 0.046591, 0.559116, -0.002334, 0.558241, 0.031273, -0.829089, 0.630312, -0.056113, 0.998424, -0.000121, 0.590424, 0.0, 0.0, 0.0, 1.0],
                [0.826576, 0.046523, 0.560899, -0.002331, 0.560021, 0.031374, -0.827884, 0.630307, -0.056113, 0.998424, -0.000121, 0.594115, 0.0, 0.0, 0.0, 1.0],
                [0.825725, 0.046476, 0.562154, -0.002328, 0.561274, 0.031444, -0.827032, 0.630303, -0.056113, 0.998424, -0.000121, 0.598081, 0.0, 0.0, 0.0, 1.0],
                [0.825169, 0.046444, 0.562973, -0.002327, 0.562092, 0.03149, -0.826475, 0.630301, -0.056113, 0.998424, -0.000121, 0.602298, 0.0, 0.0, 0.0, 1.0],
                [0.824847, 0.046426, 0.563446, -0.002326, 0.562564, 0.031517, -0.826153, 0.630299, -0.056113, 0.998424, -0.000121, 0.606746, 0.0, 0.0, 0.0, 1.0],
                [0.824699, 0.046418, 0.563664, -0.002326, 0.562781, 0.031529, -0.826004, 0.630299, -0.056113, 0.998424, -0.000121, 0.611401, 0.0, 0.0, 0.0, 1.0],
                [0.824663, 0.046416, 0.563716, -0.002325, 0.562834, 0.031532, -0.825969, 0.630299, -0.056113, 0.998424, -0.000121, 0.616243, 0.0, 0.0, 0.0, 1.0],
                [0.826488, 0.046518, 0.561028, -0.002331, 0.56015, 0.031381, -0.827797, 0.632586, -0.056113, 0.998424, -0.000121, 0.621248, 0.0, 0.0, 0.0, 1.0],
                [0.831757, 0.046813, 0.553162, -0.002345, 0.552296, 0.030939, -0.833074, 0.639239, -0.056113, 0.998424, -0.000121, 0.626396, 0.0, 0.0, 0.0, 1.0],
                [0.840106, 0.047281, 0.540357, -0.002369, 0.539512, 0.030219, -0.841436, 0.649946, -0.056113, 0.998424, -0.000121, 0.631665, 0.0, 0.0, 0.0, 1.0],
                [0.85111, 0.047897, 0.522798, -0.002399, 0.52198, 0.029233, -0.852457, 0.664397, -0.056113, 0.998424, -0.000121, 0.637032, 0.0, 0.0, 0.0, 1.0],
                [0.864292, 0.048636, 0.500634, -0.002436, 0.499851, 0.027987, -0.865659, 0.68228, -0.056113, 0.998424, -0.000121, 0.642476, 0.0, 0.0, 0.0, 1.0],
                [0.879129, 0.049466, 0.47401, -0.002478, 0.473269, 0.026492, -0.880519, 0.703284, -0.056113, 0.998424, -0.000121, 0.647974, 0.0, 0.0, 0.0, 1.0],
                [0.895066, 0.050358, 0.443082, -0.002523, 0.44239, 0.024754, -0.896481, 0.727097, -0.056113, 0.998424, -0.000121, 0.653506, 0.0, 0.0, 0.0, 1.0],
                [0.911523, 0.051279, 0.40804, -0.002569, 0.407404, 0.022786, -0.912964, 0.753408, -0.056113, 0.998424, -0.000121, 0.659048, 0.0, 0.0, 0.0, 1.0],
                [0.927912, 0.052195, 0.369128, -0.002614, 0.368553, 0.0206, -0.929379, 0.781906, -0.056113, 0.998424, -0.000121, 0.664579, 0.0, 0.0, 0.0, 1.0],
                [0.943653, 0.053075, 0.326654, -0.002658, 0.326146, 0.018215, -0.945144, 0.812279, -0.056113, 0.998424, -0.000121, 0.670078, 0.0, 0.0, 0.0, 1.0],
                [0.958193, 0.053886, 0.281003, -0.002699, 0.280567, 0.015652, -0.959707, 0.844215, -0.056113, 0.998424, -0.000121, 0.675521, 0.0, 0.0, 0.0, 1.0],
                [0.971029, 0.054602, 0.232638, -0.002735, 0.232278, 0.012936, -0.972563, 0.877402, -0.056113, 0.998424, -0.000121, 0.680888, 0.0, 0.0, 0.0, 1.0],
                [0.98173, 0.055197, 0.182099, -0.002764, 0.181819, 0.010099, -0.98328, 0.911527, -0.056113, 0.998424, -0.000121, 0.686157, 0.0, 0.0, 0.0, 1.0],
                [0.989952, 0.055653, 0.129993, -0.002787, 0.129795, 0.007174, -0.991515, 0.946279, -0.056113, 0.998424, -0.000121, 0.691305, 0.0, 0.0, 0.0, 1.0],
                [0.995461, 0.055956, 0.076978, -0.002802, 0.076863, 0.004199, -0.997033, 0.981344, -0.056113, 0.998424, -0.000121, 0.696311, 0.0, 0.0, 0.0, 1.0],
                [0.998143, 0.0561, 0.023744, -0.00281, 0.023713, 0.001211, -0.999718, 1.016409, -0.056113, 0.998424, -0.000121, 0.701152, 0.0, 0.0, 0.0, 1.0],
                [0.998004, 0.056086, -0.029009, -0.002809, -0.028956, -0.001749, -0.999579, 1.051162, -0.056113, 0.998424, -0.000121, 0.705808, 0.0, 0.0, 0.0, 1.0],
                [0.995177, 0.055921, -0.080594, -0.002801, -0.08046, -0.004643, -0.996747, 1.08529, -0.056113, 0.998424, -0.000121, 0.710255, 0.0, 0.0, 0.0, 1.0],
                [0.989906, 0.055619, -0.130359, -0.002786, -0.130146, -0.007435, -0.991467, 1.118481, -0.056113, 0.998424, -0.000121, 0.714472, 0.0, 0.0, 0.0, 1.0],
                [0.982535, 0.055199, -0.177704, -0.002765, -0.177418, -0.010091, -0.984084, 1.150422, -0.056113, 0.998424, -0.000121, 0.718438, 0.0, 0.0, 0.0, 1.0],
                [0.97349, 0.054685, -0.222095, -0.002739, -0.221738, -0.012581, -0.975025, 1.1808, -0.056113, 0.998424, -0.000121, 0.72213, 0.0, 0.0, 0.0, 1.0],
                [0.96326, 0.054105, -0.263065, -0.00271, -0.262644, -0.014878, -0.964778, 1.209303, -0.056113, 0.998424, -0.000121, 0.725526, 0.0, 0.0, 0.0, 1.0],
                [0.952368, 0.053488, -0.300222, -0.002679, -0.299742, -0.016962, -0.953869, 1.23562, -0.056113, 0.998424, -0.000121, 0.728605, 0.0, 0.0, 0.0, 1.0],
                [0.941361, 0.052866, -0.333234, -0.002648, -0.332702, -0.018813, -0.942844, 1.259439, -0.056113, 0.998424, -0.000121, 0.731344, 0.0, 0.0, 0.0, 1.0],
                [0.93078, 0.052268, -0.361823, -0.002618, -0.361247, -0.020416, -0.932247, 1.280448, -0.056113, 0.998424, -0.000121, 0.733722, 0.0, 0.0, 0.0, 1.0],
                [0.921152, 0.051724, -0.38575, -0.002591, -0.385136, -0.021757, -0.922603, 1.298336, -0.056113, 0.998424, -0.000121, 0.735716, 0.0, 0.0, 0.0, 1.0],
                [0.91297, 0.051261, -0.404794, -0.002568, -0.40415, -0.022825, -0.914408, 1.312791, -0.056113, 0.998424, -0.000121, 0.737306, 0.0, 0.0, 0.0, 1.0],
                [0.906683, 0.050906, -0.41873, -0.00255, -0.418065, -0.023606, -0.908111, 1.323502, -0.056113, 0.998424, -0.000121, 0.738468, 0.0, 0.0, 0.0, 1.0],
                [0.902682, 0.05068, -0.427314, -0.002539, -0.426634, -0.024087, -0.904103, 1.330157, -0.056113, 0.998424, -0.000121, 0.739182, 0.0, 0.0, 0.0, 1.0],
                [0.90129, 0.050602, -0.43025, -0.002535, -0.429566, -0.024252, -0.90271, 1.332444, -0.056113, 0.998424, -0.000121, 0.739425, 0.0, 0.0, 0.0, 1.0]
            ]
        },
        {
            "name": "Thigh_R",
            "time": [0.0, 0.0167, 0.0333, 0.05, 0.0667, 0.0833, 0.1, 0.1167, 0.1333, 0.15, 0.1667, 0.1833, 0.2, 0.2167, 0.2333, 0.25, 0.2667, 0.2833, 0.3, 0.3167, 0.3333, 0.35, 0.3667, 0.3833, 0.4, 0.4167, 0.4333, 0.45, 0.4667, 0.4833, 0.5, 0.5167, 0.5333, 0.55, 0.5667, 0.5833, 0.6, 0.6167, 0.6333, 0.65, 0.6667, 0.6833, 0.7, 0.7167, 0.7333, 0.75, 0.7667, 0.7833, 0.8, 0.8167, 0.8333, 0.85, 0.8667, 0.8833, 0.9, 0.9167, 0.9333, 0.95, 0.9667, 0.9833, 1.0, 1.0167, 1.0333, 1.05, 1.0667, 1.0833, 1.1, 1.1167, 1.1333, 1.15, 1.1667, 1.1833, 1.2, 1.2167, 1.2333, 1.25, 1.2667, 1.2833, 1.3, 1.3167, 1.3333],
            "transform": [
                [0.824298, 0.25857, 0.503663, 0.124994, 0.299879, -0.953977, -0.001033, -0.002831, 0.480214, 0.151888, -0.863904, -1.2e-05, 0.0, 0.0, 0.0, 1.0],
                [0.824207, 0.263695, 0.501149, 0.124994, 0.300034, -0.953891, 0.008472, -0.002831, 0.480273, 0.143378, -0.865325, -1.2e-05, 0.0, 0.0, 0.0, 1.0],
                [0.823942, 0.276473, 0.494656, 0.124994, 0.300482, -0.953241, 0.032276, -0.002831, 0.480448, 0.122041, -0.868494, -1.2e-05, 0.0, 0.0, 0.0, 1.0],
                [0.823511, 0.293291, 0.485605, 0.124994, 0.301198, -0.951422, 0.063845, -0.002831, 0.480738, 0.093685, -0.871849, -1.2e-05, 0.0, 0.0, 0.0, 1.0],
                [0.822923, 0.312143, 0.474728, 0.124994, 0.302158, -0.948043, 0.099576, -0.002831, 0.481143, 0.061498, -0.874486, -1.2e-05, 0.0, 0.0, 0.0, 1.0],
                [0.822184, 0.332028, 0.462357, 0.124994, 0.30334, -0.942882, 0.13769, -0.002831, 0.481663, 0.027044, -0.875943, -1.2e-05, 0.0, 0.0, 0.0, 1.0],
                [0.821298, 0.352419, 0.448635, 0.124994, 0.304721, -0.9358, 0.177264, -0.002831, 0.482302, -0.008879, -0.875964, -1.2e-05, 0.0, 0.0, 0.0, 1.0],
                [0.820271, 0.372941, 0.433674, 0.124994, 0.306278, -0.926729, 0.21764, -0.002831, 0.483063, -0.045699, -0.874396, -1.2e-05, 0.0, 0.0, 0.0, 1.0],
                [0.819107, 0.393326, 0.417566, 0.124994, 0.307987, -0.915645, 0.258338, -0.002831, 0.483951, -0.083003, -0.871153, -1.2e-05, 0.0, 0.0, 0.0, 1.0],
                [0.817812, 0.413329, 0.400431, 0.124994, 0.309821, -0.902588, 0.298908, -0.002831, 0.48497, -0.120389, -0.866208, -1.2e-05, 0.0, 0.0, 0.0, 1.0],
                [0.81639, 0.432836, 0.382312, 0.124994, 0.311752, -0.887573, 0.339154, -0.002831, 0.486125, -0.157696, -0.859547, -1.2e-05, 0.0, 0.0, 0.0, 1.0],
                [0.814849, 0.451603, 0.363425, 0.124994, 0.313752, -0.870771, 0.378572, -0.002831, 0.487422, -0.194455, -0.851242, -1.2e-05, 0.0, 0.0, 0.0, 1.0],
                [0.813195, 0.469577, 0.34382, 0.124994, 0.315791, -0.852248, 0.417072, -0.002831, 0.488865, -0.230586, -0.841336, -1.2e-05, 0.0, 0.0, 0.0, 1.0],
                [0.811437, 0.486579, 0.323747, 0.124994, 0.317836, -0.832259, 0.454231, -0.002831, 0.490459, -0.265682, -0.829981, -1.2e-05, 0.0, 0.0, 0.0, 1.0],
                [0.809585, 0.502526, 0.303385, 0.124994, 0.319855, -0.81102, 0.489837, -0.002831, 0.492205, -0.299526, -0.817328, -1.2e-05, 0.0, 0.0, 0.0, 1.0],
                [0.807648, 0.51741, 0.282829, 0.124994, 0.321815, -0.788682, 0.523847, -0.002831, 0.494104, -0.332066, -0.803492, -1.2e-05, 0.0, 0.0, 0.0, 1.0],
                [0.805642, 0.531116, 0.26241, 0.124994, 0.323684, -0.765642, 0.555897, -0.002831, 0.496155, -0.362916, -0.78875, -1.2e-05, 0.0, 0.0, 0.0, 1.0],
                [0.803579, 0.543652, 0.242291, 0.124994, 0.325428, -0.74215, 0.585928, -0.002831, 0.498355, -0.391991, -0.773299, -1.2e-05, 0.0, 0.0, 0.0, 1.0],
                [0.801476, 0.555021, 0.222687, 0.124994, 0.327019, -0.718514, 0.613839, -0.002831, 0.500695, -0.419154, -0.757377, -1.2e-05, 0.0, 0.0, 0.0, 1.0],
                [0.799349, 0.565248, 0.203804, 0.124994, 0.328429, -0.695048, 0.639566, -0.002831, 0.503165, -0.444302, -0.741233, -1.2e-05, 0.0, 0.0, 0.0, 1.0],
                [0.797219, 0.574373, 0.185848, 0.124994, 0.329635, -0.672073, 0.663069, -0.002831, 0.50575, -0.467349, -0.725126, -1.2e-05, 0.0, 0.0, 0.0, 1.0],
                [0.795103, 0.58246, 0.168978, 0.124994, 0.33062, -0.649865, 0.684374, -0.002831, 0.508431, -0.48828, -0.709286, -1.2e-05, 0.0, 0.0, 0.0, 1.0],
                [0.793021, 0.58958, 0.153339, 0.124994, 0.331372, -0.628687, 0.703525, -0.002831, 0.511185, -0.507098, -0.693936, -1.2e-05, 0.0, 0.0, 0.0, 1.0],
                [0.790995, 0.595813, 0.139048, 0.124994, 0.331887, -0.608775, 0.720588, -0.00283, 0.513983, -0.523833, -0.679284, -1.2e-05, 0.0, 0.0, 0.0, 1.0],
                [0.789043, 0.601238, 0.126192, 0.124994, 0.332168, -0.590327, 0.73565, -0.002831, 0.516793, -0.538543, -0.665509, -1.2e-05, 0.0, 0.0, 0.0, 1.0],
                [0.787185, 0.605934, 0.114818, 0.124994, 0.332229, -0.573498, 0.748817, -0.002831, 0.51958, -0.551311, -0.652761, -1.2e-05, 0.0, 0.0, 0.0, 1.0],
                [0.78544, 0.609975, 0.104955, 0.124994, 0.332089, -0.558418, 0.76019, -0.002831, 0.522304, -0.562228, -0.641173, -1.2e-05, 0.0, 0.0, 0.0, 1.0],
                [0.783823, 0.613431, 0.096563, 0.124994, 0.33178, -0.54513, 0.769908, -0.002831, 0.524923, -0.571433, -0.630813, -1.2e-05, 0.0, 0.0, 0.0, 1.0],
                [0.782351, 0.616364, 0.08958, 0.124994, 0.331337, -0.53365, 0.778099, -0.002831, 0.527394, -0.579064, -0.621728, -1.2e-05, 0.0, 0.0, 0.0, 1.0],
                [0.781036, 0.618822, 0.083913, 0.124994, 0.330803, -0.523948, 0.784889, -0.002831, 0.529671, -0.585268, -0.613934, -1.2e-05, 0.0, 0.0, 0.0, 1.0],
                [0.779894, 0.62085, 0.079447, 0.124994, 0.330227, -0.515964, 0.790402, -0.002831, 0.53171, -0.590194, -0.607421, -1.2e-05, 0.0, 0.0, 0.0, 1.0],
                [0.778935, 0.622477, 0.076049, 0.124994, 0.329658, -0.50961, 0.79475, -0.002831, 0.533466, -0.593987, -0.60216, -1.2e-05, 0.0, 0.0, 0.0, 1.0],
                [0.778169, 0.62373, 0.073583, 0.124994, 0.329145, -0.504786, 0.798034, -0.002831, 0.534899, -0.596785, -0.598109, -1.2e-05, 0.0, 0.0, 0.0, 1.0],
                [0.777608, 0.624623, 0.07192, 0.124994, 0.328734, -0.5014, 0.800335, -0.002831, 0.535966, -0.598703, -0.59523, -1.2e-05, 0.0, 0.0, 0.0, 1.0],
                [0.777263, 0.625162, 0.07096, 0.124994, 0.328467, -0.49938, 0.801706, -0.002831, 0.53663, -0.599828, -0.593498, -1.2e-05, 0.0, 0.0, 0.0, 1.0],
                [0.777145, 0.625344, 0.070644, 0.124994, 0.328373, -0.498702, 0.802166, -0.002831, 0.536858, -0.600201, -0.592913, -1.2e-05, 0.0, 0.0, 0.0, 1.0],
                [0.777226, 0.625188, 0.071147, 0.124994, 0.32834, -0.499424, 0.801731, -0.002831, 0.536763, -0.599765, -0.593442, -1.2e-05, 0.0, 0.0, 0.0, 1.0],
                [0.777461, 0.624724, 0.072627, 0.124994, 0.328242, -0.501546, 0.800445, -0.002831, 0.536481, -0.598475, -0.594996, -1.2e-05, 0.0, 0.0, 0.0, 1.0],
                [0.777844, 0.623961, 0.075046, 0.124994, 0.328083, -0.505012, 0.798328, -0.002831, 0.536022, -0.596353, -0.597535, -1.2e-05, 0.0, 0.0, 0.0, 1.0],
                [0.778367, 0.622892, 0.078424, 0.124994, 0.327865, -0.509836, 0.795346, -0.002831, 0.535396, -0.593358, -0.601067, -1.2e-05, 0.0, 0.0, 0.0, 1.0],
                [0.779021, 0.621532, 0.082606, 0.124994, 0.327592, -0.515808, 0.791599, -0.002831, 0.534611, -0.58961, -0.605438, -1.2e-05, 0.0, 0.0, 0.0, 1.0],
                [0.779798, 0.619864, 0.087662, 0.124994, 0.327267, -0.523004, 0.786998, -0.002831, 0.533677, -0.58501, -0.610702, -1.2e-05, 0.0, 0.0, 0.0, 1.0],
                [0.78069, 0.617878, 0.093552, 0.124994, 0.326893, -0.53136, 0.781538, -0.002831, 0.532603, -0.579556, -0.61681, -1.2e-05, 0.0, 0.0, 0.0, 1.0],
                [0.781686, 0.615561, 0.100261, 0.124994, 0.326473, -0.540839, 0.775185, -0.002831, 0.531397, -0.573218, -0.623733, -1.2e-05, 0.0, 0.0, 0.0, 1.0],
                [0.782779, 0.612895, 0.107782, 0.124994, 0.326009, -0.551411, 0.767897, -0.002831, 0.53007, -0.565956, -0.631446, -1.2e-05, 0.0, 0.0, 0.0, 1.0],
                [0.783961, 0.609846, 0.116162, 0.124994, 0.325506, -0.563119, 0.75957, -0.002831, 0.528632, -0.55766, -0.639974, -1.2e-05, 0.0, 0.0, 0.0, 1.0],
                [0.785221, 0.606406, 0.125299, 0.124994, 0.324965, -0.575805, 0.750232, -0.002831, 0.527091, -0.54838, -0.649199, -1.2e-05, 0.0, 0.0, 0.0, 1.0],
                [0.786553, 0.602515, 0.135314, 0.124994, 0.324391, -0.589596, 0.739696, -0.002831, 0.525457, -0.537915, -0.659203, -1.2e-05, 0.0, 0.0, 0.0, 1.0],
                [0.787948, 0.598116, 0.146275, 0.124994, 0.323785, -0.604538, 0.727805, -0.002831, 0.523738, -0.52611, -0.670009, -1.2e-05, 0.0, 0.0, 0.0, 1.0],
                [0.789397, 0.593166, 0.158139, 0.124994, 0.323152, -0.62054, 0.714497, -0.002831, 0.521945, -0.512918, -0.681538, -1.2e-05, 0.0, 0.0, 0.0, 1.0],
                [0.790891, 0.587529, 0.171176, 0.124994, 0.322493, -0.637875, 0.699368, -0.002831, 0.520086, -0.49792, -0.693967, -1.2e-05, 0.0, 0.0, 0.0, 1.0],
                [0.792418, 0.581588, 0.18393, 0.124994, 0.321939, -0.654877, 0.683736, -0.002831, 0.518102, -0.482589, -0.706175, -1.2e-05, 0.0, 0.0, 0.0, 1.0],
                [0.793965, 0.575875, 0.194907, 0.124994, 0.321575, -0.669862, 0.669236, -0.002831, 0.515955, -0.468672, -0.717037, -1.2e-05, 0.0, 0.0, 0.0, 1.0],
                [0.795529, 0.570601, 0.203836, 0.124994, 0.321341, -0.682512, 0.656444, -0.002831, 0.513686, -0.456719, -0.72632, -1.2e-05, 0.0, 0.0, 0.0, 1.0],
                [0.797108, 0.565771, 0.211005, 0.124994, 0.321179, -0.693157, 0.645275, -0.002831, 0.511335, -0.446583, -0.734238, -1.2e-05, 0.0, 0.0, 0.0, 1.0],
                [0.798696, 0.561285, 0.216896, 0.124994, 0.321031, -0.702333, 0.63535, -0.002831, 0.508943, -0.43782, -0.741144, -1.2e-05, 0.0, 0.0, 0.0, 1.0],
                [0.80029, 0.556949, 0.222137, 0.124994, 0.320852, -0.710727, 0.626037, -0.002831, 0.506547, -0.429738, -0.74749, -1.2e-05, 0.0, 0.0, 0.0, 1.0],
                [0.801882, 0.552562, 0.227289, 0.124994, 0.320603, -0.718939, 0.61672, -0.002831, 0.504181, -0.421666, -0.753661, -1.2e-05, 0.0, 0.0, 0.0, 1.0],
                [0.803468, 0.547846, 0.233036, 0.124994, 0.320254, -0.727689, 0.606554, -0.002831, 0.501874, -0.412716, -0.760127, -1.2e-05, 0.0, 0.0, 0.0, 1.0],
                [0.805038, 0.542612, 0.239763, 0.124994, 0.319784, -0.737358, 0.595015, -0.002831, 0.499651, -0.402337, -0.767123, -1.2e-05, 0.0, 0.0, 0.0, 1.0],
                [0.806587, 0.536743, 0.24764, 0.124994, 0.319182, -0.748079, 0.581809, -0.002831, 0.497534, -0.390237, -0.774713, -1.2e-05, 0.0, 0.0, 0.0, 1.0],
                [0.808106, 0.530039, 0.256954, 0.124994, 0.318446, -0.760101, 0.566428, -0.002831, 0.495537, -0.375908, -0.783034, -1.2e-05, 0.0, 0.0, 0.0, 1.0],
                [0.809588, 0.522401, 0.267705, 0.124994, 0.317578, -0.773348, 0.548706, -0.002831, 0.493672, -0.359209, -0.792, -1.2e-05, 0.0, 0.0, 0.0, 1.0],
                [0.811026, 0.513719, 0.279875, 0.124994, 0.316588, -0.787716, 0.528467, -0.002831, 0.491943, -0.339996, -0.801499, -1.2e-05, 0.0, 0.0, 0.0, 1.0],
                [0.812414, 0.503923, 0.293338, 0.124994, 0.315491, -0.802977, 0.505663, -0.002831, 0.490356, -0.318262, -0.811336, -1.2e-05, 0.0, 0.0, 0.0, 1.0],
                [0.813745, 0.492949, 0.307932, 0.124994, 0.314304, -0.818864, 0.480286, -0.00283, 0.488909, -0.294046, -0.821286, -1.2e-05, 0.0, 0.0, 0.0, 1.0],
                [0.815014, 0.48076, 0.323457, 0.124994, 0.313048, -0.835069, 0.452395, -0.002831, 0.4876, -0.267451, -0.831097, -1.2e-05, 0.0, 0.0, 0.0, 1.0],
                [0.816216, 0.467346, 0.339678, 0.124994, 0.311744, -0.851256, 0.422113, -0.002831, 0.486425, -0.238643, -0.840504, -1.2e-05, 0.0, 0.0, 0.0, 1.0],
                [0.817346, 0.452716, 0.356364, 0.124994, 0.310413, -0.8671, 0.389591, -0.002831, 0.485376, -0.207811, -0.849253, -1.2e-05, 0.0, 0.0, 0.0, 1.0],
                [0.818401, 0.43693, 0.373248, 0.124994, 0.30908, -0.88226, 0.355086, -0.002831, 0.484447, -0.17524, -0.857092, -1.2e-05, 0.0, 0.0, 0.0, 1.0],
                [0.819379, 0.420048, 0.390103, 0.124994, 0.307765, -0.896452, 0.318833, -0.002831, 0.483632, -0.141186, -0.863813, -1.2e-05, 0.0, 0.0, 0.0, 1.0],
                [0.820275, 0.402292, 0.406587, 0.124994, 0.30649, -0.90933, 0.281394, -0.002831, 0.482922, -0.106206, -0.869202, -1.2e-05, 0.0, 0.0, 0.0, 1.0],
                [0.821087, 0.383717, 0.422587, 0.124994, 0.305276, -0.92076, 0.242916, -0.002831, 0.48231, -0.070451, -0.873167, -1.2e-05, 0.0, 0.0, 0.0, 1.0],
                [0.821813, 0.364666, 0.437771, 0.124994, 0.304142, -0.930494, 0.204152, -0.002831, 0.481789, -0.034631, -0.875606, -1.2e-05, 0.0, 0.0, 0.0, 1.0],
                [0.822452, 0.345305, 0.452039, 0.124994, 0.303106, -0.93849, 0.165417, -0.002831, 0.481352, 0.000967, -0.876531, -1.2e-05, 0.0, 0.0, 0.0, 1.0],
                [0.823, 0.326028, 0.465165, 0.124994, 0.302186, -0.944688, 0.127471, -0.002831, 0.480992, 0.035657, -0.876003, -1.2e-05, 0.0, 0.0, 0.0, 1.0],
                [0.823456, 0.30726, 0.476983, 0.124994, 0.301398, -0.949138, 0.091081, -0.002831, 0.480706, 0.068759, -0.874185, -1.2e-05, 0.0, 0.0, 0.0, 1.0],
                [0.823817, 0.289656, 0.487264, 0.124994, 0.300758, -0.951971, 0.057411, -0.002831, 0.480488, 0.099252, -0.87137, -1.2e-05, 0.0, 0.0, 0.0, 1.0],
                [0.824081, 0.274269, 0.49565, 0.124994, 0.30028, -0.95343, 0.028328, -0.002831, 0.480335, 0.125488, -0.868065, -1.2e-05, 0.0, 0.0, 0.0, 1.0],
                [0.824243, 0.262957, 0.501477, 0.124994, 0.299982, -0.953918, 0.007142, -0.002831, 0.480244, 0.144546, -0.865146, -1.2e-05, 0.0, 0.0, 0.0, 1.0],
                [0.824298, 0.258569, 0.503664, 0.124994, 0.299879, -0.953976, -0.001035, -0.002831, 0.480214, 0.15189, -0.863904, -1.2e-05, 0.0, 0.0, 0.0, 1.0]
            ]
        },
        {
            "name": "Leg_R",
            "time": [0.0, 0.0167, 0.0333, 0.05, 0.0667, 0.0833, 0.1, 0.1167, 0.1333, 0.15, 0.1667, 0.1833, 0.2, 0.2167, 0.2333, 0.25, 0.2667, 0.2833, 0.3, 0.3167, 0.3333, 0.35, 0.3667, 0.3833, 0.4, 0.4167, 0.4333, 0.45, 0.4667, 0.4833, 0.5, 0.5167, 0.5333, 0.55, 0.5667, 0.5833, 0.6, 0.6167, 0.6333, 0.65, 0.6667, 0.6833, 0.7, 0.7167, 0.7333, 0.75, 0.7667, 0.7833, 0.8, 0.8167, 0.8333, 0.85, 0.8667, 0.8833, 0.9, 0.9167, 0.9333, 0.95, 0.9667, 0.9833, 1.0, 1.0167, 1.0333, 1.05, 1.0667, 1.0833, 1.1, 1.1167, 1.1333, 1.15, 1.1667, 1.1833, 1.2, 1.2167, 1.2333, 1.25, 1.2667, 1.2833, 1.3, 1.3167, 1.3333],
            "transform": [
                [1.0, -0.00016, -0.000126, -0.0, 0.000177, 0.989676, 0.143324, 0.375166, 0.000102, -0.143324, 0.989676, -0.0, 0.0, 0.0, 0.0, 1.0],
                [1.0, -0.000179, -0.000129, 0.0, 0.000198, 0.987073, 0.160269, 0.375166, 9.9e-05, -0.160269, 0.987073, 0.0, 0.0, 0.0, 0.0, 1.0],
                [1.0, -0.000225, -0.000138, 0.0, 0.000248, 0.979519, 0.201353, 0.375166, 9e-05, -0.201353, 0.979519, -0.0, 0.0, 0.0, 0.0, 1.0],
                [1.0, -0.000283, -0.000151, -0.0, 0.000312, 0.967462, 0.253018, 0.375166, 7.5e-05, -0.253017, 0.967461, -0.0, 0.0, 0.0, 0.0, 1.0],
                [1.0, -0.000344, -0.000169, 0.0, 0.00038, 0.951425, 0.307883, 0.375166, 5.5e-05, -0.307881, 0.951424, 0.0, 0.0, 0.0, 0.0, 1.0],
                [1.0, -0.000405, -0.000191, 0.0, 0.000447, 0.932001, 0.362457, 0.375166, 3.1e-05, -0.362455, 0.932001, 0.0, 0.0, 0.0, 0.0, 1.0],
                [1.0, -0.000464, -0.000216, 0.0, 0.000512, 0.909769, 0.415117, 0.375166, 4e-06, -0.415115, 0.909768, -0.0, 0.0, 0.0, 0.0, 1.0],
                [1.0, -0.00052, -0.000243, 0.0, 0.000573, 0.885376, 0.464877, 0.375166, -2.6e-05, -0.464875, 0.885375, 0.0, 0.0, 0.0, 0.0, 1.0],
                [1.0, -0.000572, -0.000272, -0.0, 0.00063, 0.859464, 0.511198, 0.375166, -5.8e-05, -0.511196, 0.859463, 0.0, 0.0, 0.0, 0.0, 1.0],
                [1.0, -0.000619, -0.000302, -0.0, 0.000683, 0.832732, 0.553677, 0.375166, -9.1e-05, -0.553675, 0.832732, -0.0, 0.0, 0.0, 0.0, 1.0],
                [1.0, -0.000663, -0.000332, 0.0, 0.000731, 0.805613, 0.592444, 0.375166, -0.000125, -0.59244, 0.805612, -0.0, 0.0, 0.0, 0.0, 1.0],
                [1.0, -0.000701, -0.000362, -0.0, 0.000773, 0.778929, 0.627114, 0.375166, -0.000158, -0.627111, 0.778928, 0.0, 0.0, 0.0, 0.0, 1.0],
                [0.999999, -0.000736, -0.000391, 0.0, 0.000812, 0.752956, 0.658072, 0.375166, -0.00019, -0.658069, 0.752955, 0.0, 0.0, 0.0, 0.0, 1.0],
                [1.0, -0.000766, -0.000419, -0.0, 0.000845, 0.728417, 0.685136, 0.375166, -0.00022, -0.685132, 0.728416, 0.0, 0.0, 0.0, 0.0, 1.0],
                [1.0, -0.000792, -0.000444, 0.0, 0.000874, 0.70573, 0.708483, 0.375166, -0.000248, -0.708479, 0.705729, -0.0, 0.0, 0.0, 0.0, 1.0],
                [0.999999, -0.000815, -0.000467, -0.0, 0.000898, 0.684995, 0.728549, 0.375166, -0.000273, -0.728546, 0.684994, -0.0, 0.0, 0.0, 0.0, 1.0],
                [0.999999, -0.000833, -0.000488, -0.0, 0.000919, 0.666843, 0.7452, 0.375166, -0.000296, -0.745196, 0.666842, -0.0, 0.0, 0.0, 0.0, 1.0],
                [1.0, -0.000849, -0.000505, 0.0, 0.000936, 0.651375, 0.758758, 0.375166, -0.000315, -0.758754, 0.651374, 0.0, 0.0, 0.0, 0.0, 1.0],
                [1.0, -0.00086, -0.000519, -0.0, 0.000949, 0.63875, 0.769416, 0.375166, -0.00033, -0.769412, 0.638749, -0.0, 0.0, 0.0, 0.0, 1.0],
                [0.999999, -0.000869, -0.00053, -0.0, 0.000959, 0.629051, 0.777366, 0.375166, -0.000342, -0.777362, 0.62905, 0.0, 0.0, 0.0, 0.0, 1.0],
                [0.999999, -0.000875, -0.000537, 0.0, 0.000965, 0.622318, 0.782766, 0.375166, -0.000351, -0.782762, 0.622317, -0.0, 0.0, 0.0, 0.0, 1.0],
                [0.999999, -0.000879, -0.000542, -0.0, 0.000969, 0.618446, 0.785829, 0.375166, -0.000356, -0.785825, 0.618445, 0.0, 0.0, 0.0, 0.0, 1.0],
                [1.0, -0.00088, -0.000543, -0.0, 0.00097, 0.617285, 0.786741, 0.375166, -0.000357, -0.786737, 0.617284, 0.0, 0.0, 0.0, 0.0, 1.0],
                [0.999999, -0.000879, -0.000541, 0.0, 0.000969, 0.61863, 0.785684, 0.375166, -0.000355, -0.78568, 0.618629, -0.0, 0.0, 0.0, 0.0, 1.0],
                [1.0, -0.000875, -0.000538, 0.0, 0.000965, 0.622212, 0.782851, 0.375166, -0.000351, -0.782847, 0.622211, 0.0, 0.0, 0.0, 0.0, 1.0],
                [0.999999, -0.00087, -0.000531, 0.0, 0.00096, 0.627709, 0.778449, 0.375166, -0.000344, -0.778446, 0.627708, 0.0, 0.0, 0.0, 0.0, 1.0],
                [1.0, -0.000864, -0.000523, -0.0, 0.000953, 0.634788, 0.772688, 0.375166, -0.000335, -0.772684, 0.634787, 0.0, 0.0, 0.0, 0.0, 1.0],
                [0.999999, -0.000856, -0.000514, 0.0, 0.000945, 0.642996, 0.76587, 0.375166, -0.000325, -0.765867, 0.642996, -0.0, 0.0, 0.0, 0.0, 1.0],
                [0.999999, -0.000848, -0.000504, 0.0, 0.000935, 0.651888, 0.758317, 0.375166, -0.000314, -0.758313, 0.651887, 0.0, 0.0, 0.0, 0.0, 1.0],
                [1.0, -0.000839, -0.000494, 0.0, 0.000925, 0.660993, 0.750394, 0.375166, -0.000303, -0.75039, 0.660992, -0.0, 0.0, 0.0, 0.0, 1.0],
                [1.0, -0.00083, -0.000484, -0.0, 0.000916, 0.669838, 0.742509, 0.375166, -0.000292, -0.742505, 0.669837, 0.0, 0.0, 0.0, 0.0, 1.0],
                [1.0, -0.000822, -0.000475, 0.0, 0.000907, 0.677955, 0.735105, 0.375166, -0.000282, -0.735101, 0.677954, -0.0, 0.0, 0.0, 0.0, 1.0],
                [0.999999, -0.000815, -0.000467, -0.0, 0.000899, 0.684893, 0.728645, 0.375166, -0.000274, -0.728641, 0.684893, 0.0, 0.0, 0.0, 0.0, 1.0],
                [1.0, -0.000809, -0.000461, 0.0, 0.000892, 0.690246, 0.723576, 0.375166, -0.000267, -0.723573, 0.690246, 0.0, 0.0, 0.0, 0.0, 1.0],
                [1.0, -0.000806, -0.000457, 0.0, 0.000888, 0.693656, 0.720308, 0.375166, -0.000263, -0.720305, 0.693655, 0.0, 0.0, 0.0, 0.0, 1.0],
                [1.0, -0.000804, -0.000456, -0.0, 0.000887, 0.694842, 0.719164, 0.375166, -0.000261, -0.71916, 0.694841, -0.0, 0.0, 0.0, 0.0, 1.0],
                [0.999999, -0.000803, -0.000455, -0.0, 0.000886, 0.695795, 0.718242, 0.375166, -0.00026, -0.718238, 0.695794, -0.0, 0.0, 0.0, 0.0, 1.0],
                [1.0, -0.0008, -0.000452, 0.0, 0.000882, 0.698602, 0.715512, 0.375166, -0.000257, -0.715508, 0.698601, -0.0, 0.0, 0.0, 0.0, 1.0],
                [0.999999, -0.000795, -0.000447, 0.0, 0.000877, 0.703183, 0.711011, 0.375166, -0.000251, -0.711007, 0.703182, 0.0, 0.0, 0.0, 0.0, 1.0],
                [0.999999, -0.000788, -0.00044, -0.0, 0.000869, 0.709576, 0.704631, 0.375166, -0.000243, -0.704627, 0.709575, -0.0, 0.0, 0.0, 0.0, 1.0],
                [0.999999, -0.000779, -0.000431, 0.0, 0.000859, 0.717436, 0.696626, 0.375166, -0.000233, -0.696623, 0.717435, 0.0, 0.0, 0.0, 0.0, 1.0],
                [1.0, -0.000768, -0.000421, -0.0, 0.000847, 0.726898, 0.686747, 0.375166, -0.000222, -0.686744, 0.726897, 0.0, 0.0, 0.0, 0.0, 1.0],
                [1.0, -0.000755, -0.000408, -0.0, 0.000832, 0.737852, 0.674964, 0.375166, -0.000208, -0.674961, 0.737851, -0.0, 0.0, 0.0, 0.0, 1.0],
                [1.0, -0.000739, -0.000394, -0.0, 0.000815, 0.750225, 0.661184, 0.375166, -0.000193, -0.66118, 0.750225, -0.0, 0.0, 0.0, 0.0, 1.0],
                [0.999999, -0.000722, -0.000379, -0.0, 0.000796, 0.763951, 0.645276, 0.375166, -0.000176, -0.645272, 0.76395, 0.0, 0.0, 0.0, 0.0, 1.0],
                [1.0, -0.000701, -0.000362, 0.0, 0.000773, 0.779058, 0.626953, 0.375166, -0.000157, -0.62695, 0.779057, -0.0, 0.0, 0.0, 0.0, 1.0],
                [1.0, -0.000678, -0.000344, -0.0, 0.000748, 0.795244, 0.606291, 0.375166, -0.000138, -0.606288, 0.795243, -0.0, 0.0, 0.0, 0.0, 1.0],
                [1.0, -0.000652, -0.000324, -0.0, 0.000719, 0.812635, 0.582775, 0.375166, -0.000116, -0.582772, 0.812634, -0.0, 0.0, 0.0, 0.0, 1.0],
                [1.0, -0.000622, -0.000304, -0.0, 0.000686, 0.831192, 0.555987, 0.375166, -9.3e-05, -0.555984, 0.831191, 0.0, 0.0, 0.0, 0.0, 1.0],
                [0.999999, -0.000588, -0.000282, 0.0, 0.000648, 0.850629, 0.525768, 0.375166, -6.9e-05, -0.525765, 0.850628, 0.0, 0.0, 0.0, 0.0, 1.0],
                [1.0, -0.000549, -0.000259, -0.0, 0.000606, 0.871135, 0.491046, 0.375166, -4.4e-05, -0.491043, 0.871134, -0.0, 0.0, 0.0, 0.0, 1.0],
                [1.0, -0.000513, -0.00024, -0.0, 0.000566, 0.888645, 0.458597, 0.375166, -2.2e-05, -0.458594, 0.888645, -0.0, 0.0, 0.0, 0.0, 1.0],
                [1.0, -0.000487, -0.000227, 0.0, 0.000538, 0.900019, 0.435853, 0.375166, -8e-06, -0.435851, 0.900018, 0.0, 0.0, 0.0, 0.0, 1.0],
                [1.0, -0.000474, -0.00022, -0.0, 0.000523, 0.905688, 0.423947, 0.375166, -1e-06, -0.423945, 0.905687, -0.0, 0.0, 0.0, 0.0, 1.0],
                [1.0, -0.000472, -0.00022, -0.0, 0.000521, 0.906544, 0.422112, 0.375166, -0.0, -0.42211, 0.906544, 0.0, 0.0, 0.0, 0.0, 1.0],
                [1.0, -0.000479, -0.000223, -0.0, 0.000529, 0.90342, 0.428757, 0.375166, -4e-06, -0.428755, 0.90342, -0.0, 0.0, 0.0, 0.0, 1.0],
                [1.0, -0.000494, -0.00023, -0.0, 0.000545, 0.897182, 0.441663, 0.375166, -1.2e-05, -0.441661, 0.897181, -0.0, 0.0, 0.0, 0.0, 1.0],
                [1.0, -0.000513, -0.00024, -0.0, 0.000566, 0.888585, 0.458714, 0.375166, -2.2e-05, -0.458711, 0.888585, 0.0, 0.0, 0.0, 0.0, 1.0],
                [1.0, -0.000534, -0.000251, 0.0, 0.000589, 0.878708, 0.477361, 0.375166, -3.5e-05, -0.477358, 0.878707, 0.0, 0.0, 0.0, 0.0, 1.0],
                [1.0, -0.000555, -0.000262, -0.0, 0.000612, 0.868342, 0.495967, 0.375166, -4.7e-05, -0.495964, 0.868342, 0.0, 0.0, 0.0, 0.0, 1.0],
                [1.0, -0.000574, -0.000274, -0.0, 0.000633, 0.858063, 0.513547, 0.375166, -6e-05, -0.513544, 0.858062, -0.0, 0.0, 0.0, 0.0, 1.0],
                [0.999999, -0.000591, -0.000284, -0.0, 0.000652, 0.8488, 0.528715, 0.375166, -7.1e-05, -0.528713, 0.848799, -0.0, 0.0, 0.0, 0.0, 1.0],
                [1.0, -0.000605, -0.000293, 0.0, 0.000667, 0.841069, 0.54093, 0.375166, -8.1e-05, -0.540927, 0.841068, -0.0, 0.0, 0.0, 0.0, 1.0],
                [1.0, -0.000615, -0.000299, -0.0, 0.000678, 0.835403, 0.54964, 0.375166, -8.8e-05, -0.549637, 0.835402, 0.0, 0.0, 0.0, 0.0, 1.0],
                [1.0, -0.00062, -0.000303, 0.0, 0.000684, 0.832146, 0.554558, 0.375166, -9.2e-05, -0.554555, 0.832145, 0.0, 0.0, 0.0, 0.0, 1.0],
                [1.0, -0.000621, -0.000303, -0.0, 0.000685, 0.831562, 0.555434, 0.375166, -9.3e-05, -0.555432, 0.831561, -0.0, 0.0, 0.0, 0.0, 1.0],
                [1.0, -0.000617, -0.000301, -0.0, 0.000681, 0.833793, 0.552079, 0.375166, -9e-05, -0.552076, 0.833792, -0.0, 0.0, 0.0, 0.0, 1.0],
                [0.999999, -0.000609, -0.000295, 0.0, 0.000671, 0.838856, 0.544356, 0.375166, -8.4e-05, -0.544353, 0.838855, 0.0, 0.0, 0.0, 0.0, 1.0],
                [1.0, -0.000595, -0.000286, -0.0, 0.000656, 0.846687, 0.532093, 0.375166, -7.4e-05, -0.53209, 0.846686, -0.0, 0.0, 0.0, 0.0, 1.0],
                [1.0, -0.000576, -0.000275, -0.0, 0.000635, 0.857046, 0.515241, 0.375166, -6.1e-05, -0.515238, 0.857046, -0.0, 0.0, 0.0, 0.0, 1.0],
                [1.0, -0.000552, -0.000261, -0.0, 0.000609, 0.869671, 0.493633, 0.375166, -4.6e-05, -0.49363, 0.869671, 0.0, 0.0, 0.0, 0.0, 1.0],
                [1.0, -0.000523, -0.000245, 0.0, 0.000577, 0.883902, 0.467674, 0.375166, -2.8e-05, -0.467672, 0.883901, -0.0, 0.0, 0.0, 0.0, 1.0],
                [1.0, -0.000489, -0.000227, 0.0, 0.000539, 0.899489, 0.436944, 0.375166, -9e-06, -0.436942, 0.899489, -0.0, 0.0, 0.0, 0.0, 1.0],
                [1.0, -0.00045, -0.00021, 0.0, 0.000496, 0.915562, 0.402177, 0.375166, 1.1e-05, -0.402175, 0.915562, -0.0, 0.0, 0.0, 0.0, 1.0],
                [1.0, -0.000406, -0.000191, 0.0, 0.000448, 0.931675, 0.363295, 0.375166, 3.1e-05, -0.363293, 0.931674, -0.0, 0.0, 0.0, 0.0, 1.0],
                [1.0, -0.000359, -0.000174, 0.0, 0.000396, 0.947037, 0.321125, 0.375166, 5e-05, -0.321124, 0.947037, -0.0, 0.0, 0.0, 0.0, 1.0],
                [1.0, -0.000309, -0.000159, -0.0, 0.000341, 0.960985, 0.276602, 0.375166, 6.7e-05, -0.276601, 0.960985, 0.0, 0.0, 0.0, 0.0, 1.0],
                [1.0, -0.000259, -0.000145, -0.0, 0.000286, 0.972824, 0.231548, 0.375166, 8.1e-05, -0.231548, 0.972824, 0.0, 0.0, 0.0, 0.0, 1.0],
                [1.0, -0.000212, -0.000135, 0.0, 0.000234, 0.981909, 0.189355, 0.375166, 9.3e-05, -0.189355, 0.981909, -0.0, 0.0, 0.0, 0.0, 1.0],
