{
    "animation": [
        {
            "name": "Root",
            "time": [0.0, 0.0167, 0.0333, 0.05, 0.0667, 0.0833, 0.1, 0.1167, 0.1333, 0.15, 0.1667, 0.1833, 0.2, 0.2167, 0.2333, 0.25, 0.2667, 0.2833, 0.3, 0.3167, 0.3333, 0.35, 0.3667, 0.3833, 0.4, 0.4167, 0.4333, 0.45, 0.4667, 0.4833, 0.5, 0.5167, 0.5333, 0.55, 0.5667, 0.5833, 0.6, 0.6167, 0.6333, 0.65, 0.6667, 0.6833, 0.7, 0.7167, 0.7333, 0.75, 0.7667, 0.7833, 0.8, 0.8167, 0.8333, 0.85, 0.8667, 0.8833, 0.9, 0.9167, 0.9333, 0.95, 0.9667, 0.9833, 1.0, 1.0167, 1.0333, 1.05, 1.0667, 1.0833, 1.1, 1.1167, 1.1333, 1.15, 1.1667, 1.1833, 1.2, 1.2167, 1.2333, 1.25, 1.2667, 1.2833, 1.3, 1.3167, 1.3333, 1.35, 1.3667, 1.3833, 1.4, 1.4167, 1.4333, 1.45, 1.4667, 1.4833, 1.5, 1.5167, 1.5333, 1.55, 1.5667, 1.5833, 1.6, 1.6167, 1.6333, 1.65, 1.6667],
            "transform": [
                [0.824663, 0.046416, 0.563716, -0.002325, 0.562834, 0.031532, -0.825969, 0.068931, -0.056113, 0.998424, -0.000121, 0.616243, 0.0, 0.0, 0.0, 1.0],
                [0.824663, 0.046416, 0.563716, -0.001117, 0.562834, 0.031532, -0.825969, 0.0655, -0.056113, 0.998424, -0.000121, 0.61739, 0.0, 0.0, 0.0, 1.0],
                [0.824663, 0.046416, 0.563716, 0.002164, 0.562834, 0.031532, -0.825969, 0.056188, -0.056113, 0.998424, -0.000121, 0.620505, 0.0, 0.0, 0.0, 1.0],
                [0.824663, 0.046416, 0.563716, 0.006999, 0.562834, 0.031532, -0.825969, 0.042464, -0.056113, 0.998424, -0.000121, 0.625095, 0.0, 0.0, 0.0, 1.0],
                [0.824663, 0.046416, 0.563716, 0.01287, 0.562834, 0.031532, -0.825969, 0.0258, -0.056113, 0.998424, -0.000121, 0.630669, 0.0, 0.0, 0.0, 1.0],
                [0.824663, 0.046416, 0.563716, 0.019259, 0.562834, 0.031532, -0.825969, 0.007665, -0.056113, 0.998424, -0.000121, 0.636735, 0.0, 0.0, 0.0, 1.0],
                [0.824663, 0.046416, 0.563716, 0.025648, 0.562834, 0.031532, -0.825969, -0.01047, -0.056113, 0.998424, -0.000121, 0.6428, 0.0, 0.0, 0.0, 1.0],
                [0.824663, 0.046416, 0.563716, 0.031519, 0.562834, 0.031532, -0.825969, -0.027135, -0.056113, 0.998424, -0.000121, 0.648374, 0.0, 0.0, 0.0, 1.0],
                [0.824663, 0.046416, 0.563716, 0.036354, 0.562834, 0.031532, -0.825969, -0.040858, -0.056113, 0.998424, -0.000121, 0.652964, 0.0, 0.0, 0.0, 1.0],
                [0.824663, 0.046416, 0.563716, 0.039634, 0.562834, 0.031532, -0.825969, -0.050171, -0.056113, 0.998424, -0.000121, 0.656079, 0.0, 0.0, 0.0, 1.0],
                [0.824663, 0.046416, 0.563716, 0.040843, 0.562834, 0.031532, -0.825969, -0.053602, -0.056113, 0.998424, -0.000121, 0.657227, 0.0, 0.0, 0.0, 1.0],
                [0.824663, 0.046416, 0.563716, 0.040843, 0.562834, 0.031532, -0.825969, -0.053602, -0.056113, 0.998424, -0.000121, 0.657227, 0.0, 0.0, 0.0, 1.0],
                [0.824663, 0.046416, 0.563716, 0.040843, 0.562834, 0.031532, -0.825969, -0.053602, -0.056113, 0.998424, -0.000121, 0.657227, 0.0, 0.0, 0.0, 1.0],
                [0.824663, 0.046416, 0.563716, 0.040843, 0.562834, 0.031532, -0.825969, -0.053602, -0.056113, 0.998424, -0.000121, 0.657227, 0.0, 0.0, 0.0, 1.0],
                [0.824663, 0.046416, 0.563716, 0.040843, 0.562834, 0.031532, -0.825969, -0.053602, -0.056113, 0.998424, -0.000121, 0.657227, 0.0, 0.0, 0.0, 1.0],
                [0.824663, 0.046416, 0.563716, 0.040843, 0.562834, 0.031532, -0.825969, -0.053602, -0.056113, 0.998424, -0.000121, 0.657227, 0.0, 0.0, 0.0, 1.0],
                [0.824663, 0.046416, 0.563716, 0.040843, 0.562834, 0.031532, -0.825969, -0.053602, -0.056113, 0.998424, -0.000121, 0.657227, 0.0, 0.0, 0.0, 1.0],
                [0.824663, 0.046416, 0.563716, 0.040843, 0.562834, 0.031532, -0.825969, -0.053602, -0.056113, 0.998424, -0.000121, 0.657227, 0.0, 0.0, 0.0, 1.0],
                [0.824663, 0.046416, 0.563716, 0.040843, 0.562834, 0.031532, -0.825969, -0.053602, -0.056113, 0.998424, -0.000121, 0.657227, 0.0, 0.0, 0.0, 1.0],
                [0.824663, 0.046416, 0.563716, 0.040843, 0.562834, 0.031532, -0.825969, -0.053602, -0.056113, 0.998424, -0.000121, 0.657227, 0.0, 0.0, 0.0, 1.0],
                [0.824663, 0.046416, 0.563716, 0.040843, 0.562834, 0.031532, -0.825969, -0.053602, -0.056113, 0.998424, -0.000121, 0.657227, 0.0, 0.0, 0.0, 1.0],
                [0.824663, 0.046416, 0.563716, 0.040843, 0.562834, 0.031532, -0.825969, -0.053602, -0.056113, 0.998424, -0.000121, 0.657227, 0.0, 0.0, 0.0, 1.0],
                [0.824663, 0.046416, 0.563716, 0.040843, 0.562834, 0.031532, -0.825969, -0.053602, -0.056113, 0.998424, -0.000121, 0.657227, 0.0, 0.0, 0.0, 1.0],
                [0.824663, 0.046416, 0.563716, 0.040843, 0.562834, 0.031532, -0.825969, -0.053602, -0.056113, 0.998424, -0.000121, 0.657227, 0.0, 0.0, 0.0, 1.0],
                [0.824663, 0.046416, 0.563716, 0.040843, 0.562834, 0.031532, -0.825969, -0.053602, -0.056113, 0.998424, -0.000121, 0.657227, 0.0, 0.0, 0.0, 1.0],
                [0.824663, 0.046416, 0.563716, 0.040843, 0.562834, 0.031532, -0.825969, -0.053602, -0.056113, 0.998424, -0.000121, 0.657227, 0.0, 0.0, 0.0, 1.0],
                [0.824663, 0.046416, 0.563716, 0.040843, 0.562834, 0.031532, -0.825969, -0.053602, -0.056113, 0.998424, -0.000121, 0.657227, 0.0, 0.0, 0.0, 1.0],
                [0.824663, 0.046416, 0.563716, 0.040843, 0.562834, 0.031532, -0.825969, -0.053602, -0.056113, 0.998424, -0.000121, 0.657227, 0.0, 0.0, 0.0, 1.0],
                [0.824663, 0.046416, 0.563716, 0.040843, 0.562834, 0.031532, -0.825969, -0.053602, -0.056113, 0.998424, -0.000121, 0.657227, 0.0, 0.0, 0.0, 1.0],
                [0.824663, 0.046416, 0.563716, 0.040843, 0.562834, 0.031532, -0.825969, -0.053602, -0.056113, 0.998424, -0.000121, 0.657227, 0.0, 0.0, 0.0, 1.0],
                [0.824663, 0.046416, 0.563716, 0.040843, 0.562834, 0.031532, -0.825969, -0.053602, -0.056113, 0.998424, -0.000121, 0.657227, 0.0, 0.0, 0.0, 1.0],
                [0.824663, 0.046416, 0.563716, 0.040843, 0.562834, 0.031532, -0.825969, -0.053602, -0.056113, 0.998424, -0.000121, 0.657227, 0.0, 0.0, 0.0, 1.0],
                [0.824663, 0.046416, 0.563716, 0.040843, 0.562834, 0.031532, -0.825969, -0.053602, -0.056113, 0.998424, -0.000121, 0.657227, 0.0, 0.0, 0.0, 1.0],
                [0.824663, 0.046416, 0.563716, 0.040843, 0.562834, 0.031532, -0.825969, -0.053602, -0.056113, 0.998424, -0.000121, 0.657227, 0.0, 0.0, 0.0, 1.0],
                [0.824663, 0.046416, 0.563716, 0.040843, 0.562834, 0.031532, -0.825969, -0.053602, -0.056113, 0.998424, -0.000121, 0.657227, 0.0, 0.0, 0.0, 1.0],
                [0.824663, 0.046416, 0.563716, 0.040843, 0.562834, 0.031532, -0.825969, -0.053602, -0.056113, 0.998424, -0.000121, 0.657227, 0.0, 0.0, 0.0, 1.0],
                [0.82122, 0.046223, 0.568736, 0.04121, 0.567846, 0.031814, -0.82252, -0.053268, -0.056113, 0.998424, -0.000121, 0.657285, 0.0, 0.0, 0.0, 1.0],
                [0.811686, 0.045689, 0.582304, 0.042192, 0.581392, 0.032576, -0.812971, -0.052173, -0.056113, 0.998424, -0.000121, 0.657455, 0.0, 0.0, 0.0, 1.0],
                [0.797135, 0.044874, 0.602132, 0.043604, 0.601189, 0.033691, -0.798397, -0.050166, -0.056113, 0.998424, -0.000121, 0.657736, 0.0, 0.0, 0.0, 1.0],
                [0.778662, 0.043838, 0.625911, 0.045258, 0.62493, 0.035027, -0.779895, -0.047103, -0.056113, 0.998424, -0.000121, 0.658122, 0.0, 0.0, 0.0, 1.0],
                [0.757563, 0.042656, 0.651367, 0.046967, 0.650346, 0.036458, -0.758763, -0.042853, -0.056113, 0.998424, -0.000121, 0.658611, 0.0, 0.0, 0.0, 1.0],
                [0.735435, 0.041415, 0.676329, 0.048557, 0.675268, 0.037862, -0.7366, -0.037309, -0.056113, 0.998424, -0.000121, 0.659199, 0.0, 0.0, 0.0, 1.0],
                [0.714204, 0.040224, 0.698781, 0.049867, 0.697685, 0.039124, -0.715336, -0.030385, -0.056113, 0.998424, -0.000121, 0.659881, 0.0, 0.0, 0.0, 1.0],
                [0.696085, 0.039208, 0.716888, 0.050756, 0.715763, 0.040142, -0.697188, -0.022014, -0.056113, 0.998424, -0.000121, 0.660656, 0.0, 0.0, 0.0, 1.0],
                [0.683468, 0.038501, 0.728965, 0.0511, 0.727821, 0.040822, -0.684551, -0.01213, -0.056113, 0.998424, -0.000121, 0.661518, 0.0, 0.0, 0.0, 1.0],
                [0.678754, 0.038236, 0.733369, 0.050788, 0.732219, 0.041069, -0.67983, -0.000663, -0.056113, 0.998424, -0.000121, 0.662465, 0.0, 0.0, 0.0, 1.0],
                [0.702386, 0.039562, 0.710696, 0.050832, 0.709581, 0.039794, -0.703499, 0.02383, -0.056113, 0.998424, -0.000121, 0.663492, 0.0, 0.0, 0.0, 1.0],
                [0.763471, 0.042987, 0.644409, 0.051867, 0.643399, 0.036067, -0.764681, 0.069405, -0.056113, 0.998424, -0.000121, 0.664597, 0.0, 0.0, 0.0, 1.0],
                [0.843544, 0.047474, 0.534957, 0.053092, 0.53412, 0.029916, -0.844879, 0.131303, -0.056113, 0.998424, -0.000121, 0.665775, 0.0, 0.0, 0.0, 1.0],
                [0.920932, 0.051805, 0.386265, 0.053964, 0.385663, 0.021563, -0.922388, 0.204898, -0.056113, 0.998424, -0.000121, 0.667024, 0.0, 0.0, 0.0, 1.0],
                [0.975919, 0.054874, 0.211118, 0.05452, 0.210792, 0.011728, -0.977461, 0.285309, -0.056113, 0.998424, -0.000121, 0.668339, 0.0, 0.0, 0.0, 1.0],
                [0.997956, 0.056091, 0.030626, 0.05526, 0.030584, 0.001597, -0.999531, 0.366921, -0.056113, 0.998424, -0.000121, 0.669716, 0.0, 0.0, 0.0, 1.0],
                [0.989656, 0.055604, -0.132245, 0.056652, -0.13203, -0.007541, -0.991217, 0.443209, -0.056113, 0.998424, -0.000121, 0.671153, 0.0, 0.0, 0.0, 1.0],
                [0.964163, 0.054156, -0.259726, 0.05868, -0.25931, -0.014691, -0.965682, 0.507005, -0.056113, 0.998424, -0.000121, 0.672646, 0.0, 0.0, 0.0, 1.0],
                [0.938477, 0.052703, -0.341295, 0.060762, -0.340751, -0.019265, -0.939956, 0.550995, -0.056113, 0.998424, -0.000121, 0.674191, 0.0, 0.0, 0.0, 1.0],
                [0.927498, 0.052082, -0.370182, 0.062023, -0.369592, -0.020885, -0.928959, 0.568101, -0.056113, 0.998424, -0.000121, 0.675784, 0.0, 0.0, 0.0, 1.0],
                [0.927498, 0.052082, -0.370182, 0.062598, -0.369592, -0.020885, -0.928959, 0.569525, -0.056113, 0.998424, -0.000121, 0.677422, 0.0, 0.0, 0.0, 1.0],
                [0.927498, 0.052082, -0.370182, 0.063187, -0.369592, -0.020885, -0.928959, 0.570985, -0.056113, 0.998424, -0.000121, 0.679102, 0.0, 0.0, 0.0, 1.0],
                [0.927498, 0.052082, -0.370182, 0.063789, -0.369592, -0.020885, -0.928959, 0.572478, -0.056113, 0.998424, -0.000121, 0.680819, 0.0, 0.0, 0.0, 1.0],
                [0.927498, 0.052082, -0.370182, 0.064404, -0.369592, -0.020885, -0.928959, 0.574001, -0.056113, 0.998424, -0.000121, 0.68257, 0.0, 0.0, 0.0, 1.0],
                [0.927498, 0.052082, -0.370182, 0.065029, -0.369592, -0.020885, -0.928959, 0.57555, -0.056113, 0.998424, -0.000121, 0.684352, 0.0, 0.0, 0.0, 1.0],
                [0.927498, 0.052082, -0.370182, 0.065663, -0.369592, -0.020885, -0.928959, 0.577123, -0.056113, 0.998424, -0.000121, 0.68616, 0.0, 0.0, 0.0, 1.0],
                [0.927498, 0.052082, -0.370182, 0.066306, -0.369592, -0.020885, -0.928959, 0.578716, -0.056113, 0.998424, -0.000121, 0.687992, 0.0, 0.0, 0.0, 1.0],
                [0.927498, 0.052082, -0.370182, 0.066956, -0.369592, -0.020885, -0.928959, 0.580326, -0.056113, 0.998424, -0.000121, 0.689844, 0.0, 0.0, 0.0, 1.0],
                [0.927498, 0.052082, -0.370182, 0.067611, -0.369592, -0.020885, -0.928959, 0.58195, -0.056113, 0.998424, -0.000121, 0.691712, 0.0, 0.0, 0.0, 1.0],
                [0.927498, 0.052082, -0.370182, 0.068271, -0.369592, -0.020885, -0.928959, 0.583585, -0.056113, 0.998424, -0.000121, 0.693593, 0.0, 0.0, 0.0, 1.0],
                [0.927498, 0.052082, -0.370182, 0.068934, -0.369592, -0.020885, -0.928959, 0.585228, -0.056113, 0.998424, -0.000121, 0.695482, 0.0, 0.0, 0.0, 1.0],
                [0.927498, 0.052082, -0.370182, 0.069599, -0.369592, -0.020885, -0.928959, 0.586875, -0.056113, 0.998424, -0.000121, 0.697377, 0.0, 0.0, 0.0, 1.0],
                [0.927498, 0.052082, -0.370182, 0.070264, -0.369592, -0.020885, -0.928959, 0.588525, -0.056113, 0.998424, -0.000121, 0.699274, 0.0, 0.0, 0.0, 1.0],
                [0.927498, 0.052082, -0.370182, 0.070929, -0.369592, -0.020885, -0.928959, 0.590172, -0.056113, 0.998424, -0.000121, 0.701169, 0.0, 0.0, 0.0, 1.0],
                [0.927498, 0.052082, -0.370182, 0.071592, -0.369592, -0.020885, -0.928959, 0.591815, -0.056113, 0.998424, -0.000121, 0.703058, 0.0, 0.0, 0.0, 1.0],
                [0.927498, 0.052082, -0.370182, 0.072252, -0.369592, -0.020885, -0.928959, 0.59345, -0.056113, 0.998424, -0.000121, 0.704939, 0.0, 0.0, 0.0, 1.0],
                [0.927498, 0.052082, -0.370182, 0.072907, -0.369592, -0.020885, -0.928959, 0.595074, -0.056113, 0.998424, -0.000121, 0.706807, 0.0, 0.0, 0.0, 1.0],
                [0.927498, 0.052082, -0.370182, 0.073557, -0.369592, -0.020885, -0.928959, 0.596684, -0.056113, 0.998424, -0.000121, 0.708659, 0.0, 0.0, 0.0, 1.0],
                [0.927498, 0.052082, -0.370182, 0.074199, -0.369592, -0.020885, -0.928959, 0.598277, -0.056113, 0.998424, -0.000121, 0.710491, 0.0, 0.0, 0.0, 1.0],
                [0.927498, 0.052082, -0.370182, 0.074834, -0.369592, -0.020885, -0.928959, 0.59985, -0.056113, 0.998424, -0.000121, 0.7123, 0.0, 0.0, 0.0, 1.0],
                [0.927498, 0.052082, -0.370182, 0.075459, -0.369592, -0.020885, -0.928959, 0.601399, -0.056113, 0.998424, -0.000121, 0.714081, 0.0, 0.0, 0.0, 1.0],
                [0.927498, 0.052082, -0.370182, 0.076074, -0.369592, -0.020885, -0.928959, 0.602922, -0.056113, 0.998424, -0.000121, 0.715833, 0.0, 0.0, 0.0, 1.0],
                [0.927498, 0.052082, -0.370182, 0.076676, -0.369592, -0.020885, -0.928959, 0.604415, -0.056113, 0.998424, -0.000121, 0.71755, 0.0, 0.0, 0.0, 1.0],
                [0.927498, 0.052082, -0.370182, 0.077265, -0.369592, -0.020885, -0.928959, 0.605875, -0.056113, 0.998424, -0.000121, 0.719229, 0.0, 0.0, 0.0, 1.0],
                [0.927498, 0.052082, -0.370182, 0.07784, -0.369592, -0.020885, -0.928959, 0.607299, -0.056113, 0.998424, -0.000121, 0.720867, 0.0, 0.0, 0.0, 1.0],
                [0.927322, 0.052072, -0.370623, 0.077762, -0.370033, -0.020909, -0.928783, 0.608689, -0.056113, 0.998424, -0.000121, 0.722461, 0.0, 0.0, 0.0, 1.0],
                [0.926818, 0.052044, -0.371886, 0.076483, -0.371294, -0.02098, -0.928278, 0.610043, -0.056113, 0.998424, -0.000121, 0.724005, 0.0, 0.0, 0.0, 1.0],
                [0.926019, 0.051998, -0.373879, 0.074138, -0.373283, -0.021092, -0.927478, 0.611355, -0.056113, 0.998424, -0.000121, 0.725498, 0.0, 0.0, 0.0, 1.0],
                [0.924957, 0.051938, -0.376507, 0.070858, -0.375907, -0.021239, -0.926414, 0.612623, -0.056113, 0.998424, -0.000121, 0.726935, 0.0, 0.0, 0.0, 1.0],
                [0.923664, 0.051865, -0.379678, 0.066777, -0.379074, -0.021417, -0.925119, 0.61384, -0.056113, 0.998424, -0.000121, 0.728313, 0.0, 0.0, 0.0, 1.0],
                [0.922172, 0.051781, -0.383299, 0.062025, -0.382689, -0.02162, -0.923624, 0.615002, -0.056113, 0.998424, -0.000121, 0.729628, 0.0, 0.0, 0.0, 1.0],
                [0.920513, 0.051687, -0.387277, 0.056733, -0.386661, -0.021843, -0.921963, 0.616106, -0.056113, 0.998424, -0.000121, 0.730876, 0.0, 0.0, 0.0, 1.0],
                [0.918722, 0.051586, -0.39152, 0.051033, -0.390897, -0.022081, -0.92017, 0.617147, -0.056113, 0.998424, -0.000121, 0.732054, 0.0, 0.0, 0.0, 1.0],
                [0.916834, 0.05148, -0.395935, 0.045052, -0.395305, -0.022328, -0.918278, 0.618122, -0.056113, 0.998424, -0.000121, 0.733159, 0.0, 0.0, 0.0, 1.0],
                [0.914886, 0.05137, -0.400431, 0.038921, -0.399794, -0.022581, -0.916327, 0.619028, -0.056113, 0.998424, -0.000121, 0.734187, 0.0, 0.0, 0.0, 1.0],
                [0.912915, 0.051258, -0.404918, 0.032767, -0.404274, -0.022832, -0.914353, 0.61986, -0.056113, 0.998424, -0.000121, 0.735133, 0.0, 0.0, 0.0, 1.0],
                [0.910963, 0.051148, -0.409305, 0.026719, -0.408654, -0.023078, -0.912398, 0.620616, -0.056113, 0.998424, -0.000121, 0.735996, 0.0, 0.0, 0.0, 1.0],
                [0.909071, 0.051041, -0.413503, 0.020905, -0.412845, -0.023313, -0.910503, 0.621294, -0.056113, 0.998424, -0.000121, 0.73677, 0.0, 0.0, 0.0, 1.0],
                [0.907283, 0.05094, -0.417424, 0.015453, -0.41676, -0.023533, -0.908712, 0.62189, -0.056113, 0.998424, -0.000121, 0.737453, 0.0, 0.0, 0.0, 1.0],
                [0.905643, 0.050848, -0.420981, 0.010489, -0.420311, -0.023733, -0.907069, 0.622402, -0.056113, 0.998424, -0.000121, 0.73804, 0.0, 0.0, 0.0, 1.0],
                [0.904198, 0.050766, -0.424086, 0.006141, -0.423411, -0.023907, -0.905622, 0.622826, -0.056113, 0.998424, -0.000121, 0.738529, 0.0, 0.0, 0.0, 1.0],
                [0.902994, 0.050698, -0.426652, 0.002538, -0.425973, -0.02405, -0.904416, 0.623162, -0.056113, 0.998424, -0.000121, 0.738915, 0.0, 0.0, 0.0, 1.0],
                [0.902077, 0.050646, -0.428593, -0.000195, -0.427911, -0.024159, -0.903498, 0.623405, -0.056113, 0.998424, -0.000121, 0.739196, 0.0, 0.0, 0.0, 1.0],
                [0.901494, 0.050613, -0.429821, -0.001928, -0.429138, -0.024228, -0.902914, 0.623553, -0.056113, 0.998424, -0.000121, 0.739367, 0.0, 0.0, 0.0, 1.0],
                [0.90129, 0.050602, -0.43025, -0.002535, -0.429566, -0.024252, -0.90271, 0.623603, -0.056113, 0.998424, -0.000121, 0.739425, 0.0, 0.0, 0.0, 1.0]
            ]
        },
        {
            "name": "Thigh_R",
            "time": [0.0, 0.0167, 0.0333, 0.05, 0.0667, 0.0833, 0.1, 0.1167, 0.1333, 0.15, 0.1667, 0.1833, 0.2, 0.2167, 0.2333, 0.25, 0.2667, 0.2833, 0.3, 0.3167, 0.3333, 0.35, 0.3667, 0.3833, 0.4, 0.4167, 0.4333, 0.45, 0.4667, 0.4833, 0.5, 0.5167, 0.5333, 0.55, 0.5667, 0.5833, 0.6, 0.6167, 0.6333, 0.65, 0.6667, 0.6833, 0.7, 0.7167, 0.7333, 0.75, 0.7667, 0.7833, 0.8, 0.8167, 0.8333, 0.85, 0.8667, 0.8833, 0.9, 0.9167, 0.9333, 0.95, 0.9667, 0.9833, 1.0, 1.0167, 1.0333, 1.05, 1.0667, 1.0833, 1.1, 1.1167, 1.1333, 1.15, 1.1667, 1.1833, 1.2, 1.2167, 1.2333, 1.25, 1.2667, 1.2833, 1.3, 1.3167, 1.3333, 1.35, 1.3667, 1.3833, 1.4, 1.4167, 1.4333, 1.45, 1.4667, 1.4833, 1.5, 1.5167, 1.5333, 1.55, 1.5667, 1.5833, 1.6, 1.6167, 1.6333, 1.65, 1.6667],
            "transform": [
                [0.781562, 0.521244, 0.342735, 0.124994, 0.351358, -0.821784, 0.448575, -0.002831, 0.515469, -0.230168, -0.825421, -1.2e-05, 0.0, 0.0, 0.0, 1.0],
                [0.783012, 0.522236, 0.337881, 0.124994, 0.34951, -0.818748, 0.455516, -0.002831, 0.514524, -0.238583, -0.823619, -1.2e-05, 0.0, 0.0, 0.0, 1.0],
                [0.786956, 0.524499, 0.324965, 0.124994, 0.344632, -0.810514, 0.4736, -0.002831, 0.511789, -0.26071, -0.818601, -1.2e-05, 0.0, 0.0, 0.0, 1.0],
                [0.792805, 0.52672, 0.30664, 0.124994, 0.337841, -0.798541, 0.498192, -0.002831, 0.50727, -0.291375, -0.811038, -1.2e-05, 0.0, 0.0, 0.0, 1.0],
                [0.799997, 0.527703, 0.285547, 0.124994, 0.330297, -0.784627, 0.524657, -0.002831, 0.500908, -0.32541, -0.802, -1.2e-05, 0.0, 0.0, 0.0, 1.0],
                [0.807988, 0.52673, 0.264029, 0.124994, 0.32308, -0.770815, 0.549057, -0.002831, 0.492721, -0.35833, -0.792989, -1.2e-05, 0.0, 0.0, 0.0, 1.0],
                [0.816221, 0.523695, 0.243984, 0.124994, 0.31707, -0.759071, 0.568576, -0.002831, 0.48296, -0.386725, -0.78562, -1.2e-05, 0.0, 0.0, 0.0, 1.0],
                [0.824066, 0.519182, 0.226642, 0.124994, 0.3128, -0.750577, 0.582058, -0.002831, 0.472304, -0.408761, -0.780928, -1.2e-05, 0.0, 0.0, 0.0, 1.0],
                [0.830776, 0.514226, 0.213035, 0.124994, 0.310345, -0.745664, 0.589638, -0.002831, 0.462057, -0.423743, -0.77907, -1.2e-05, 0.0, 0.0, 0.0, 1.0],
                [0.835479, 0.51023, 0.20406, 0.124994, 0.309308, -0.743568, 0.59282, -0.002831, 0.454206, -0.432172, -0.779057, -1.2e-05, 0.0, 0.0, 0.0, 1.0],
                [0.837245, 0.508629, 0.200793, 0.124994, 0.309068, -0.743073, 0.593566, -0.002831, 0.451106, -0.434902, -0.779339, -1.2e-05, 0.0, 0.0, 0.0, 1.0],
                [0.837245, 0.508629, 0.200793, 0.124994, 0.309068, -0.743073, 0.593566, -0.002831, 0.451106, -0.434902, -0.779339, -1.2e-05, 0.0, 0.0, 0.0, 1.0],
                [0.837245, 0.508629, 0.200793, 0.124994, 0.309068, -0.743073, 0.593566, -0.002831, 0.451106, -0.434902, -0.779339, -1.2e-05, 0.0, 0.0, 0.0, 1.0],
                [0.837245, 0.508629, 0.200793, 0.124994, 0.309068, -0.743073, 0.593566, -0.002831, 0.451106, -0.434902, -0.779339, -1.2e-05, 0.0, 0.0, 0.0, 1.0],
                [0.837245, 0.508629, 0.200793, 0.124994, 0.309068, -0.743073, 0.593566, -0.002831, 0.451106, -0.434902, -0.779339, -1.2e-05, 0.0, 0.0, 0.0, 1.0],
                [0.837245, 0.508629, 0.200793, 0.124994, 0.309068, -0.743073, 0.593566, -0.002831, 0.451106, -0.434902, -0.779339, -1.2e-05, 0.0, 0.0, 0.0, 1.0],
                [0.837245, 0.508629, 0.200793, 0.124994, 0.309068, -0.743073, 0.593566, -0.002831, 0.451106, -0.434902, -0.779339, -1.2e-05, 0.0, 0.0, 0.0, 1.0],
                [0.837245, 0.508629, 0.200793, 0.124994, 0.309068, -0.743073, 0.593566, -0.002831, 0.451106, -0.434902, -0.779339, -1.2e-05, 0.0, 0.0, 0.0, 1.0],
                [0.837245, 0.508629, 0.200793, 0.124994, 0.309068, -0.743073, 0.593566, -0.002831, 0.451106, -0.434902, -0.779339, -1.2e-05, 0.0, 0.0, 0.0, 1.0],
                [0.837245, 0.508629, 0.200793, 0.124994, 0.309068, -0.743073, 0.593566, -0.002831, 0.451106, -0.434902, -0.779339, -1.2e-05, 0.0, 0.0, 0.0, 1.0],
                [0.837245, 0.508629, 0.200793, 0.124994, 0.309068, -0.743073, 0.593566, -0.002831, 0.451106, -0.434902, -0.779339, -1.2e-05, 0.0, 0.0, 0.0, 1.0],
                [0.837245, 0.508629, 0.200793, 0.124994, 0.309068, -0.743073, 0.593566, -0.002831, 0.451106, -0.434902, -0.779339, -1.2e-05, 0.0, 0.0, 0.0, 1.0],
                [0.837245, 0.508629, 0.200793, 0.124994, 0.309068, -0.743073, 0.593566, -0.002831, 0.451106, -0.434902, -0.779339, -1.2e-05, 0.0, 0.0, 0.0, 1.0],
                [0.837245, 0.508629, 0.200793, 0.124994, 0.309068, -0.743073, 0.593566, -0.002831, 0.451106, -0.434902, -0.779339, -1.2e-05, 0.0, 0.0, 0.0, 1.0],
                [0.837245, 0.508629, 0.200793, 0.124994, 0.309068, -0.743073, 0.593566, -0.002831, 0.451106, -0.434902, -0.779339, -1.2e-05, 0.0, 0.0, 0.0, 1.0],
                [0.837245, 0.508629, 0.200793, 0.124994, 0.309068, -0.743073, 0.593566, -0.002831, 0.451106, -0.434902, -0.779339, -1.2e-05, 0.0, 0.0, 0.0, 1.0],
                [0.837245, 0.508629, 0.200793, 0.124994, 0.309068, -0.743073, 0.593566, -0.002831, 0.451106, -0.434902, -0.779339, -1.2e-05, 0.0, 0.0, 0.0, 1.0],
                [0.837245, 0.508629, 0.200793, 0.124994, 0.309068, -0.743073, 0.593566, -0.002831, 0.451106, -0.434902, -0.779339, -1.2e-05, 0.0, 0.0, 0.0, 1.0],
                [0.837245, 0.508629, 0.200793, 0.124994, 0.309068, -0.743073, 0.593566, -0.002831, 0.451106, -0.434902, -0.779339, -1.2e-05, 0.0, 0.0, 0.0, 1.0],
                [0.837245, 0.508629, 0.200793, 0.124994, 0.309068, -0.743073, 0.593566, -0.002831, 0.451106, -0.434902, -0.779339, -1.2e-05, 0.0, 0.0, 0.0, 1.0],
                [0.837245, 0.508629, 0.200793, 0.124994, 0.309068, -0.743073, 0.593566, -0.002831, 0.451106, -0.434902, -0.779339, -1.2e-05, 0.0, 0.0, 0.0, 1.0],
                [0.837245, 0.508629, 0.200793, 0.124994, 0.309068, -0.743073, 0.593566, -0.002831, 0.451106, -0.434902, -0.779339, -1.2e-05, 0.0, 0.0, 0.0, 1.0],
                [0.837245, 0.508629, 0.200793, 0.124994, 0.309068, -0.743073, 0.593566, -0.002831, 0.451106, -0.434902, -0.779339, -1.2e-05, 0.0, 0.0, 0.0, 1.0],
                [0.837245, 0.508629, 0.200793, 0.124994, 0.309068, -0.743073, 0.593566, -0.002831, 0.451106, -0.434902, -0.779339, -1.2e-05, 0.0, 0.0, 0.0, 1.0],
                [0.837245, 0.508629, 0.200793, 0.124994, 0.309068, -0.743073, 0.593566, -0.002831, 0.451106, -0.434902, -0.779339, -1.2e-05, 0.0, 0.0, 0.0, 1.0],
                [0.837245, 0.508629, 0.200793, 0.124994, 0.309068, -0.743073, 0.593566, -0.002831, 0.451106, -0.434902, -0.779339, -1.2e-05, 0.0, 0.0, 0.0, 1.0],
                [0.837141, 0.508779, 0.200847, 0.124994, 0.310579, -0.74438, 0.591134, -0.002831, 0.450262, -0.432485, -0.781171, -1.2e-05, 0.0, 0.0, 0.0, 1.0],
                [0.836832, 0.509184, 0.201111, 0.124994, 0.314866, -0.748157, 0.584056, -0.002831, 0.447852, -0.425434, -0.78641, -1.2e-05, 0.0, 0.0, 0.0, 1.0],
                [0.836312, 0.509751, 0.201836, 0.124994, 0.321526, -0.754201, 0.572541, -0.002831, 0.444076, -0.413928, -0.794649, -1.2e-05, 0.0, 0.0, 0.0, 1.0],
                [0.83557, 0.510362, 0.203356, 0.124994, 0.330122, -0.762299, 0.556706, -0.002831, 0.439138, -0.398035, -0.805439, -1.2e-05, 0.0, 0.0, 0.0, 1.0],
                [0.834599, 0.510878, 0.206033, 0.124994, 0.340209, -0.7722, 0.536623, -0.002831, 0.433246, -0.377772, -0.818286, -1.2e-05, 0.0, 0.0, 0.0, 1.0],
                [0.833398, 0.511121, 0.210249, 0.124994, 0.351357, -0.783636, 0.512311, -0.002831, 0.42661, -0.353087, -0.83267, -1.2e-05, 0.0, 0.0, 0.0, 1.0],
                [0.831978, 0.510958, 0.216182, 0.124994, 0.36316, -0.796121, 0.484052, -0.002831, 0.419436, -0.324214, -0.847919, -1.2e-05, 0.0, 0.0, 0.0, 1.0],
                [0.830367, 0.51017, 0.224096, 0.124994, 0.375252, -0.809285, 0.451934, -0.002831, 0.411919, -0.29118, -0.863449, -1.2e-05, 0.0, 0.0, 0.0, 1.0],
                [0.828601, 0.508564, 0.234061, 0.124994, 0.387308, -0.822624, 0.416273, -0.002831, 0.404244, -0.254271, -0.878601, -1.2e-05, 0.0, 0.0, 0.0, 1.0],
                [0.826727, 0.505945, 0.246056, 0.124994, 0.399052, -0.835631, 0.377462, -0.002831, 0.396586, -0.21387, -0.892741, -1.2e-05, 0.0, 0.0, 0.0, 1.0],
                [0.824799, 0.502131, 0.259947, 0.124994, 0.410252, -0.847821, 0.335997, -0.002831, 0.389101, -0.170487, -0.905285, -1.2e-05, 0.0, 0.0, 0.0, 1.0],
                [0.822876, 0.496952, 0.275527, 0.124994, 0.420717, -0.85877, 0.292422, -0.002831, 0.381933, -0.124709, -0.915741, -1.2e-05, 0.0, 0.0, 0.0, 1.0],
                [0.821015, 0.490331, 0.292422, 0.124994, 0.430293, -0.868095, 0.247507, -0.002831, 0.375209, -0.077382, -0.923709, -1.2e-05, 0.0, 0.0, 0.0, 1.0],
                [0.819276, 0.48221, 0.310263, 0.124994, 0.438854, -0.875566, 0.20197, -0.002831, 0.369046, -0.029311, -0.928953, -1.2e-05, 0.0, 0.0, 0.0, 1.0],
                [0.81771, 0.47267, 0.328534, 0.124994, 0.446298, -0.881047, 0.156762, -0.002831, 0.363549, 0.018437, -0.931396, -1.2e-05, 0.0, 0.0, 0.0, 1.0],
                [0.81637, 0.461884, 0.346704, 0.124994, 0.452537, -0.884574, 0.112868, -0.002831, 0.358816, 0.064752, -0.931163, -1.2e-05, 0.0, 0.0, 0.0, 1.0],
                [0.815302, 0.450241, 0.364098, 0.124994, 0.457493, -0.886327, 0.07159, -0.002831, 0.354941, 0.108203, -0.928609, -1.2e-05, 0.0, 0.0, 0.0, 1.0],
                [0.814545, 0.438376, 0.379927, 0.124994, 0.461084, -0.886683, 0.034549, -0.002831, 0.352019, 0.147035, -0.924375, -1.2e-05, 0.0, 0.0, 0.0, 1.0],
                [0.814135, 0.427318, 0.393173, 0.124994, 0.463227, -0.886231, 0.003998, -0.002831, 0.350149, 0.178871, -0.919461, -1.2e-05, 0.0, 0.0, 0.0, 1.0],
                [0.814104, 0.418603, 0.402502, 0.124994, 0.463819, -0.885768, -0.016922, -0.002831, 0.349439, 0.200463, -0.915267, -1.2e-05, 0.0, 0.0, 0.0, 1.0],
                [0.814272, 0.41117, 0.409758, 0.124994, 0.463592, -0.885443, -0.032756, -0.002831, 0.349348, 0.216631, -0.91161, -1.2e-05, 0.0, 0.0, 0.0, 1.0],
                [0.814445, 0.40256, 0.417884, 0.124994, 0.463358, -0.884714, -0.0508, -0.002831, 0.349256, 0.235002, -0.907084, -1.2e-05, 0.0, 0.0, 0.0, 1.0],
                [0.814622, 0.392217, 0.427269, 0.124994, 0.463115, -0.883363, -0.072072, -0.002831, 0.349164, 0.256584, -0.901252, -1.2e-05, 0.0, 0.0, 0.0, 1.0],
                [0.814804, 0.378809, 0.438862, 0.124994, 0.462863, -0.880881, -0.099024, -0.002831, 0.349073, 0.283817, -0.893086, -1.2e-05, 0.0, 0.0, 0.0, 1.0],
                [0.814997, 0.356054, 0.457174, 0.124994, 0.462588, -0.874924, -0.143247, -0.002831, 0.348988, 0.328227, -0.87777, -1.2e-05, 0.0, 0.0, 0.0, 1.0],
                [0.815184, 0.340138, 0.468811, 0.124994, 0.462327, -0.869684, -0.172925, -0.002831, 0.348897, 0.357708, -0.866211, -1.2e-05, 0.0, 0.0, 0.0, 1.0],
                [0.815359, 0.33926, 0.469141, 0.124994, 0.462095, -0.86953, -0.174313, -0.002831, 0.348794, 0.358914, -0.865754, -1.2e-05, 0.0, 0.0, 0.0, 1.0],
                [0.815537, 0.338377, 0.469471, 0.124994, 0.461862, -0.869374, -0.175707, -0.002831, 0.348689, 0.360125, -0.865293, -1.2e-05, 0.0, 0.0, 0.0, 1.0],
                [0.815715, 0.337491, 0.469799, 0.124994, 0.461627, -0.869215, -0.177106, -0.002831, 0.348584, 0.361338, -0.86483, -1.2e-05, 0.0, 0.0, 0.0, 1.0],
                [0.815893, 0.336603, 0.470126, 0.124994, 0.461391, -0.869054, -0.178505, -0.002831, 0.348478, 0.362551, -0.864364, -1.2e-05, 0.0, 0.0, 0.0, 1.0],
                [0.816072, 0.335716, 0.47045, 0.124994, 0.461154, -0.868891, -0.179903, -0.002831, 0.348372, 0.363762, -0.863898, -1.2e-05, 0.0, 0.0, 0.0, 1.0],
                [0.816251, 0.334831, 0.470771, 0.124994, 0.460918, -0.868727, -0.181296, -0.002831, 0.348267, 0.364968, -0.863432, -1.2e-05, 0.0, 0.0, 0.0, 1.0],
                [0.816429, 0.333949, 0.471088, 0.124994, 0.460682, -0.868562, -0.182682, -0.002831, 0.348161, 0.366167, -0.862967, -1.2e-05, 0.0, 0.0, 0.0, 1.0],
                [0.816606, 0.333073, 0.4714, 0.124994, 0.460447, -0.868396, -0.184058, -0.002831, 0.348056, 0.367357, -0.862504, -1.2e-05, 0.0, 0.0, 0.0, 1.0],
                [0.816782, 0.332204, 0.471708, 0.124994, 0.460214, -0.868229, -0.185423, -0.002831, 0.347951, 0.368535, -0.862043, -1.2e-05, 0.0, 0.0, 0.0, 1.0],
                [0.816957, 0.331344, 0.472011, 0.124994, 0.459982, -0.868062, -0.186773, -0.002831, 0.347847, 0.3697, -0.861586, -1.2e-05, 0.0, 0.0, 0.0, 1.0],
                [0.81713, 0.330494, 0.472307, 0.124994, 0.459753, -0.867896, -0.188106, -0.002831, 0.347744, 0.37085, -0.861133, -1.2e-05, 0.0, 0.0, 0.0, 1.0],
                [0.817301, 0.329655, 0.472598, 0.124994, 0.459526, -0.867731, -0.18942, -0.002831, 0.347643, 0.371982, -0.860686, -1.2e-05, 0.0, 0.0, 0.0, 1.0],
                [0.817469, 0.32883, 0.472881, 0.124994, 0.459302, -0.867566, -0.190712, -0.002831, 0.347542, 0.373095, -0.860245, -1.2e-05, 0.0, 0.0, 0.0, 1.0],
                [0.817635, 0.328019, 0.473158, 0.124994, 0.459082, -0.867403, -0.191981, -0.002831, 0.347444, 0.374187, -0.85981, -1.2e-05, 0.0, 0.0, 0.0, 1.0],
                [0.817798, 0.327224, 0.473427, 0.124994, 0.458865, -0.867241, -0.193224, -0.002831, 0.347347, 0.375256, -0.859383, -1.2e-05, 0.0, 0.0, 0.0, 1.0],
                [0.817957, 0.326447, 0.473688, 0.124994, 0.458653, -0.867082, -0.194439, -0.002831, 0.347251, 0.376299, -0.858965, -1.2e-05, 0.0, 0.0, 0.0, 1.0],
                [0.818113, 0.325688, 0.473942, 0.124994, 0.458446, -0.866925, -0.195623, -0.002831, 0.347158, 0.377317, -0.858556, -1.2e-05, 0.0, 0.0, 0.0, 1.0],
                [0.818265, 0.324949, 0.474187, 0.124994, 0.458243, -0.866771, -0.196776, -0.002831, 0.347068, 0.378306, -0.858158, -1.2e-05, 0.0, 0.0, 0.0, 1.0],
                [0.818412, 0.324232, 0.474423, 0.124994, 0.458047, -0.86662, -0.197895, -0.002831, 0.346979, 0.379265, -0.85777, -1.2e-05, 0.0, 0.0, 0.0, 1.0],
                [0.818721, 0.322752, 0.474898, 0.124994, 0.456899, -0.867116, -0.198379, -0.002831, 0.347763, 0.379396, -0.857394, -1.2e-05, 0.0, 0.0, 0.0, 1.0],
                [0.819317, 0.320411, 0.475455, 0.124994, 0.453974, -0.869044, -0.19665, -0.002831, 0.350181, 0.376961, -0.857484, -1.2e-05, 0.0, 0.0, 0.0, 1.0],
                [0.820137, 0.317315, 0.476118, 0.124994, 0.449446, -0.872235, -0.192883, -0.002831, 0.354081, 0.372178, -0.857972, -1.2e-05, 0.0, 0.0, 0.0, 1.0],
                [0.821113, 0.313149, 0.477193, 0.124994, 0.443469, -0.876352, -0.187995, -0.002831, 0.359318, 0.365984, -0.85846, -1.2e-05, 0.0, 0.0, 0.0, 1.0],
                [0.822177, 0.308208, 0.478576, 0.124994, 0.436185, -0.881304, -0.181782, -0.002831, 0.365743, 0.358204, -0.859028, -1.2e-05, 0.0, 0.0, 0.0, 1.0],
                [0.82326, 0.302583, 0.480299, 0.124994, 0.427735, -0.886917, -0.174416, -0.002831, 0.373209, 0.349029, -0.859593, -1.2e-05, 0.0, 0.0, 0.0, 1.0],
                [0.8243, 0.296367, 0.482387, 0.124994, 0.41826, -0.893016, -0.166074, -0.002831, 0.381559, 0.338657, -0.860076, -1.2e-05, 0.0, 0.0, 0.0, 1.0],
                [0.825237, 0.289663, 0.484852, 0.124994, 0.407915, -0.899429, -0.156946, -0.002831, 0.390628, 0.327295, -0.860404, -1.2e-05, 0.0, 0.0, 0.0, 1.0],
                [0.826018, 0.282582, 0.487692, 0.124994, 0.396868, -0.905991, -0.147232, -0.002831, 0.400237, 0.315164, -0.860516, -1.2e-05, 0.0, 0.0, 0.0, 1.0],
                [0.826605, 0.275248, 0.490882, 0.124994, 0.385307, -0.91254, -0.137146, -0.002831, 0.410198, 0.302504, -0.860369, -1.2e-05, 0.0, 0.0, 0.0, 1.0],
                [0.826971, 0.267796, 0.494375, 0.124994, 0.373445, -0.91893, -0.126913, -0.002831, 0.420308, 0.289574, -0.859939, -1.2e-05, 0.0, 0.0, 0.0, 1.0],
                [0.827104, 0.260374, 0.498102, 0.124994, 0.361518, -0.925024, -0.116766, -0.002831, 0.430352, 0.276649, -0.859226, -1.2e-05, 0.0, 0.0, 0.0, 1.0],
                [0.827015, 0.253143, 0.501962, 0.124994, 0.349792, -0.930703, -0.106945, -0.002831, 0.440104, 0.264027, -0.858256, -1.2e-05, 0.0, 0.0, 0.0, 1.0],
                [0.82673, 0.246274, 0.505835, 0.124994, 0.338556, -0.935861, -0.097691, -0.002831, 0.44933, 0.252016, -0.857086, -1.2e-05, 0.0, 0.0, 0.0, 1.0],
                [0.826294, 0.239948, 0.509574, 0.124994, 0.328122, -0.940411, -0.089242, -0.002831, 0.457793, 0.240941, -0.855791, -1.2e-05, 0.0, 0.0, 0.0, 1.0],
                [0.825771, 0.23435, 0.513016, 0.124994, 0.31882, -0.944276, -0.081832, -0.002831, 0.465249, 0.231133, -0.854474, -1.2e-05, 0.0, 0.0, 0.0, 1.0],
                [0.825234, 0.229672, 0.515988, 0.124994, 0.310995, -0.947393, -0.075688, -0.002831, 0.471458, 0.222929, -0.85325, -1.2e-05, 0.0, 0.0, 0.0, 1.0],
                [0.824751, 0.248406, 0.508018, 0.124994, 0.305038, -0.951875, -0.02978, -0.002831, 0.476169, 0.179524, -0.860836, -1.2e-05, 0.0, 0.0, 0.0, 1.0],
                [0.824419, 0.256454, 0.504547, 0.124994, 0.301221, -0.953525, -0.007526, -0.002831, 0.479166, 0.158184, -0.863357, -1.2e-05, 0.0, 0.0, 0.0, 1.0],
                [0.824298, 0.25857, 0.503663, 0.124994, 0.299879, -0.953977, -0.001032, -0.002831, 0.480214, 0.151887, -0.863905, -1.2e-05, 0.0, 0.0, 0.0, 1.0]
            ]
        },
        {
            "name": "Leg_R",
            "time": [0.0, 0.0167, 0.0333, 0.05, 0.0667, 0.0833, 0.1, 0.1167, 0.1333, 0.15, 0.1667, 0.1833, 0.2, 0.2167, 0.2333, 0.25, 0.2667, 0.2833, 0.3, 0.3167, 0.3333, 0.35, 0.3667, 0.3833, 0.4, 0.4167, 0.4333, 0.45, 0.4667, 0.4833, 0.5, 0.5167, 0.5333, 0.55, 0.5667, 0.5833, 0.6, 0.6167, 0.6333, 0.65, 0.6667, 0.6833, 0.7, 0.7167, 0.7333, 0.75, 0.7667, 0.7833, 0.8, 0.8167, 0.8333, 0.85, 0.8667, 0.8833, 0.9, 0.9167, 0.9333, 0.95, 0.9667, 0.9833, 1.0, 1.0167, 1.0333, 1.05, 1.0667, 1.0833, 1.1, 1.1167, 1.1333, 1.15, 1.1667, 1.1833, 1.2, 1.2167, 1.2333, 1.25, 1.2667, 1.2833, 1.3, 1.3167, 1.3333, 1.35, 1.3667, 1.3833, 1.4, 1.4167, 1.4333, 1.45, 1.4667, 1.4833, 1.5, 1.5167, 1.5333, 1.55, 1.5667, 1.5833, 1.6, 1.6167, 1.6333, 1.65, 1.6667],
            "transform": [
                [0.999999, -0.001018, -0.000771, 0.0, 0.001123, 0.41354, 0.910487, 0.375166, -0.000608, -0.910483, 0.41354, 0.0, 0.0, 0.0, 0.0, 1.0],
                [0.999999, -0.001018, -0.00077, 0.0, 0.001122, 0.414628, 0.909992, 0.375166, -0.000607, -0.909988, 0.414628, -0.0, 0.0, 0.0, 0.0, 1.0],
                [0.999999, -0.001015, -0.000765, -0.0, 0.00112, 0.41885, 0.908056, 0.375166, -0.000602, -0.908053, 0.418849, -0.0, 0.0, 0.0, 0.0, 1.0],
                [0.999999, -0.00101, -0.000754, -0.0, 0.001114, 0.428449, 0.903567, 0.375166, -0.00059, -0.903563, 0.428448, 0.0, 0.0, 0.0, 0.0, 1.0],
                [0.999999, -0.001001, -0.000735, 0.0, 0.001104, 0.445519, 0.895273, 0.375166, -0.000569, -0.89527, 0.445519, 0.0, 0.0, 0.0, 0.0, 1.0],
                [0.999999, -0.000987, -0.000707, 0.0, 0.001088, 0.470839, 0.882221, 0.375166, -0.000537, -0.882217, 0.470838, -0.0, 0.0, 0.0, 0.0, 1.0],
                [0.999999, -0.000966, -0.00067, -0.0, 0.001066, 0.503322, 0.8641, 0.375166, -0.000497, -0.864096, 0.503321, 0.0, 0.0, 0.0, 0.0, 1.0],
                [0.999999, -0.000942, -0.00063, 0.0, 0.001039, 0.539231, 0.842159, 0.375166, -0.000453, -0.842155, 0.53923, -0.0, 0.0, 0.0, 0.0, 1.0],
                [1.0, -0.000916, -0.000592, -0.0, 0.00101, 0.573281, 0.81936, 0.375166, -0.000411, -0.819356, 0.57328, -0.0, 0.0, 0.0, 0.0, 1.0],
                [1.0, -0.000896, -0.000564, -0.0, 0.000988, 0.598675, 0.800993, 0.375166, -0.00038, -0.80099, 0.598674, 0.0, 0.0, 0.0, 0.0, 1.0],
                [1.0, -0.000887, -0.000553, 0.0, 0.000979, 0.608496, 0.793558, 0.375166, -0.000368, -0.793554, 0.608495, -0.0, 0.0, 0.0, 0.0, 1.0],
                [1.0, -0.000887, -0.000553, 0.0, 0.000979, 0.608496, 0.793558, 0.375166, -0.000368, -0.793554, 0.608495, -0.0, 0.0, 0.0, 0.0, 1.0],
                [1.0, -0.000887, -0.000553, 0.0, 0.000979, 0.608496, 0.793558, 0.375166, -0.000368, -0.793554, 0.608495, -0.0, 0.0, 0.0, 0.0, 1.0],
                [1.0, -0.000887, -0.000553, 0.0, 0.000979, 0.608496, 0.793558, 0.375166, -0.000368, -0.793554, 0.608495, -0.0, 0.0, 0.0, 0.0, 1.0],
                [1.0, -0.000887, -0.000553, 0.0, 0.000979, 0.608496, 0.793558, 0.375166, -0.000368, -0.793554, 0.608495, -0.0, 0.0, 0.0, 0.0, 1.0],
                [1.0, -0.000887, -0.000553, 0.0, 0.000979, 0.608496, 0.793558, 0.375166, -0.000368, -0.793554, 0.608495, -0.0, 0.0, 0.0, 0.0, 1.0],
                [1.0, -0.000887, -0.000553, 0.0, 0.000979, 0.608496, 0.793558, 0.375166, -0.000368, -0.793554, 0.608495, -0.0, 0.0, 0.0, 0.0, 1.0],
                [1.0, -0.000887, -0.000553, 0.0, 0.000979, 0.608496, 0.793558, 0.375166, -0.000368, -0.793554, 0.608495, -0.0, 0.0, 0.0, 0.0, 1.0],
                [1.0, -0.000887, -0.000553, 0.0, 0.000979, 0.608496, 0.793558, 0.375166, -0.000368, -0.793554, 0.608495, -0.0, 0.0, 0.0, 0.0, 1.0],
                [1.0, -0.000887, -0.000553, 0.0, 0.000979, 0.608496, 0.793558, 0.375166, -0.000368, -0.793554, 0.608495, -0.0, 0.0, 0.0, 0.0, 1.0],
                [1.0, -0.000887, -0.000553, 0.0, 0.000979, 0.608496, 0.793558, 0.375166, -0.000368, -0.793554, 0.608495, -0.0, 0.0, 0.0, 0.0, 1.0],
                [1.0, -0.000887, -0.000553, 0.0, 0.000979, 0.608496, 0.793558, 0.375166, -0.000368, -0.793554, 0.608495, -0.0, 0.0, 0.0, 0.0, 1.0],
                [1.0, -0.000887, -0.000553, 0.0, 0.000979, 0.608496, 0.793558, 0.375166, -0.000368, -0.793554, 0.608495, -0.0, 0.0, 0.0, 0.0, 1.0],
                [1.0, -0.000887, -0.000553, 0.0, 0.000979, 0.608496, 0.793558, 0.375166, -0.000368, -0.793554, 0.608495, -0.0, 0.0, 0.0, 0.0, 1.0],
                [1.0, -0.000887, -0.000553, 0.0, 0.000979, 0.608496, 0.793558, 0.375166, -0.000368, -0.793554, 0.608495, -0.0, 0.0, 0.0, 0.0, 1.0],
                [1.0, -0.000887, -0.000553, 0.0, 0.000979, 0.608496, 0.793558, 0.375166, -0.000368, -0.793554, 0.608495, -0.0, 0.0, 0.0, 0.0, 1.0],
                [1.0, -0.000887, -0.000553, 0.0, 0.000979, 0.608496, 0.793558, 0.375166, -0.000368, -0.793554, 0.608495, -0.0, 0.0, 0.0, 0.0, 1.0],
                [1.0, -0.000887, -0.000553, 0.0, 0.000979, 0.608496, 0.793558, 0.375166, -0.000368, -0.793554, 0.608495, -0.0, 0.0, 0.0, 0.0, 1.0],
                [1.0, -0.000887, -0.000553, 0.0, 0.000979, 0.608496, 0.793558, 0.375166, -0.000368, -0.793554, 0.608495, -0.0, 0.0, 0.0, 0.0, 1.0],
                [1.0, -0.000887, -0.000553, 0.0, 0.000979, 0.608496, 0.793558, 0.375166, -0.000368, -0.793554, 0.608495, -0.0, 0.0, 0.0, 0.0, 1.0],
                [1.0, -0.000887, -0.000553, 0.0, 0.000979, 0.608496, 0.793558, 0.375166, -0.000368, -0.793554, 0.608495, -0.0, 0.0, 0.0, 0.0, 1.0],
                [1.0, -0.000887, -0.000553, 0.0, 0.000979, 0.608496, 0.793558, 0.375166, -0.000368, -0.793554, 0.608495, -0.0, 0.0, 0.0, 0.0, 1.0],
