{
    "animation": [
        {
            "name": "Root",
            "time": [0.0, 0.0167, 0.0333, 0.05, 0.0667, 0.0833, 0.1, 0.1167, 0.1333, 0.15, 0.1667, 0.1833, 0.2, 0.2167, 0.2333, 0.25, 0.2667, 0.2833, 0.3, 0.3167, 0.3333, 0.35, 0.3667, 0.3833, 0.4, 0.4167, 0.4333, 0.45, 0.4667, 0.4833, 0.5, 0.5167, 0.5333, 0.55, 0.5667, 0.5833, 0.6, 0.6167, 0.6333, 0.65, 0.6667, 0.6833, 0.7, 0.7167, 0.7333, 0.75, 0.7667, 0.7833, 0.8, 0.8167, 0.8333, 0.85, 0.8667, 0.8833, 0.9, 0.9167, 0.9333, 0.95, 0.9667, 0.9833, 1.0, 1.0167, 1.0333, 1.05, 1.0667, 1.0833, 1.1, 1.1167, 1.1333, 1.15, 1.1667, 1.1833, 1.2, 1.2167, 1.2333, 1.25, 1.2667, 1.2833, 1.3, 1.3167, 1.3333, 1.35, 1.3667, 1.3833, 1.4, 1.4167, 1.4333, 1.45, 1.4667, 1.4833, 1.5],
            "transform": [
                [0.963781, 0.0, -0.266694, -5e-06, -0.266694, 0.0, -0.963781, 0.000946, 0.0, 1.0, 0.0, 0.739346, 0.0, 0.0, 0.0, 1.0],
                [0.964812, 0.0, -0.262943, 0.000325, -0.262943, 0.0, -0.964812, 0.001453, 0.0, 1.0, 0.0, 0.739346, 0.0, 0.0, 0.0, 1.0],
                [0.967841, 0.0, -0.251562, 0.001322, -0.251562, 0.0, -0.967841, 0.002983, 0.0, 1.0, 0.0, 0.739346, 0.0, 0.0, 0.0, 1.0],
                [0.972631, 0.0, -0.232355, 0.002991, -0.232355, 0.0, -0.972631, 0.005544, 0.0, 1.0, 0.0, 0.739346, 0.0, 0.0, 0.0, 1.0],
                [0.978732, 0.0, -0.205143, 0.005328, -0.205143, 0.0, -0.978732, 0.009131, 0.0, 1.0, 0.0, 0.739346, 0.0, 0.0, 0.0, 1.0],
                [0.985474, 0.0, -0.169827, 0.008317, -0.169827, 0.0, -0.985474, 0.01372, 0.0, 1.0, 0.0, 0.739346, 0.0, 0.0, 0.0, 1.0],
                [0.991972, 0.0, -0.126461, 0.011932, -0.126461, 0.0, -0.991972, 0.019269, 0.0, 1.0, 0.0, 0.739346, 0.0, 0.0, 0.0, 1.0],
                [0.997158, 0.0, -0.075341, 0.016129, -0.075341, 0.0, -0.997158, 0.02571, 0.0, 1.0, 0.0, 0.739346, 0.0, 0.0, 0.0, 1.0],
                [0.999854, 0.0, -0.017097, 0.020847, -0.017097, 0.0, -0.999854, 0.032952, 0.0, 1.0, 0.0, 0.739346, 0.0, 0.0, 0.0, 1.0],
                [0.998883, 0.0, 0.047242, 0.026009, 0.047242, 0.0, -0.998883, 0.040875, 0.0, 1.0, 0.0, 0.739346, 0.0, 0.0, 0.0, 1.0],
                [0.993223, 0.0, 0.11622, 0.031521, 0.11622, 0.0, -0.993223, 0.049337, 0.0, 1.0, 0.0, 0.739346, 0.0, 0.0, 0.0, 1.0],
                [0.982168, 0.0, 0.188003, 0.037277, 0.188003, 0.0, -0.982168, 0.058171, 0.0, 1.0, 0.0, 0.739346, 0.0, 0.0, 0.0, 1.0],
                [0.965473, 0.0, 0.260503, 0.043156, 0.260503, 0.0, -0.965473, 0.067196, 0.0, 1.0, 0.0, 0.739346, 0.0, 0.0, 0.0, 1.0],
                [0.943434, 0.0, 0.33156, 0.049035, 0.33156, 0.0, -0.943434, 0.07622, 0.0, 1.0, 0.0, 0.739346, 0.0, 0.0, 0.0, 1.0],
                [0.91688, 0.0, 0.399162, 0.054791, 0.399162, 0.0, -0.91688, 0.085054, 0.0, 1.0, 0.0, 0.739346, 0.0, 0.0, 0.0, 1.0],
                [0.887075, 0.0, 0.461625, 0.060303, 0.461625, 0.0, -0.887075, 0.093516, 0.0, 1.0, 0.0, 0.739346, 0.0, 0.0, 0.0, 1.0],
                [0.85555, 0.0, 0.51772, 0.065465, 0.51772, 0.0, -0.85555, 0.101439, 0.0, 1.0, 0.0, 0.739346, 0.0, 0.0, 0.0, 1.0],
                [0.823922, 0.0, 0.566702, 0.070183, 0.566702, 0.0, -0.823922, 0.108681, 0.0, 1.0, 0.0, 0.739346, 0.0, 0.0, 0.0, 1.0],
                [0.793726, 0.0, 0.608275, 0.07438, 0.608275, 0.0, -0.793726, 0.115122, 0.0, 1.0, 0.0, 0.739346, 0.0, 0.0, 0.0, 1.0],
                [0.766297, 0.0, 0.642487, 0.077995, 0.642487, 0.0, -0.766297, 0.120671, 0.0, 1.0, 0.0, 0.739346, 0.0, 0.0, 0.0, 1.0],
                [0.742705, 0.0, 0.669618, 0.080984, 0.669618, 0.0, -0.742705, 0.12526, 0.0, 1.0, 0.0, 0.739346, 0.0, 0.0, 0.0, 1.0],
                [0.723744, 0.0, 0.690068, 0.083321, 0.690068, 0.0, -0.723744, 0.128847, 0.0, 1.0, 0.0, 0.739346, 0.0, 0.0, 0.0, 1.0],
                [0.709943, 0.0, 0.70426, 0.08499, 0.70426, 0.0, -0.709943, 0.131408, 0.0, 1.0, 0.0, 0.739346, 0.0, 0.0, 0.0, 1.0],
                [0.7016, 0.0, 0.712571, 0.085987, 0.712571, 0.0, -0.7016, 0.132938, 0.0, 1.0, 0.0, 0.739346, 0.0, 0.0, 0.0, 1.0],
                [0.698822, 0.0, 0.715295, 0.086317, 0.715295, 0.0, -0.698822, 0.133445, 0.0, 1.0, 0.0, 0.739346, 0.0, 0.0, 0.0, 1.0],
                [0.698822, 0.0, 0.715295, 0.086317, 0.715295, 0.0, -0.698822, 0.133445, 0.0, 1.0, 0.0, 0.739346, 0.0, 0.0, 0.0, 1.0],
                [0.698822, 0.0, 0.715295, 0.086317, 0.715295, 0.0, -0.698822, 0.133445, 0.0, 1.0, 0.0, 0.739346, 0.0, 0.0, 0.0, 1.0],
                [0.698822, 0.0, 0.715295, 0.086317, 0.715295, 0.0, -0.698822, 0.133445, 0.0, 1.0, 0.0, 0.739346, 0.0, 0.0, 0.0, 1.0],
                [0.698822, 0.0, 0.715295, 0.086317, 0.715295, 0.0, -0.698822, 0.133445, 0.0, 1.0, 0.0, 0.739346, 0.0, 0.0, 0.0, 1.0],
                [0.698822, 0.0, 0.715295, 0.086317, 0.715295, 0.0, -0.698822, 0.133445, 0.0, 1.0, 0.0, 0.739346, 0.0, 0.0, 0.0, 1.0],
                [0.698822, 0.0, 0.715295, 0.086317, 0.715295, 0.0, -0.698822, 0.133445, 0.0, 1.0, 0.0, 0.739346, 0.0, 0.0, 0.0, 1.0],
                [0.698822, 0.0, 0.715295, 0.086317, 0.715295, 0.0, -0.698822, 0.133445, 0.0, 1.0, 0.0, 0.739346, 0.0, 0.0, 0.0, 1.0],
                [0.698822, 0.0, 0.715295, 0.086317, 0.715295, 0.0, -0.698822, 0.133445, 0.0, 1.0, 0.0, 0.739346, 0.0, 0.0, 0.0, 1.0],
                [0.698822, 0.0, 0.715295, 0.086317, 0.715295, 0.0, -0.698822, 0.133445, 0.0, 1.0, 0.0, 0.739346, 0.0, 0.0, 0.0, 1.0],
                [0.698822, 0.0, 0.715295, 0.086317, 0.715295, 0.0, -0.698822, 0.133445, 0.0, 1.0, 0.0, 0.739346, 0.0, 0.0, 0.0, 1.0],
                [0.698822, 0.0, 0.715295, 0.086317, 0.715295, 0.0, -0.698822, 0.133445, 0.0, 1.0, 0.0, 0.739346, 0.0, 0.0, 0.0, 1.0],
                [0.698822, 0.0, 0.715295, 0.086317, 0.715295, 0.0, -0.698822, 0.133445, 0.0, 1.0, 0.0, 0.739346, 0.0, 0.0, 0.0, 1.0],
                [0.698822, 0.0, 0.715295, 0.086317, 0.715295, 0.0, -0.698822, 0.133445, 0.0, 1.0, 0.0, 0.739346, 0.0, 0.0, 0.0, 1.0],
                [0.698822, 0.0, 0.715295, 0.086317, 0.715295, 0.0, -0.698822, 0.133445, 0.0, 1.0, 0.0, 0.739346, 0.0, 0.0, 0.0, 1.0],
                [0.698822, 0.0, 0.715295, 0.086317, 0.715295, 0.0, -0.698822, 0.133445, 0.0, 1.0, 0.0, 0.739346, 0.0, 0.0, 0.0, 1.0],
                [0.698822, 0.0, 0.715295, 0.086317, 0.715295, 0.0, -0.698822, 0.133445, 0.0, 1.0, 0.0, 0.739346, 0.0, 0.0, 0.0, 1.0],
                [0.698822, 0.0, 0.715295, 0.086317, 0.715295, 0.0, -0.698822, 0.133445, 0.0, 1.0, 0.0, 0.739346, 0.0, 0.0, 0.0, 1.0],
                [0.698822, 0.0, 0.715295, 0.086317, 0.715295, 0.0, -0.698822, 0.133445, 0.0, 1.0, 0.0, 0.739346, 0.0, 0.0, 0.0, 1.0],
                [0.698822, 0.0, 0.715295, 0.086317, 0.715295, 0.0, -0.698822, 0.133445, 0.0, 1.0, 0.0, 0.739346, 0.0, 0.0, 0.0, 1.0],
                [0.698822, 0.0, 0.715295, 0.086317, 0.715295, 0.0, -0.698822, 0.133445, 0.0, 1.0, 0.0, 0.739346, 0.0, 0.0, 0.0, 1.0],
                [0.698822, 0.0, 0.715295, 0.086317, 0.715295, 0.0, -0.698822, 0.133445, 0.0, 1.0, 0.0, 0.739346, 0.0, 0.0, 0.0, 1.0],
                [0.698822, 0.0, 0.715295, 0.086317, 0.715295, 0.0, -0.698822, 0.133445, 0.0, 1.0, 0.0, 0.739346, 0.0, 0.0, 0.0, 1.0],
                [0.698822, 0.0, 0.715295, 0.086317, 0.715295, 0.0, -0.698822, 0.133445, 0.0, 1.0, 0.0, 0.739346, 0.0, 0.0, 0.0, 1.0],
                [0.698822, 0.0, 0.715295, 0.086317, 0.715295, 0.0, -0.698822, 0.133445, 0.0, 1.0, 0.0, 0.739346, 0.0, 0.0, 0.0, 1.0],
                [0.698822, 0.0, 0.715295, 0.086317, 0.715295, 0.0, -0.698822, 0.133445, 0.0, 1.0, 0.0, 0.739346, 0.0, 0.0, 0.0, 1.0],
                [0.698822, 0.0, 0.715295, 0.086317, 0.715295, 0.0, -0.698822, 0.133445, 0.0, 1.0, 0.0, 0.739346, 0.0, 0.0, 0.0, 1.0],
                [0.698822, 0.0, 0.715295, 0.086317, 0.715295, 0.0, -0.698822, 0.133445, 0.0, 1.0, 0.0, 0.739346, 0.0, 0.0, 0.0, 1.0],
                [0.698822, 0.0, 0.715295, 0.086317, 0.715295, 0.0, -0.698822, 0.133445, 0.0, 1.0, 0.0, 0.739346, 0.0, 0.0, 0.0, 1.0],
                [0.698822, 0.0, 0.715295, 0.086317, 0.715295, 0.0, -0.698822, 0.133445, 0.0, 1.0, 0.0, 0.739346, 0.0, 0.0, 0.0, 1.0],
                [0.698822, 0.0, 0.715295, 0.086317, 0.715295, 0.0, -0.698822, 0.133445, 0.0, 1.0, 0.0, 0.739346, 0.0, 0.0, 0.0, 1.0],
                [0.698822, 0.0, 0.715295, 0.086317, 0.715295, 0.0, -0.698822, 0.133445, 0.0, 1.0, 0.0, 0.739346, 0.0, 0.0, 0.0, 1.0],
                [0.698822, 0.0, 0.715295, 0.086317, 0.715295, 0.0, -0.698822, 0.133445, 0.0, 1.0, 0.0, 0.739346, 0.0, 0.0, 0.0, 1.0],
                [0.698822, 0.0, 0.715295, 0.086317, 0.715295, 0.0, -0.698822, 0.133445, 0.0, 1.0, 0.0, 0.739346, 0.0, 0.0, 0.0, 1.0],
                [0.698822, 0.0, 0.715295, 0.086317, 0.715295, 0.0, -0.698822, 0.133445, 0.0, 1.0, 0.0, 0.739346, 0.0, 0.0, 0.0, 1.0],
                [0.698822, 0.0, 0.715295, 0.086317, 0.715295, 0.0, -0.698822, 0.133445, 0.0, 1.0, 0.0, 0.739346, 0.0, 0.0, 0.0, 1.0],
                [0.698822, 0.0, 0.715295, 0.086317, 0.715295, 0.0, -0.698822, 0.133445, 0.0, 1.0, 0.0, 0.739346, 0.0, 0.0, 0.0, 1.0],
                [0.698822, 0.0, 0.715295, 0.086317, 0.715295, 0.0, -0.698822, 0.133445, 0.0, 1.0, 0.0, 0.739346, 0.0, 0.0, 0.0, 1.0],
                [0.698822, 0.0, 0.715295, 0.086317, 0.715295, 0.0, -0.698822, 0.133445, 0.0, 1.0, 0.0, 0.739346, 0.0, 0.0, 0.0, 1.0],
                [0.698822, 0.0, 0.715295, 0.086317, 0.715295, 0.0, -0.698822, 0.133445, 0.0, 1.0, 0.0, 0.739346, 0.0, 0.0, 0.0, 1.0],
                [0.698822, 0.0, 0.715295, 0.086317, 0.715295, 0.0, -0.698822, 0.133445, 0.0, 1.0, 0.0, 0.739346, 0.0, 0.0, 0.0, 1.0],
                [0.698822, 0.0, 0.715295, 0.086317, 0.715295, 0.0, -0.698822, 0.133445, 0.0, 1.0, 0.0, 0.739346, 0.0, 0.0, 0.0, 1.0],
                [0.698822, 0.0, 0.715295, 0.086317, 0.715295, 0.0, -0.698822, 0.133445, 0.0, 1.0, 0.0, 0.739346, 0.0, 0.0, 0.0, 1.0],
                [0.718779, 0.0, 0.695238, 0.078143, 0.695238, 0.0, -0.718779, 0.141571, 0.0, 1.0, 0.0, 0.739346, 0.0, 0.0, 0.0, 1.0],
                [0.756474, 0.0, 0.654024, 0.062682, 0.654024, 0.0, -0.756474, 0.157413, 0.0, 1.0, 0.0, 0.739346, 0.0, 0.0, 0.0, 1.0],
                [0.799128, 0.0, 0.601161, 0.044828, 0.601161, 0.0, -0.799128, 0.176356, 0.0, 1.0, 0.0, 0.739346, 0.0, 0.0, 0.0, 1.0],
                [0.841665, 0.0, 0.54, 0.026318, 0.54, 0.0, -0.841665, 0.196782, 0.0, 1.0, 0.0, 0.739346, 0.0, 0.0, 0.0, 1.0],
                [0.881228, 0.0, 0.472691, 0.008068, 0.472691, 0.0, -0.881228, 0.217864, 0.0, 1.0, 0.0, 0.739346, 0.0, 0.0, 0.0, 1.0],
                [0.916026, 0.0, 0.40112, -0.009312, 0.40112, 0.0, -0.916026, 0.239084, 0.0, 1.0, 0.0, 0.739346, 0.0, 0.0, 0.0, 1.0],
                [0.94497, 0.0, 0.327156, -0.025343, 0.327156, 0.0, -0.94497, 0.260061, 0.0, 1.0, 0.0, 0.739346, 0.0, 0.0, 0.0, 1.0],
                [0.967544, 0.0, 0.252703, -0.039591, 0.252703, 0.0, -0.967544, 0.280479, 0.0, 1.0, 0.0, 0.739346, 0.0, 0.0, 0.0, 1.0],
                [0.983726, 0.0, 0.179675, -0.051622, 0.179675, 0.0, -0.983726, 0.300047, 0.0, 1.0, 0.0, 0.739346, 0.0, 0.0, 0.0, 1.0],
                [0.993934, 0.0, 0.109977, -0.060966, 0.109977, 0.0, -0.993934, 0.318469, 0.0, 1.0, 0.0, 0.739346, 0.0, 0.0, 0.0, 1.0],
                [0.998965, 0.0, 0.045485, -0.067078, 0.045485, 0.0, -0.998965, 0.335422, 0.0, 1.0, 0.0, 0.739346, 0.0, 0.0, 0.0, 1.0],
                [0.999929, 0.0, -0.011913, -0.069291, -0.011913, 0.0, -0.999929, 0.350524, 0.0, 1.0, 0.0, 0.739346, 0.0, 0.0, 0.0, 1.0],
                [0.997832, 0.0, -0.065817, -0.067907, -0.065817, 0.0, -0.997832, 0.364788, 0.0, 1.0, 0.0, 0.739346, 0.0, 0.0, 0.0, 1.0],
                [0.992715, 0.0, -0.120489, -0.063731, -0.120489, 0.0, -0.992715, 0.379404, 0.0, 1.0, 0.0, 0.739346, 0.0, 0.0, 0.0, 1.0],
                [0.984615, 0.0, -0.174736, -0.056846, -0.174736, 0.0, -0.984615, 0.394123, 0.0, 1.0, 0.0, 0.739346, 0.0, 0.0, 0.0, 1.0],
                [0.973881, 0.0, -0.227059, -0.047552, -0.227059, 0.0, -0.973881, 0.408593, 0.0, 1.0, 0.0, 0.739346, 0.0, 0.0, 0.0, 1.0],
                [0.961223, 0.0, -0.275774, -0.036423, -0.275774, 0.0, -0.961223, 0.422374, 0.0, 1.0, 0.0, 0.739346, 0.0, 0.0, 0.0, 1.0],
                [0.947672, 0.0, -0.319247, -0.024293, -0.319247, 0.0, -0.947672, 0.434979, 0.0, 1.0, 0.0, 0.739346, 0.0, 0.0, 0.0, 1.0],
                [0.93442, 0.0, -0.356174, -0.012163, -0.356174, 0.0, -0.93442, 0.445957, 0.0, 1.0, 0.0, 0.739346, 0.0, 0.0, 0.0, 1.0],
                [0.922583, 0.0, -0.385799, -0.001033, -0.385799, 0.0, -0.922583, 0.454971, 0.0, 1.0, 0.0, 0.739346, 0.0, 0.0, 0.0, 1.0],
                [0.912998, 0.0, -0.407963, 0.00826, -0.407963, 0.0, -0.912998, 0.46185, 0.0, 1.0, 0.0, 0.739346, 0.0, 0.0, 0.0, 1.0],
                [0.906136, 0.0, -0.422987, 0.015146, -0.422987, 0.0, -0.906136, 0.466584, 0.0, 1.0, 0.0, 0.739346, 0.0, 0.0, 0.0, 1.0],
                [0.902124, 0.0, -0.431477, 0.019322, -0.431477, 0.0, -0.902124, 0.469287, 0.0, 1.0, 0.0, 0.739346, 0.0, 0.0, 0.0, 1.0],
                [0.900842, 0.0, -0.434148, 0.020706, -0.434148, 0.0, -0.900842, 0.470141, 0.0, 1.0, 0.0, 0.739346, 0.0, 0.0, 0.0, 1.0]
            ]
        },
        {
            "name": "Thigh_R",
            "time": [0.0, 0.0167, 0.0333, 0.05, 0.0667, 0.0833, 0.1, 0.1167, 0.1333, 0.15, 0.1667, 0.1833, 0.2, 0.2167, 0.2333, 0.25, 0.2667, 0.2833, 0.3, 0.3167, 0.3333, 0.35, 0.3667, 0.3833, 0.4, 0.4167, 0.4333, 0.45, 0.4667, 0.4833, 0.5, 0.5167, 0.5333, 0.55, 0.5667, 0.5833, 0.6, 0.6167, 0.6333, 0.65, 0.6667, 0.6833, 0.7, 0.7167, 0.7333, 0.75, 0.7667, 0.7833, 0.8, 0.8167, 0.8333, 0.85, 0.8667, 0.8833, 0.9, 0.9167, 0.9333, 0.95, 0.9667, 0.9833, 1.0, 1.0167, 1.0333, 1.05, 1.0667, 1.0833, 1.1, 1.1167, 1.1333, 1.15, 1.1667, 1.1833, 1.2, 1.2167, 1.2333, 1.25, 1.2667, 1.2833, 1.3, 1.3167, 1.3333, 1.35, 1.3667, 1.3833, 1.4, 1.4167, 1.4333, 1.45, 1.4667, 1.4833, 1.5],
            "transform": [
                [0.987059, 0.160091, 0.009247, 0.124994, 0.15585, -0.971292, 0.179728, -0.002831, 0.037756, -0.175956, -0.983635, -1.2e-05, 0.0, 0.0, 0.0, 1.0],
                [0.98689, 0.161265, 0.006419, 0.124994, 0.156938, -0.968168, 0.194988, -0.002831, 0.037661, -0.19142, -0.980747, -1.2e-05, 0.0, 0.0, 0.0, 1.0],
                [0.986368, 0.164548, -0.001636, 0.124994, 0.160261, -0.958318, 0.236519, -0.002831, 0.037351, -0.233552, -0.971588, -1.2e-05, 0.0, 0.0, 0.0, 1.0],
                [0.985458, 0.169348, -0.013928, 0.124994, 0.16589, -0.941109, 0.294604, -0.002831, 0.036784, -0.292626, -0.95548, -1.2e-05, 0.0, 0.0, 0.0, 1.0],
                [0.984118, 0.175004, -0.029738, 0.124994, 0.173841, -0.916244, 0.360932, -0.002831, 0.035919, -0.360364, -0.93208, -1.2e-05, 0.0, 0.0, 0.0, 1.0],
                [0.982312, 0.180857, -0.048513, 0.124994, 0.183998, -0.8842, 0.429338, -0.002831, 0.034755, -0.430665, -0.901803, -1.2e-05, 0.0, 0.0, 0.0, 1.0],
                [0.980029, 0.186289, -0.069559, 0.124994, 0.196032, -0.846392, 0.495162, -0.002831, 0.03337, -0.498903, -0.865974, -1.2e-05, 0.0, 0.0, 0.0, 1.0],
                [0.977321, 0.190832, -0.091801, 0.124994, 0.209338, -0.805173, 0.554856, -0.002831, 0.031969, -0.561485, -0.826828, -1.2e-05, 0.0, 0.0, 0.0, 1.0],
                [0.974324, 0.194323, -0.113717, 0.124994, 0.22302, -0.763607, 0.605935, -0.002831, 0.030913, -0.615732, -0.787306, -1.2e-05, 0.0, 0.0, 0.0, 1.0],
                [0.971274, 0.196977, -0.133517, 0.124994, 0.235973, -0.724823, 0.647253, -0.002831, 0.030718, -0.660161, -0.750452, -1.2e-05, 0.0, 0.0, 0.0, 1.0],
                [0.968475, 0.199397, -0.149319, 0.124994, 0.247045, -0.691758, 0.678548, -0.002831, 0.032009, -0.69404, -0.71918, -1.2e-05, 0.0, 0.0, 0.0, 1.0],
                [0.966233, 0.202357, -0.159513, 0.124994, 0.255221, -0.666477, 0.700469, -0.002831, 0.035434, -0.717522, -0.695588, -1.2e-05, 0.0, 0.0, 0.0, 1.0],
                [0.964772, 0.206573, -0.16292, 0.124994, 0.259785, -0.650174, 0.713983, -0.002831, 0.041564, -0.731149, -0.680904, -1.2e-05, 0.0, 0.0, 0.0, 1.0],
                [0.96416, 0.212549, -0.1588, 0.124994, 0.260413, -0.643515, 0.719763, -0.002831, 0.050796, -0.735316, -0.675772, -1.2e-05, 0.0, 0.0, 0.0, 1.0],
                [0.964242, 0.220486, -0.14705, 0.124994, 0.257398, -0.646965, 0.717752, -0.002831, 0.06312, -0.729932, -0.680553, -1.2e-05, 0.0, 0.0, 0.0, 1.0],
                [0.964772, 0.230087, -0.12757, 0.124994, 0.251142, -0.661006, 0.707096, -0.002831, 0.078372, -0.71422, -0.695474, -1.2e-05, 0.0, 0.0, 0.0, 1.0],
                [0.965465, 0.240403, -0.100418, 0.124994, 0.242114, -0.685537, 0.686591, -0.002831, 0.096221, -0.687188, -0.720036, -1.2e-05, 0.0, 0.0, 0.0, 1.0],
                [0.965982, 0.249923, -0.066459, 0.124994, 0.231198, -0.719447, 0.654929, -0.002831, 0.115873, -0.64801, -0.752723, -1.2e-05, 0.0, 0.0, 0.0, 1.0],
                [0.966058, 0.256857, -0.027508, 0.124994, 0.219543, -0.760242, 0.61141, -0.002831, 0.136136, -0.596693, -0.790796, -1.2e-05, 0.0, 0.0, 0.0, 1.0],
                [0.965598, 0.259662, 0.013933, 0.124994, 0.208318, -0.804517, 0.55619, -0.002831, 0.155636, -0.534151, -0.830898, -1.2e-05, 0.0, 0.0, 0.0, 1.0],
                [0.964706, 0.257532, 0.054943, 0.124994, 0.198466, -0.848218, 0.491051, -0.002831, 0.173072, -0.462813, -0.869357, -1.2e-05, 0.0, 0.0, 0.0, 1.0],
                [0.963615, 0.250746, 0.09258, 0.124994, 0.190582, -0.887398, 0.419759, -0.002831, 0.187415, -0.386841, -0.902862, -1.2e-05, 0.0, 0.0, 0.0, 1.0],
                [0.962602, 0.240744, 0.124246, 0.124994, 0.184936, -0.919068, 0.348006, -0.002831, 0.197978, -0.312013, -0.929183, -1.2e-05, 0.0, 0.0, 0.0, 1.0],
                [0.961901, 0.230565, 0.146916, 0.124994, 0.181582, -0.94052, 0.287136, -0.002831, 0.204389, -0.24952, -0.946516, -1.2e-05, 0.0, 0.0, 0.0, 1.0],
                [0.961653, 0.225772, 0.155718, 0.124994, 0.180479, -0.948442, 0.260545, -0.002831, 0.206521, -0.222451, -0.952781, -1.2e-05, 0.0, 0.0, 0.0, 1.0],
                [0.961653, 0.225772, 0.155718, 0.124994, 0.180479, -0.948442, 0.260545, -0.002831, 0.206521, -0.222451, -0.952781, -1.2e-05, 0.0, 0.0, 0.0, 1.0],
                [0.961653, 0.225772, 0.155718, 0.124994, 0.180479, -0.948442, 0.260545, -0.002831, 0.206521, -0.222451, -0.952781, -1.2e-05, 0.0, 0.0, 0.0, 1.0],
                [0.961653, 0.225772, 0.155718, 0.124994, 0.180479, -0.948442, 0.260545, -0.002831, 0.206521, -0.222451, -0.952781, -1.2e-05, 0.0, 0.0, 0.0, 1.0],
                [0.961653, 0.225772, 0.155718, 0.124994, 0.180479, -0.948442, 0.260545, -0.002831, 0.206521, -0.222451, -0.952781, -1.2e-05, 0.0, 0.0, 0.0, 1.0],
                [0.961653, 0.225772, 0.155718, 0.124994, 0.180479, -0.948442, 0.260545, -0.002831, 0.206521, -0.222451, -0.952781, -1.2e-05, 0.0, 0.0, 0.0, 1.0],
                [0.961653, 0.225772, 0.155718, 0.124994, 0.180479, -0.948442, 0.260545, -0.002831, 0.206521, -0.222451, -0.952781, -1.2e-05, 0.0, 0.0, 0.0, 1.0],
                [0.961653, 0.225772, 0.155718, 0.124994, 0.180479, -0.948442, 0.260545, -0.002831, 0.206521, -0.222451, -0.952781, -1.2e-05, 0.0, 0.0, 0.0, 1.0],
                [0.961653, 0.225772, 0.155718, 0.124994, 0.180479, -0.948442, 0.260545, -0.002831, 0.206521, -0.222451, -0.952781, -1.2e-05, 0.0, 0.0, 0.0, 1.0],
                [0.961653, 0.225772, 0.155718, 0.124994, 0.180479, -0.948442, 0.260545, -0.002831, 0.206521, -0.222451, -0.952781, -1.2e-05, 0.0, 0.0, 0.0, 1.0],
                [0.961653, 0.225772, 0.155718, 0.124994, 0.180479, -0.948442, 0.260545, -0.002831, 0.206521, -0.222451, -0.952781, -1.2e-05, 0.0, 0.0, 0.0, 1.0],
                [0.961653, 0.225772, 0.155718, 0.124994, 0.180479, -0.948442, 0.260545, -0.002831, 0.206521, -0.222451, -0.952781, -1.2e-05, 0.0, 0.0, 0.0, 1.0],
                [0.961653, 0.225772, 0.155718, 0.124994, 0.180479, -0.948442, 0.260545, -0.002831, 0.206521, -0.222451, -0.952781, -1.2e-05, 0.0, 0.0, 0.0, 1.0],
                [0.961653, 0.225772, 0.155718, 0.124994, 0.180479, -0.948442, 0.260545, -0.002831, 0.206521, -0.222451, -0.952781, -1.2e-05, 0.0, 0.0, 0.0, 1.0],
                [0.961653, 0.225772, 0.155718, 0.124994, 0.180479, -0.948442, 0.260545, -0.002831, 0.206521, -0.222451, -0.952781, -1.2e-05, 0.0, 0.0, 0.0, 1.0],
                [0.961653, 0.225772, 0.155718, 0.124994, 0.180479, -0.948442, 0.260545, -0.002831, 0.206521, -0.222451, -0.952781, -1.2e-05, 0.0, 0.0, 0.0, 1.0],
                [0.961653, 0.225772, 0.155718, 0.124994, 0.180479, -0.948442, 0.260545, -0.002831, 0.206521, -0.222451, -0.952781, -1.2e-05, 0.0, 0.0, 0.0, 1.0],
                [0.961653, 0.225772, 0.155718, 0.124994, 0.180479, -0.948442, 0.260545, -0.002831, 0.206521, -0.222451, -0.952781, -1.2e-05, 0.0, 0.0, 0.0, 1.0],
                [0.961653, 0.225772, 0.155718, 0.124994, 0.180479, -0.948442, 0.260545, -0.002831, 0.206521, -0.222451, -0.952781, -1.2e-05, 0.0, 0.0, 0.0, 1.0],
                [0.961653, 0.225772, 0.155718, 0.124994, 0.180479, -0.948442, 0.260545, -0.002831, 0.206521, -0.222451, -0.952781, -1.2e-05, 0.0, 0.0, 0.0, 1.0],
                [0.961653, 0.225772, 0.155718, 0.124994, 0.180479, -0.948442, 0.260545, -0.002831, 0.206521, -0.222451, -0.952781, -1.2e-05, 0.0, 0.0, 0.0, 1.0],
                [0.961653, 0.225772, 0.155718, 0.124994, 0.180479, -0.948442, 0.260545, -0.002831, 0.206521, -0.222451, -0.952781, -1.2e-05, 0.0, 0.0, 0.0, 1.0],
                [0.961653, 0.225772, 0.155718, 0.124994, 0.180479, -0.948442, 0.260545, -0.002831, 0.206521, -0.222451, -0.952781, -1.2e-05, 0.0, 0.0, 0.0, 1.0],
                [0.961653, 0.225772, 0.155718, 0.124994, 0.180479, -0.948442, 0.260545, -0.002831, 0.206521, -0.222451, -0.952781, -1.2e-05, 0.0, 0.0, 0.0, 1.0],
                [0.961653, 0.225772, 0.155718, 0.124994, 0.180479, -0.948442, 0.260545, -0.002831, 0.206521, -0.222451, -0.952781, -1.2e-05, 0.0, 0.0, 0.0, 1.0],
                [0.961653, 0.225772, 0.155718, 0.124994, 0.180479, -0.948442, 0.260545, -0.002831, 0.206521, -0.222451, -0.952781, -1.2e-05, 0.0, 0.0, 0.0, 1.0],
                [0.961653, 0.225772, 0.155718, 0.124994, 0.180479, -0.948442, 0.260545, -0.002831, 0.206521, -0.222451, -0.952781, -1.2e-05, 0.0, 0.0, 0.0, 1.0],
                [0.961653, 0.225772, 0.155718, 0.124994, 0.180479, -0.948442, 0.260545, -0.002831, 0.206521, -0.222451, -0.952781, -1.2e-05, 0.0, 0.0, 0.0, 1.0],
                [0.961653, 0.225772, 0.155718, 0.124994, 0.180479, -0.948442, 0.260545, -0.002831, 0.206521, -0.222451, -0.952781, -1.2e-05, 0.0, 0.0, 0.0, 1.0],
                [0.961653, 0.225772, 0.155718, 0.124994, 0.180479, -0.948442, 0.260545, -0.002831, 0.206521, -0.222451, -0.952781, -1.2e-05, 0.0, 0.0, 0.0, 1.0],
                [0.961653, 0.225772, 0.155718, 0.124994, 0.180479, -0.948442, 0.260545, -0.002831, 0.206521, -0.222451, -0.952781, -1.2e-05, 0.0, 0.0, 0.0, 1.0],
                [0.961653, 0.225772, 0.155718, 0.124994, 0.180479, -0.948442, 0.260545, -0.002831, 0.206521, -0.222451, -0.952781, -1.2e-05, 0.0, 0.0, 0.0, 1.0],
                [0.961653, 0.225772, 0.155718, 0.124994, 0.180479, -0.948442, 0.260545, -0.002831, 0.206521, -0.222451, -0.952781, -1.2e-05, 0.0, 0.0, 0.0, 1.0],
                [0.961653, 0.225772, 0.155718, 0.124994, 0.180479, -0.948442, 0.260545, -0.002831, 0.206521, -0.222451, -0.952781, -1.2e-05, 0.0, 0.0, 0.0, 1.0],
                [0.961653, 0.225772, 0.155718, 0.124994, 0.180479, -0.948442, 0.260545, -0.002831, 0.206521, -0.222451, -0.952781, -1.2e-05, 0.0, 0.0, 0.0, 1.0],
                [0.961653, 0.225772, 0.155718, 0.124994, 0.180479, -0.948442, 0.260545, -0.002831, 0.206521, -0.222451, -0.952781, -1.2e-05, 0.0, 0.0, 0.0, 1.0],
                [0.961653, 0.225772, 0.155718, 0.124994, 0.180479, -0.948442, 0.260545, -0.002831, 0.206521, -0.222451, -0.952781, -1.2e-05, 0.0, 0.0, 0.0, 1.0],
                [0.961653, 0.225772, 0.155718, 0.124994, 0.180479, -0.948442, 0.260545, -0.002831, 0.206521, -0.222451, -0.952781, -1.2e-05, 0.0, 0.0, 0.0, 1.0],
                [0.961653, 0.225772, 0.155718, 0.124994, 0.180479, -0.948442, 0.260545, -0.002831, 0.206521, -0.222451, -0.952781, -1.2e-05, 0.0, 0.0, 0.0, 1.0],
                [0.961653, 0.225772, 0.155718, 0.124994, 0.180479, -0.948442, 0.260545, -0.002831, 0.206521, -0.222451, -0.952781, -1.2e-05, 0.0, 0.0, 0.0, 1.0],
                [0.961653, 0.225772, 0.155718, 0.124994, 0.180479, -0.948442, 0.260545, -0.002831, 0.206521, -0.222451, -0.952781, -1.2e-05, 0.0, 0.0, 0.0, 1.0],
                [0.961653, 0.225772, 0.155718, 0.124994, 0.180479, -0.948442, 0.260545, -0.002831, 0.206521, -0.222451, -0.952781, -1.2e-05, 0.0, 0.0, 0.0, 1.0],
                [0.961653, 0.225772, 0.155718, 0.124994, 0.180479, -0.948442, 0.260545, -0.002831, 0.206521, -0.222451, -0.952781, -1.2e-05, 0.0, 0.0, 0.0, 1.0],
                [0.963226, 0.223511, 0.149122, 0.124994, 0.180176, -0.949027, 0.258616, -0.002831, 0.199331, -0.222238, -0.954361, -1.2e-05, 0.0, 0.0, 0.0, 1.0],
                [0.96555, 0.219486, 0.139774, 0.124994, 0.179344, -0.950516, 0.253679, -0.002831, 0.188543, -0.219873, -0.957097, -1.2e-05, 0.0, 0.0, 0.0, 1.0],
                [0.967912, 0.21458, 0.130771, 0.124994, 0.177973, -0.952767, 0.246088, -0.002831, 0.177406, -0.214917, -0.960346, -1.2e-05, 0.0, 0.0, 0.0, 1.0],
                [0.970173, 0.209106, 0.122623, 0.124994, 0.176099, -0.955596, 0.236272, -0.002831, 0.166589, -0.207629, -0.96388, -1.2e-05, 0.0, 0.0, 0.0, 1.0],
                [0.972298, 0.203258, 0.115415, 0.124994, 0.173782, -0.958832, 0.224586, -0.002831, 0.156318, -0.198305, -0.967556, -1.2e-05, 0.0, 0.0, 0.0, 1.0],
                [0.974278, 0.197171, 0.109108, 0.124994, 0.171085, -0.962325, 0.211326, -0.002831, 0.14667, -0.18722, -0.971268, -1.2e-05, 0.0, 0.0, 0.0, 1.0],
                [0.976115, 0.190951, 0.103613, 0.124994, 0.168072, -0.965936, 0.19677, -0.002831, 0.137662, -0.174651, -0.974921, -1.2e-05, 0.0, 0.0, 0.0, 1.0],
                [0.977817, 0.184673, 0.09884, 0.124994, 0.164804, -0.969554, 0.181118, -0.002831, 0.129283, -0.160806, -0.978444, -1.2e-05, 0.0, 0.0, 0.0, 1.0],
                [0.97939, 0.178399, 0.094699, 0.124994, 0.161339, -0.973083, 0.164553, -0.002831, 0.12151, -0.145878, -0.981773, -1.2e-05, 0.0, 0.0, 0.0, 1.0],
                [0.980843, 0.17218, 0.091107, 0.124994, 0.157732, -0.976443, 0.147239, -0.002831, 0.114316, -0.130042, -0.984858, -1.2e-05, 0.0, 0.0, 0.0, 1.0],
                [0.982181, 0.166061, 0.087991, 0.124994, 0.154033, -0.979565, 0.129328, -0.002831, 0.107673, -0.113464, -0.987652, -1.2e-05, 0.0, 0.0, 0.0, 1.0],
                [0.983412, 0.160082, 0.085287, 0.124994, 0.150292, -0.982393, 0.110975, -0.002831, 0.101554, -0.09631, -0.990119, -1.2e-05, 0.0, 0.0, 0.0, 1.0],
                [0.984539, 0.154282, 0.08294, 0.124994, 0.146557, -0.984883, 0.092334, -0.002831, 0.095935, -0.078744, -0.99223, -1.2e-05, 0.0, 0.0, 0.0, 1.0],
                [0.985567, 0.148694, 0.08091, 0.124994, 0.142874, -0.987005, 0.073535, -0.002831, 0.090796, -0.060907, -0.993967, -1.2e-05, 0.0, 0.0, 0.0, 1.0],
                [0.9865, 0.143358, 0.079156, 0.124994, 0.139288, -0.988736, 0.054776, -0.002831, 0.08612, -0.043003, -0.995318, -1.2e-05, 0.0, 0.0, 0.0, 1.0],
                [0.987339, 0.138314, 0.077648, 0.124994, 0.135845, -0.990066, 0.036263, -0.002831, 0.081895, -0.025248, -0.996283, -1.2e-05, 0.0, 0.0, 0.0, 1.0],
                [0.988088, 0.133605, 0.076362, 0.124994, 0.132591, -0.991003, 0.018227, -0.002831, 0.078112, -0.007876, -0.996875, -1.2e-05, 0.0, 0.0, 0.0, 1.0],
                [0.988746, 0.129278, 0.075281, 0.124994, 0.129576, -0.991569, 0.000939, -0.002831, 0.07477, 0.008835, -0.997124, -1.2e-05, 0.0, 0.0, 0.0, 1.0],
                [0.989314, 0.125387, 0.074391, 0.124994, 0.12685, -0.991804, -0.015253, -0.002831, 0.071872, 0.024536, -0.997074, -1.2e-05, 0.0, 0.0, 0.0, 1.0],
                [0.989792, 0.121994, 0.073682, 0.124994, 0.124467, -0.991772, -0.02993, -0.002831, 0.069426, 0.038805, -0.996794, -1.2e-05, 0.0, 0.0, 0.0, 1.0],
                [0.990175, 0.119175, 0.073142, 0.124994, 0.122486, -0.991556, -0.04257, -0.002831, 0.067453, 0.05112, -0.996374, -1.2e-05, 0.0, 0.0, 0.0, 1.0],
                [0.99046, 0.117018, 0.072762, 0.124994, 0.120974, -0.991264, -0.052541, -0.002831, 0.06598, 0.060851, -0.995926, -1.2e-05, 0.0, 0.0, 0.0, 1.0],
                [0.99064, 0.115631, 0.072534, 0.124994, 0.120003, -0.991012, -0.059102, -0.002831, 0.06505, 0.067263, -0.995575, -1.2e-05, 0.0, 0.0, 0.0, 1.0],
                [0.990703, 0.115138, 0.072456, 0.124994, 0.119659, -0.99091, -0.061466, -0.002831, 0.064723, 0.069573, -0.995437, -1.2e-05, 0.0, 0.0, 0.0, 1.0]
            ]
        },
        {
            "name": "Leg_R",
            "time": [0.0, 0.0167, 0.0333, 0.05, 0.0667, 0.0833, 0.1, 0.1167, 0.1333, 0.15, 0.1667, 0.1833, 0.2, 0.2167, 0.2333, 0.25, 0.2667, 0.2833, 0.3, 0.3167, 0.3333, 0.35, 0.3667, 0.3833, 0.4, 0.4167, 0.4333, 0.45, 0.4667, 0.4833, 0.5, 0.5167, 0.5333, 0.55, 0.5667, 0.5833, 0.6, 0.6167, 0.6333, 0.65, 0.6667, 0.6833, 0.7, 0.7167, 0.7333, 0.75, 0.7667, 0.7833, 0.8, 0.8167, 0.8333, 0.85, 0.8667, 0.8833, 0.9, 0.9167, 0.9333, 0.95, 0.9667, 0.9833, 1.0, 1.0167, 1.0333, 1.05, 1.0667, 1.0833, 1.1, 1.1167, 1.1333, 1.15, 1.1667, 1.1833, 1.2, 1.2167, 1.2333, 1.25, 1.2667, 1.2833, 1.3, 1.3167, 1.3333, 1.35, 1.3667, 1.3833, 1.4, 1.4167, 1.4333, 1.45, 1.4667, 1.4833, 1.5],
            "transform": [
                [1.0, -0.000454, -0.000211, -0.0, 0.0005, 0.913967, 0.405776, 0.375166, 9e-06, -0.405795, 0.913972, -0.0, 0.0, 0.0, 0.0, 1.0],
                [1.0, -0.000483, -0.000225, -0.0, 0.000532, 0.902021, 0.431678, 0.375166, -6e-06, -0.431698, 0.902026, -0.0, 0.0, 0.0, 0.0, 1.0],
                [1.0, -0.000559, -0.000265, 0.0, 0.000617, 0.866018, 0.499996, 0.375166, -5e-05, -0.500021, 0.866025, 0.0, 0.0, 0.0, 0.0, 1.0],
                [1.0, -0.00066, -0.00033, 0.0, 0.000727, 0.807551, 0.58978, 0.375166, -0.000122, -0.58981, 0.80756, 0.0, 0.0, 0.0, 0.0, 1.0],
                [1.0, -0.000764, -0.000417, 0.0, 0.000843, 0.72996, 0.683471, 0.375166, -0.000218, -0.683505, 0.729971, -0.0, 0.0, 0.0, 0.0, 1.0],
                [1.0, -0.00086, -0.000519, 0.0, 0.000949, 0.63871, 0.769429, 0.375166, -0.000331, -0.769465, 0.638723, 0.0, 0.0, 0.0, 0.0, 1.0],
                [0.999999, -0.000941, -0.000628, -0.0, 0.001037, 0.540844, 0.841105, 0.375166, -0.000451, -0.841142, 0.540857, -0.0, 0.0, 0.0, 0.0, 1.0],
                [1.0, -0.001002, -0.000737, -0.0, 0.001105, 0.443963, 0.896028, 0.375166, -0.000571, -0.896065, 0.443976, 0.0, 0.0, 0.0, 0.0, 1.0],
                [0.999999, -0.001045, -0.000836, -0.0, 0.001153, 0.355085, 0.934817, 0.375166, -0.00068, -0.934854, 0.355097, 0.0, 0.0, 0.0, 0.0, 1.0],
                [0.999999, -0.001074, -0.000921, -0.0, 0.001184, 0.279182, 0.960222, 0.375166, -0.000774, -0.960258, 0.279194, -0.0, 0.0, 0.0, 0.0, 1.0],
                [0.999999, -0.001091, -0.000988, -0.0, 0.001203, 0.219544, 0.975587, 0.375166, -0.000848, -0.975622, 0.219555, -0.0, 0.0, 0.0, 0.0, 1.0],
                [0.999999, -0.001101, -0.001035, 0.0, 0.001214, 0.177258, 0.984149, 0.375166, -0.0009, -0.984183, 0.177269, 0.0, 0.0, 0.0, 0.0, 1.0],
                [0.999999, -0.001105, -0.001063, 0.0, 0.001219, 0.152158, 0.988341, 0.375166, -0.000931, -0.988375, 0.152168, -0.0, 0.0, 0.0, 0.0, 1.0],
                [0.999999, -0.001107, -0.001072, -0.0, 0.00122, 0.144015, 0.98956, 0.375166, -0.000941, -0.989594, 0.144026, -0.0, 0.0, 0.0, 0.0, 1.0],
                [0.999999, -0.001104, -0.001058, 0.0, 0.001218, 0.157041, 0.987576, 0.375166, -0.000925, -0.98761, 0.157052, 0.0, 0.0, 0.0, 0.0, 1.0],
                [0.999999, -0.001096, -0.001014, -0.0, 0.001209, 0.196244, 0.980539, 0.375166, -0.000876, -0.980574, 0.196255, -0.0, 0.0, 0.0, 0.0, 1.0],
                [0.999999, -0.001079, -0.00094, -0.0, 0.00119, 0.262058, 0.965036, 0.375166, -0.000795, -0.965072, 0.262069, -0.0, 0.0, 0.0, 0.0, 1.0],
                [0.999999, -0.001046, -0.000839, -0.0, 0.001154, 0.352846, 0.935664, 0.375166, -0.000683, -0.935701, 0.352859, 0.0, 0.0, 0.0, 0.0, 1.0],
                [0.999999, -0.000991, -0.000715, 0.0, 0.001093, 0.463269, 0.8862, 0.375166, -0.000547, -0.886238, 0.463282, 0.0, 0.0, 0.0, 0.0, 1.0],
                [0.999999, -0.000907, -0.00058, -0.0, 0.001001, 0.584566, 0.811327, 0.375166, -0.000397, -0.811364, 0.58458, 0.0, 0.0, 0.0, 0.0, 1.0],
                [0.999999, -0.000793, -0.000445, 0.0, 0.000875, 0.704744, 0.709443, 0.375166, -0.000249, -0.709477, 0.704756, 0.0, 0.0, 0.0, 0.0, 1.0],
                [1.0, -0.000654, -0.000327, 0.0, 0.000722, 0.810882, 0.585193, 0.375166, -0.000118, -0.585222, 0.81089, 0.0, 0.0, 0.0, 0.0, 1.0],
                [1.0, -0.000504, -0.000235, -0.0, 0.000555, 0.892846, 0.450347, 0.375166, -1.7e-05, -0.450368, 0.892852, 0.0, 0.0, 0.0, 0.0, 1.0],
                [1.0, -0.00037, -0.000178, 0.0, 0.000408, 0.943775, 0.330579, 0.375166, 4.6e-05, -0.330592, 0.943778, -0.0, 0.0, 0.0, 0.0, 1.0],
                [1.0, -0.00031, -0.000159, -0.0, 0.000342, 0.960818, 0.277173, 0.375166, 6.7e-05, -0.277182, 0.96082, 0.0, 0.0, 0.0, 0.0, 1.0],
                [1.0, -0.00031, -0.000159, -0.0, 0.000342, 0.960818, 0.277173, 0.375166, 6.7e-05, -0.277182, 0.96082, 0.0, 0.0, 0.0, 0.0, 1.0],
                [1.0, -0.00031, -0.000159, -0.0, 0.000342, 0.960818, 0.277173, 0.375166, 6.7e-05, -0.277182, 0.96082, 0.0, 0.0, 0.0, 0.0, 1.0],
                [1.0, -0.00031, -0.000159, -0.0, 0.000342, 0.960818, 0.277173, 0.375166, 6.7e-05, -0.277182, 0.96082, 0.0, 0.0, 0.0, 0.0, 1.0],
                [1.0, -0.00031, -0.000159, -0.0, 0.000342, 0.960818, 0.277173, 0.375166, 6.7e-05, -0.277182, 0.96082, 0.0, 0.0, 0.0, 0.0, 1.0],
                [1.0, -0.00031, -0.000159, -0.0, 0.000342, 0.960818, 0.277173, 0.375166, 6.7e-05, -0.277182, 0.96082, 0.0, 0.0, 0.0, 0.0, 1.0],
                [1.0, -0.00031, -0.000159, -0.0, 0.000342, 0.960818, 0.277173, 0.375166, 6.7e-05, -0.277182, 0.96082, 0.0, 0.0, 0.0, 0.0, 1.0],
                [1.0, -0.00031, -0.000159, -0.0, 0.000342, 0.960818, 0.277173, 0.375166, 6.7e-05, -0.277182, 0.96082, 0.0, 0.0, 0.0, 0.0, 1.0],
                [1.0, -0.00031, -0.000159, -0.0, 0.000342, 0.960818, 0.277173, 0.375166, 6.7e-05, -0.277182, 0.96082, 0.0, 0.0, 0.0, 0.0, 1.0],
                [1.0, -0.00031, -0.000159, -0.0, 0.000342, 0.960818, 0.277173, 0.375166, 6.7e-05, -0.277182, 0.96082, 0.0, 0.0, 0.0, 0.0, 1.0],
                [1.0, -0.00031, -0.000159, -0.0, 0.000342, 0.960818, 0.277173, 0.375166, 6.7e-05, -0.277182, 0.96082, 0.0, 0.0, 0.0, 0.0, 1.0],
                [1.0, -0.00031, -0.000159, -0.0, 0.000342, 0.960818, 0.277173, 0.375166, 6.7e-05, -0.277182, 0.96082, 0.0, 0.0, 0.0, 0.0, 1.0],
                [1.0, -0.00031, -0.000159, -0.0, 0.000342, 0.960818, 0.277173, 0.375166, 6.7e-05, -0.277182, 0.96082, 0.0, 0.0, 0.0, 0.0, 1.0],
                [1.0, -0.00031, -0.000159, -0.0, 0.000342, 0.960818, 0.277173, 0.375166, 6.7e-05, -0.277182, 0.96082, 0.0, 0.0, 0.0, 0.0, 1.0],
                [1.0, -0.00031, -0.000159, -0.0, 0.000342, 0.960818, 0.277173, 0.375166, 6.7e-05, -0.277182, 0.96082, 0.0, 0.0, 0.0, 0.0, 1.0],
                [1.0, -0.00031, -0.000159, -0.0, 0.000342, 0.960818, 0.277173, 0.375166, 6.7e-05, -0.277182, 0.96082, 0.0, 0.0, 0.0, 0.0, 1.0],
                [1.0, -0.00031, -0.000159, -0.0, 0.000342, 0.960818, 0.277173, 0.375166, 6.7e-05, -0.277182, 0.96082, 0.0, 0.0, 0.0, 0.0, 1.0],
                [1.0, -0.00031, -0.000159, -0.0, 0.000342, 0.960818, 0.277173, 0.375166, 6.7e-05, -0.277182, 0.96082, 0.0, 0.0, 0.0, 0.0, 1.0],
                [1.0, -0.00031, -0.000159, -0.0, 0.000342, 0.960818, 0.277173, 0.375166, 6.7e-05, -0.277182, 0.96082, 0.0, 0.0, 0.0, 0.0, 1.0],
                [1.0, -0.00031, -0.000159, -0.0, 0.000342, 0.960818, 0.277173, 0.375166, 6.7e-05, -0.277182, 0.96082, 0.0, 0.0, 0.0, 0.0, 1.0],
                [1.0, -0.00031, -0.000159, -0.0, 0.000342, 0.960818, 0.277173, 0.375166, 6.7e-05, -0.277182, 0.96082, 0.0, 0.0, 0.0, 0.0, 1.0],
                [1.0, -0.00031, -0.000159, -0.0, 0.000342, 0.960818, 0.277173, 0.375166, 6.7e-05, -0.277182, 0.96082, 0.0, 0.0, 0.0, 0.0, 1.0],
                [1.0, -0.00031, -0.000159, -0.0, 0.000342, 0.960818, 0.277173, 0.375166, 6.7e-05, -0.277182, 0.96082, 0.0, 0.0, 0.0, 0.0, 1.0],
                [1.0, -0.00031, -0.000159, -0.0, 0.000342, 0.960818, 0.277173, 0.375166, 6.7e-05, -0.277182, 0.96082, 0.0, 0.0, 0.0, 0.0, 1.0],
                [1.0, -0.00031, -0.000159, -0.0, 0.000342, 0.960818, 0.277173, 0.375166, 6.7e-05, -0.277182, 0.96082, 0.0, 0.0, 0.0, 0.0, 1.0],
                [1.0, -0.00031, -0.000159, -0.0, 0.000342, 0.960818, 0.277173, 0.375166, 6.7e-05, -0.277182, 0.96082, 0.0, 0.0, 0.0, 0.0, 1.0],
                [1.0, -0.00031, -0.000159, -0.0, 0.000342, 0.960818, 0.277173, 0.375166, 6.7e-05, -0.277182, 0.96082, 0.0, 0.0, 0.0, 0.0, 1.0],
                [1.0, -0.00031, -0.000159, -0.0, 0.000342, 0.960818, 0.277173, 0.375166, 6.7e-05, -0.277182, 0.96082, 0.0, 0.0, 0.0, 0.0, 1.0],
                [1.0, -0.00031, -0.000159, -0.0, 0.000342, 0.960818, 0.277173, 0.375166, 6.7e-05, -0.277182, 0.96082, 0.0, 0.0, 0.0, 0.0, 1.0],
                [1.0, -0.00031, -0.000159, -0.0, 0.000342, 0.960818, 0.277173, 0.375166, 6.7e-05, -0.277182, 0.96082, 0.0, 0.0, 0.0, 0.0, 1.0],
                [1.0, -0.00031, -0.000159, -0.0, 0.000342, 0.960818, 0.277173, 0.375166, 6.7e-05, -0.277182, 0.96082, 0.0, 0.0, 0.0, 0.0, 1.0],
                [1.0, -0.00031, -0.000159, -0.0, 0.000342, 0.960818, 0.277173, 0.375166, 6.7e-05, -0.277182, 0.96082, 0.0, 0.0, 0.0, 0.0, 1.0],
                [1.0, -0.00031, -0.000159, -0.0, 0.000342, 0.960818, 0.277173, 0.375166, 6.7e-05, -0.277182, 0.96082, 0.0, 0.0, 0.0, 0.0, 1.0],
                [1.0, -0.00031, -0.000159, -0.0, 0.000342, 0.960818, 0.277173, 0.375166, 6.7e-05, -0.277182, 0.96082, 0.0, 0.0, 0.0, 0.0, 1.0],
                [1.0, -0.00031, -0.000159, -0.0, 0.000342, 0.960818, 0.277173, 0.375166, 6.7e-05, -0.277182, 0.96082, 0.0, 0.0, 0.0, 0.0, 1.0],
                [1.0, -0.00031, -0.000159, -0.0, 0.000342, 0.960818, 0.277173, 0.375166, 6.7e-05, -0.277182, 0.96082, 0.0, 0.0, 0.0, 0.0, 1.0],
                [1.0, -0.00031, -0.000159, -0.0, 0.000342, 0.960818, 0.277173, 0.375166, 6.7e-05, -0.277182, 0.96082, 0.0, 0.0, 0.0, 0.0, 1.0],
                [1.0, -0.00031, -0.000159, -0.0, 0.000342, 0.960818, 0.277173, 0.375166, 6.7e-05, -0.277182, 0.96082, 0.0, 0.0, 0.0, 0.0, 1.0],
                [1.0, -0.00031, -0.000159, -0.0, 0.000342, 0.960818, 0.277173, 0.375166, 6.7e-05, -0.277182, 0.96082, 0.0, 0.0, 0.0, 0.0, 1.0],
                [1.0, -0.00031, -0.000159, -0.0, 0.000342, 0.960818, 0.277173, 0.375166, 6.7e-05, -0.277182, 0.96082, 0.0, 0.0, 0.0, 0.0, 1.0],
                [1.0, -0.00031, -0.000159, -0.0, 0.000342, 0.960818, 0.277173, 0.375166, 6.7e-05, -0.277182, 0.96082, 0.0, 0.0, 0.0, 0.0, 1.0],
                [1.0, -0.00031, -0.000159, -0.0, 0.000342, 0.960818, 0.277173, 0.375166, 6.7e-05, -0.277182, 0.96082, 0.0, 0.0, 0.0, 0.0, 1.0],
                [1.0, -0.00031, -0.000159, -0.0, 0.000342, 0.960818, 0.277173, 0.375166, 6.7e-05, -0.277182, 0.96082, 0.0, 0.0, 0.0, 0.0, 1.0],
                [1.0, -0.000329, -0.000164, 0.0, 0.000363, 0.955804, 0.293996, 0.375166, 6.1e-05, -0.294007, 0.955806, 0.0, 0.0, 0.0, 0.0, 1.0],
                [1.0, -0.000354, -0.000172, -0.0, 0.00039, 0.948659, 0.316292, 0.375166, 5.2e-05, -0.316304, 0.948662, -0.0, 0.0, 0.0, 0.0, 1.0],
                [1.0, -0.000376, -0.00018, 0.0, 0.000414, 0.941878, 0.335946, 0.375166, 4.3e-05, -0.335959, 0.94188, -0.0, 0.0, 0.0, 0.0, 1.0],
                [1.0, -0.000394, -0.000187, -0.0, 0.000434, 0.936008, 0.351969, 0.375166, 3.6e-05, -0.351984, 0.936011, -0.0, 0.0, 0.0, 0.0, 1.0],
                [1.0, -0.000407, -0.000192, 0.0, 0.000449, 0.931258, 0.364349, 0.375166, 3e-05, -0.364364, 0.931262, -0.0, 0.0, 0.0, 0.0, 1.0],
                [1.0, -0.000417, -0.000196, 0.0, 0.00046, 0.927701, 0.373313, 0.375166, 2.6e-05, -0.373328, 0.927705, 0.0, 0.0, 0.0, 0.0, 1.0],
                [1.0, -0.000424, -0.000199, 0.0, 0.000468, 0.925313, 0.379193, 0.375166, 2.3e-05, -0.379209, 0.925317, -0.0, 0.0, 0.0, 0.0, 1.0],
