{
    "animation": [
        {
            "name": "Root",
            "time": [0.0, 0.0167, 0.0333, 0.05, 0.0667, 0.0833, 0.1, 0.1167, 0.1333, 0.15, 0.1667, 0.1833, 0.2, 0.2167, 0.2333, 0.25, 0.2667, 0.2833, 0.3, 0.3167, 0.3333, 0.35, 0.3667, 0.3833, 0.4, 0.4167, 0.4333, 0.45, 0.4667, 0.4833, 0.5, 0.5167, 0.5333, 0.55, 0.5667, 0.5833, 0.6, 0.6167, 0.6333, 0.65, 0.6667, 0.6833, 0.7, 0.7167, 0.7333, 0.75, 0.7667, 0.7833, 0.8, 0.8167, 0.8333, 0.85, 0.8667, 0.8833, 0.9, 0.9167, 0.9333, 0.95, 0.9667, 0.9833, 1.0],
            "transform": [
                [0.900842, 0.0, -0.434148, -5e-06, -0.434148, 0.0, -0.900842, 0.000946, 0.0, 1.0, 0.0, 0.31744, 0.0, 0.0, 0.0, 1.0],
                [0.900842, 0.0, -0.434148, -5e-06, -0.434148, 0.0, -0.900842, 0.004073, 0.0, 1.0, 0.0, 0.327566, 0.0, 0.0, 0.0, 1.0],
                [0.900842, 0.0, -0.434148, -5e-06, -0.434148, 0.0, -0.900842, 0.013456, 0.0, 1.0, 0.0, 0.357946, 0.0, 0.0, 0.0, 1.0],
                [0.900842, 0.0, -0.434148, -5e-06, -0.434148, 0.0, -0.900842, 0.02852, 0.0, 1.0, 0.0, 0.406726, 0.0, 0.0, 0.0, 1.0],
                [0.900842, 0.0, -0.434148, -5e-06, -0.434148, 0.0, -0.900842, 0.047685, 0.0, 1.0, 0.0, 0.46878, 0.0, 0.0, 0.0, 1.0],
                [0.900842, 0.0, -0.434148, -5e-06, -0.434148, 0.0, -0.900842, 0.068361, 0.0, 1.0, 0.0, 0.535731, 0.0, 0.0, 0.0, 1.0],
                [0.900842, 0.0, -0.434148, -5e-06, -0.434148, 0.0, -0.900842, 0.087525, 0.0, 1.0, 0.0, 0.597785, 0.0, 0.0, 0.0, 1.0],
                [0.900842, 0.0, -0.434148, -5e-06, -0.434148, 0.0, -0.900842, 0.10259, 0.0, 1.0, 0.0, 0.646565, 0.0, 0.0, 0.0, 1.0],
                [0.900842, 0.0, -0.434148, -5e-06, -0.434148, 0.0, -0.900842, 0.111972, 0.0, 1.0, 0.0, 0.676945, 0.0, 0.0, 0.0, 1.0],
                [0.900842, 0.0, -0.434148, -5e-06, -0.434148, 0.0, -0.900842, 0.115099, 0.0, 1.0, 0.0, 0.687071, 0.0, 0.0, 0.0, 1.0],
                [0.900842, 0.0, -0.434148, -5e-06, -0.434148, 0.0, -0.900842, 0.115099, 0.0, 1.0, 0.0, 0.687071, 0.0, 0.0, 0.0, 1.0],
                [0.900842, 0.0, -0.434148, -5e-06, -0.434148, 0.0, -0.900842, 0.115099, 0.0, 1.0, 0.0, 0.687071, 0.0, 0.0, 0.0, 1.0],
                [0.900842, 0.0, -0.434148, -5e-06, -0.434148, 0.0, -0.900842, 0.115099, 0.0, 1.0, 0.0, 0.687071, 0.0, 0.0, 0.0, 1.0],
                [0.900842, 0.0, -0.434148, -5e-06, -0.434148, 0.0, -0.900842, 0.115099, 0.0, 1.0, 0.0, 0.687071, 0.0, 0.0, 0.0, 1.0],
                [0.900842, 0.0, -0.434148, -5e-06, -0.434148, 0.0, -0.900842, 0.115099, 0.0, 1.0, 0.0, 0.687071, 0.0, 0.0, 0.0, 1.0],
                [0.900842, 0.0, -0.434148, -5e-06, -0.434148, 0.0, -0.900842, 0.115099, 0.0, 1.0, 0.0, 0.687071, 0.0, 0.0, 0.0, 1.0],
                [0.900842, 0.0, -0.434148, -5e-06, -0.434148, 0.0, -0.900842, 0.115099, 0.0, 1.0, 0.0, 0.687071, 0.0, 0.0, 0.0, 1.0],
                [0.900842, 0.0, -0.434148, -5e-06, -0.434148, 0.0, -0.900842, 0.115099, 0.0, 1.0, 0.0, 0.687071, 0.0, 0.0, 0.0, 1.0],
                [0.900842, 0.0, -0.434148, -5e-06, -0.434148, 0.0, -0.900842, 0.115099, 0.0, 1.0, 0.0, 0.687071, 0.0, 0.0, 0.0, 1.0],
                [0.900842, 0.0, -0.434148, -5e-06, -0.434148, 0.0, -0.900842, 0.115099, 0.0, 1.0, 0.0, 0.687071, 0.0, 0.0, 0.0, 1.0],
                [0.900842, 0.0, -0.434148, -5e-06, -0.434148, 0.0, -0.900842, 0.115099, 0.0, 1.0, 0.0, 0.687071, 0.0, 0.0, 0.0, 1.0],
                [0.900842, 0.0, -0.434148, -5e-06, -0.434148, 0.0, -0.900842, 0.115099, 0.0, 1.0, 0.0, 0.687071, 0.0, 0.0, 0.0, 1.0],
                [0.900842, 0.0, -0.434148, -5e-06, -0.434148, 0.0, -0.900842, 0.115099, 0.0, 1.0, 0.0, 0.687071, 0.0, 0.0, 0.0, 1.0],
                [0.900842, 0.0, -0.434148, -5e-06, -0.434148, 0.0, -0.900842, 0.115099, 0.0, 1.0, 0.0, 0.687071, 0.0, 0.0, 0.0, 1.0],
                [0.900842, 0.0, -0.434148, -5e-06, -0.434148, 0.0, -0.900842, 0.115099, 0.0, 1.0, 0.0, 0.687071, 0.0, 0.0, 0.0, 1.0],
                [0.900842, 0.0, -0.434148, -5e-06, -0.434148, 0.0, -0.900842, 0.115099, 0.0, 1.0, 0.0, 0.687071, 0.0, 0.0, 0.0, 1.0],
                [0.900842, 0.0, -0.434148, -5e-06, -0.434148, 0.0, -0.900842, 0.115099, 0.0, 1.0, 0.0, 0.687071, 0.0, 0.0, 0.0, 1.0],
                [0.900842, 0.0, -0.434148, -5e-06, -0.434148, 0.0, -0.900842, 0.115099, 0.0, 1.0, 0.0, 0.687071, 0.0, 0.0, 0.0, 1.0],
                [0.900842, 0.0, -0.434148, -5e-06, -0.434148, 0.0, -0.900842, 0.114869, 0.0, 1.0, 0.0, 0.687176, 0.0, 0.0, 0.0, 1.0],
                [0.900842, 0.0, -0.434148, -5e-06, -0.434148, 0.0, -0.900842, 0.114174, 0.0, 1.0, 0.0, 0.687494, 0.0, 0.0, 0.0, 1.0],
                [0.900842, 0.0, -0.434148, -5e-06, -0.434148, 0.0, -0.900842, 0.11301, 0.0, 1.0, 0.0, 0.688028, 0.0, 0.0, 0.0, 1.0],
                [0.900842, 0.0, -0.434148, -5e-06, -0.434148, 0.0, -0.900842, 0.111375, 0.0, 1.0, 0.0, 0.688776, 0.0, 0.0, 0.0, 1.0],
                [0.900842, 0.0, -0.434148, -5e-06, -0.434148, 0.0, -0.900842, 0.109273, 0.0, 1.0, 0.0, 0.689739, 0.0, 0.0, 0.0, 1.0],
                [0.900842, 0.0, -0.434148, -5e-06, -0.434148, 0.0, -0.900842, 0.106709, 0.0, 1.0, 0.0, 0.690913, 0.0, 0.0, 0.0, 1.0],
                [0.900842, 0.0, -0.434148, -5e-06, -0.434148, 0.0, -0.900842, 0.103693, 0.0, 1.0, 0.0, 0.692294, 0.0, 0.0, 0.0, 1.0],
                [0.900842, 0.0, -0.434148, -5e-06, -0.434148, 0.0, -0.900842, 0.100242, 0.0, 1.0, 0.0, 0.693874, 0.0, 0.0, 0.0, 1.0],
                [0.900842, 0.0, -0.434148, -5e-06, -0.434148, 0.0, -0.900842, 0.096378, 0.0, 1.0, 0.0, 0.695644, 0.0, 0.0, 0.0, 1.0],
                [0.900842, 0.0, -0.434148, -5e-06, -0.434148, 0.0, -0.900842, 0.092127, 0.0, 1.0, 0.0, 0.69759, 0.0, 0.0, 0.0, 1.0],
                [0.900842, 0.0, -0.434148, -5e-06, -0.434148, 0.0, -0.900842, 0.087525, 0.0, 1.0, 0.0, 0.699698, 0.0, 0.0, 0.0, 1.0],
                [0.900842, 0.0, -0.434148, -5e-06, -0.434148, 0.0, -0.900842, 0.082612, 0.0, 1.0, 0.0, 0.701948, 0.0, 0.0, 0.0, 1.0],
                [0.900842, 0.0, -0.434148, -5e-06, -0.434148, 0.0, -0.900842, 0.077435, 0.0, 1.0, 0.0, 0.704319, 0.0, 0.0, 0.0, 1.0],
                [0.900842, 0.0, -0.434148, -5e-06, -0.434148, 0.0, -0.900842, 0.072044, 0.0, 1.0, 0.0, 0.706787, 0.0, 0.0, 0.0, 1.0],
                [0.900842, 0.0, -0.434148, -5e-06, -0.434148, 0.0, -0.900842, 0.066499, 0.0, 1.0, 0.0, 0.709327, 0.0, 0.0, 0.0, 1.0],
                [0.900842, 0.0, -0.434148, -5e-06, -0.434148, 0.0, -0.900842, 0.060859, 0.0, 1.0, 0.0, 0.711909, 0.0, 0.0, 0.0, 1.0],
                [0.900842, 0.0, -0.434148, -5e-06, -0.434148, 0.0, -0.900842, 0.055187, 0.0, 1.0, 0.0, 0.714507, 0.0, 0.0, 0.0, 1.0],
                [0.900842, 0.0, -0.434148, -5e-06, -0.434148, 0.0, -0.900842, 0.049547, 0.0, 1.0, 0.0, 0.71709, 0.0, 0.0, 0.0, 1.0],
                [0.900842, 0.0, -0.434148, -5e-06, -0.434148, 0.0, -0.900842, 0.044001, 0.0, 1.0, 0.0, 0.719629, 0.0, 0.0, 0.0, 1.0],
                [0.900842, 0.0, -0.434148, -5e-06, -0.434148, 0.0, -0.900842, 0.038611, 0.0, 1.0, 0.0, 0.722098, 0.0, 0.0, 0.0, 1.0],
                [0.900842, 0.0, -0.434148, -5e-06, -0.434148, 0.0, -0.900842, 0.033434, 0.0, 1.0, 0.0, 0.724469, 0.0, 0.0, 0.0, 1.0],
                [0.900842, 0.0, -0.434148, -5e-06, -0.434148, 0.0, -0.900842, 0.02852, 0.0, 1.0, 0.0, 0.726719, 0.0, 0.0, 0.0, 1.0],
                [0.900842, 0.0, -0.434148, -5e-06, -0.434148, 0.0, -0.900842, 0.023918, 0.0, 1.0, 0.0, 0.728826, 0.0, 0.0, 0.0, 1.0],
                [0.900842, 0.0, -0.434148, -5e-06, -0.434148, 0.0, -0.900842, 0.019668, 0.0, 1.0, 0.0, 0.730772, 0.0, 0.0, 0.0, 1.0],
                [0.900842, 0.0, -0.434148, -5e-06, -0.434148, 0.0, -0.900842, 0.015804, 0.0, 1.0, 0.0, 0.732542, 0.0, 0.0, 0.0, 1.0],
                [0.900842, 0.0, -0.434148, -5e-06, -0.434148, 0.0, -0.900842, 0.012353, 0.0, 1.0, 0.0, 0.734122, 0.0, 0.0, 0.0, 1.0],
                [0.900842, 0.0, -0.434148, -5e-06, -0.434148, 0.0, -0.900842, 0.009337, 0.0, 1.0, 0.0, 0.735503, 0.0, 0.0, 0.0, 1.0],
                [0.900842, 0.0, -0.434148, -5e-06, -0.434148, 0.0, -0.900842, 0.006773, 0.0, 1.0, 0.0, 0.736678, 0.0, 0.0, 0.0, 1.0],
                [0.900842, 0.0, -0.434148, -5e-06, -0.434148, 0.0, -0.900842, 0.00467, 0.0, 1.0, 0.0, 0.73764, 0.0, 0.0, 0.0, 1.0],
                [0.900842, 0.0, -0.434148, -5e-06, -0.434148, 0.0, -0.900842, 0.003036, 0.0, 1.0, 0.0, 0.738389, 0.0, 0.0, 0.0, 1.0],
                [0.900842, 0.0, -0.434148, -5e-06, -0.434148, 0.0, -0.900842, 0.001872, 0.0, 1.0, 0.0, 0.738922, 0.0, 0.0, 0.0, 1.0],
                [0.900842, 0.0, -0.434148, -5e-06, -0.434148, 0.0, -0.900842, 0.001177, 0.0, 1.0, 0.0, 0.73924, 0.0, 0.0, 0.0, 1.0],
                [0.900842, 0.0, -0.434148, -5e-06, -0.434148, 0.0, -0.900842, 0.000946, 0.0, 1.0, 0.0, 0.739346, 0.0, 0.0, 0.0, 1.0],
                [0.900842, 0.0, -0.434148, -5e-06, -0.434148, 0.0, -0.900842, 0.000946, 0.0, 1.0, 0.0, 0.739346, 0.0, 0.0, 0.0, 1.0]
            ]
        },
        {
            "name": "Thigh_R",
            "time": [0.0, 0.0167, 0.0333, 0.05, 0.0667, 0.0833, 0.1, 0.1167, 0.1333, 0.15, 0.1667, 0.1833, 0.2, 0.2167, 0.2333, 0.25, 0.2667, 0.2833, 0.3, 0.3167, 0.3333, 0.35, 0.3667, 0.3833, 0.4, 0.4167, 0.4333, 0.45, 0.4667, 0.4833, 0.5, 0.5167, 0.5333, 0.55, 0.5667, 0.5833, 0.6, 0.6167, 0.6333, 0.65, 0.6667, 0.6833, 0.7, 0.7167, 0.7333, 0.75, 0.7667, 0.7833, 0.8, 0.8167, 0.8333, 0.85, 0.8667, 0.8833, 0.9, 0.9167, 0.9333, 0.95, 0.9667, 0.9833, 1.0],
            "transform": [
                [0.930837, 0.358358, -0.071535, 0.124994, 0.32098, -0.708209, 0.628805, -0.002831, 0.174682, -0.608258, -0.774242, -1.2e-05, 0.0, 0.0, 0.0, 1.0],
                [0.933257, 0.353072, -0.066088, 0.124994, 0.315521, -0.717816, 0.620621, -0.002831, 0.171691, -0.600033, -0.781297, -1.2e-05, 0.0, 0.0, 0.0, 1.0],
                [0.93943, 0.339042, -0.050175, 0.124994, 0.301078, -0.74639, 0.593498, -0.002831, 0.163776, -0.572638, -0.803245, -1.2e-05, 0.0, 0.0, 0.0, 1.0],
                [0.946855, 0.320629, -0.02567, 0.124994, 0.282591, -0.791074, 0.542523, -0.002831, 0.153647, -0.520926, -0.839623, -1.2e-05, 0.0, 0.0, 0.0, 1.0],
                [0.953489, 0.301381, 0.00509, 0.124994, 0.264845, -0.845711, 0.46327, -0.002831, 0.143931, -0.440356, -0.886175, -1.2e-05, 0.0, 0.0, 0.0, 1.0],
                [0.958518, 0.282284, 0.039453, 0.124994, 0.250456, -0.900217, 0.356193, -0.002831, 0.136068, -0.331517, -0.933549, -1.2e-05, 0.0, 0.0, 0.0, 1.0],
                [0.961959, 0.262825, 0.074542, 0.124994, 0.240058, -0.943455, 0.228603, -0.002831, 0.130414, -0.201994, -0.970629, -1.2e-05, 0.0, 0.0, 0.0, 1.0],
                [0.964111, 0.242868, 0.107253, 0.124994, 0.233282, -0.967799, 0.094547, -0.002831, 0.126767, -0.066116, -0.989691, -1.2e-05, 0.0, 0.0, 0.0, 1.0],
                [0.965271, 0.224753, 0.133181, 0.124994, 0.229527, -0.973064, -0.021429, -0.002831, 0.124781, 0.05127, -0.990823, -1.2e-05, 0.0, 0.0, 0.0, 1.0],
                [0.965632, 0.216326, 0.144065, 0.124994, 0.228335, -0.970869, -0.072609, -0.002831, 0.124165, 0.103025, -0.986863, -1.2e-05, 0.0, 0.0, 0.0, 1.0],
                [0.965632, 0.216326, 0.144065, 0.124994, 0.228335, -0.970869, -0.072609, -0.002831, 0.124165, 0.103025, -0.986863, -1.2e-05, 0.0, 0.0, 0.0, 1.0],
                [0.965632, 0.216326, 0.144065, 0.124994, 0.228335, -0.970869, -0.072609, -0.002831, 0.124165, 0.103025, -0.986863, -1.2e-05, 0.0, 0.0, 0.0, 1.0],
                [0.965632, 0.216326, 0.144065, 0.124994, 0.228335, -0.970869, -0.072609, -0.002831, 0.124165, 0.103025, -0.986863, -1.2e-05, 0.0, 0.0, 0.0, 1.0],
                [0.965632, 0.216326, 0.144065, 0.124994, 0.228335, -0.970869, -0.072609, -0.002831, 0.124165, 0.103025, -0.986863, -1.2e-05, 0.0, 0.0, 0.0, 1.0],
                [0.965632, 0.216326, 0.144065, 0.124994, 0.228335, -0.970869, -0.072609, -0.002831, 0.124165, 0.103025, -0.986863, -1.2e-05, 0.0, 0.0, 0.0, 1.0],
                [0.965632, 0.216326, 0.144065, 0.124994, 0.228335, -0.970869, -0.072609, -0.002831, 0.124165, 0.103025, -0.986863, -1.2e-05, 0.0, 0.0, 0.0, 1.0],
                [0.965632, 0.216326, 0.144065, 0.124994, 0.228335, -0.970869, -0.072609, -0.002831, 0.124165, 0.103025, -0.986863, -1.2e-05, 0.0, 0.0, 0.0, 1.0],
                [0.965632, 0.216326, 0.144065, 0.124994, 0.228335, -0.970869, -0.072609, -0.002831, 0.124165, 0.103025, -0.986863, -1.2e-05, 0.0, 0.0, 0.0, 1.0],
                [0.965632, 0.216326, 0.144065, 0.124994, 0.228335, -0.970869, -0.072609, -0.002831, 0.124165, 0.103025, -0.986863, -1.2e-05, 0.0, 0.0, 0.0, 1.0],
                [0.965632, 0.216326, 0.144065, 0.124994, 0.228335, -0.970869, -0.072609, -0.002831, 0.124165, 0.103025, -0.986863, -1.2e-05, 0.0, 0.0, 0.0, 1.0],
                [0.965632, 0.216326, 0.144065, 0.124994, 0.228335, -0.970869, -0.072609, -0.002831, 0.124165, 0.103025, -0.986863, -1.2e-05, 0.0, 0.0, 0.0, 1.0],
                [0.965632, 0.216326, 0.144065, 0.124994, 0.228335, -0.970869, -0.072609, -0.002831, 0.124165, 0.103025, -0.986863, -1.2e-05, 0.0, 0.0, 0.0, 1.0],
                [0.965632, 0.216326, 0.144065, 0.124994, 0.228335, -0.970869, -0.072609, -0.002831, 0.124165, 0.103025, -0.986863, -1.2e-05, 0.0, 0.0, 0.0, 1.0],
                [0.965632, 0.216326, 0.144065, 0.124994, 0.228335, -0.970869, -0.072609, -0.002831, 0.124165, 0.103025, -0.986863, -1.2e-05, 0.0, 0.0, 0.0, 1.0],
                [0.965632, 0.216326, 0.144065, 0.124994, 0.228335, -0.970869, -0.072609, -0.002831, 0.124165, 0.103025, -0.986863, -1.2e-05, 0.0, 0.0, 0.0, 1.0],
                [0.965632, 0.216326, 0.144065, 0.124994, 0.228335, -0.970869, -0.072609, -0.002831, 0.124165, 0.103025, -0.986863, -1.2e-05, 0.0, 0.0, 0.0, 1.0],
                [0.965632, 0.216326, 0.144065, 0.124994, 0.228335, -0.970869, -0.072609, -0.002831, 0.124165, 0.103025, -0.986863, -1.2e-05, 0.0, 0.0, 0.0, 1.0],
                [0.965632, 0.216326, 0.144065, 0.124994, 0.228335, -0.970869, -0.072609, -0.002831, 0.124165, 0.103025, -0.986863, -1.2e-05, 0.0, 0.0, 0.0, 1.0],
                [0.96571, 0.21612, 0.143857, 0.124994, 0.228083, -0.970942, -0.072431, -0.002831, 0.124027, 0.102774, -0.986906, -1.2e-05, 0.0, 0.0, 0.0, 1.0],
                [0.965942, 0.215496, 0.14323, 0.124994, 0.227324, -0.97116, -0.071894, -0.002831, 0.123611, 0.102021, -0.987037, -1.2e-05, 0.0, 0.0, 0.0, 1.0],
                [0.966329, 0.214451, 0.142188, 0.124994, 0.226055, -0.971521, -0.071004, -0.002831, 0.122916, 0.100771, -0.987252, -1.2e-05, 0.0, 0.0, 0.0, 1.0],
                [0.966865, 0.212984, 0.140737, 0.124994, 0.224279, -0.972022, -0.06977, -0.002831, 0.121944, 0.099039, -0.987548, -1.2e-05, 0.0, 0.0, 0.0, 1.0],
                [0.967546, 0.211096, 0.138892, 0.124994, 0.222005, -0.972655, -0.068211, -0.002831, 0.120699, 0.096847, -0.987918, -1.2e-05, 0.0, 0.0, 0.0, 1.0],
                [0.968362, 0.208792, 0.136673, 0.124994, 0.219248, -0.973408, -0.066352, -0.002831, 0.119189, 0.094233, -0.988354, -1.2e-05, 0.0, 0.0, 0.0, 1.0],
                [0.969301, 0.206082, 0.134108, 0.124994, 0.216027, -0.974271, -0.064228, -0.002831, 0.117426, 0.091243, -0.988845, -1.2e-05, 0.0, 0.0, 0.0, 1.0],
                [0.970348, 0.20298, 0.131233, 0.124994, 0.212372, -0.975226, -0.061883, -0.002831, 0.115425, 0.087933, -0.98938, -1.2e-05, 0.0, 0.0, 0.0, 1.0],
                [0.971489, 0.199506, 0.128085, 0.124994, 0.208315, -0.976256, -0.059367, -0.002831, 0.113204, 0.084372, -0.989947, -1.2e-05, 0.0, 0.0, 0.0, 1.0],
                [0.972704, 0.195687, 0.124711, 0.124994, 0.203898, -0.977344, -0.056742, -0.002831, 0.110786, 0.080636, -0.990531, -1.2e-05, 0.0, 0.0, 0.0, 1.0],
                [0.973974, 0.191543, 0.121178, 0.124994, 0.199168, -0.978465, -0.054169, -0.002831, 0.108197, 0.076909, -0.991114, -1.2e-05, 0.0, 0.0, 0.0, 1.0],
                [0.97528, 0.187138, 0.117499, 0.124994, 0.194178, -0.979611, -0.051519, -0.002831, 0.105466, 0.073075, -0.991698, -1.2e-05, 0.0, 0.0, 0.0, 1.0],
                [0.976603, 0.182504, 0.113746, 0.124994, 0.188986, -0.980756, -0.048971, -0.002831, 0.102624, 0.069336, -0.992264, -1.2e-05, 0.0, 0.0, 0.0, 1.0],
                [0.977922, 0.177689, 0.109974, 0.124994, 0.183651, -0.981885, -0.046602, -0.002831, 0.099705, 0.065784, -0.992803, -1.2e-05, 0.0, 0.0, 0.0, 1.0],
                [0.97922, 0.172747, 0.106233, 0.124994, 0.178238, -0.98298, -0.044488, -0.002831, 0.096743, 0.062511, -0.993308, -1.2e-05, 0.0, 0.0, 0.0, 1.0],
                [0.980481, 0.167732, 0.102575, 0.124994, 0.17281, -0.984027, -0.042725, -0.002831, 0.093773, 0.05963, -0.993769, -1.2e-05, 0.0, 0.0, 0.0, 1.0],
                [0.981691, 0.162703, 0.099039, 0.124994, 0.167428, -0.985015, -0.04136, -0.002831, 0.090829, 0.057197, -0.994186, -1.2e-05, 0.0, 0.0, 0.0, 1.0],
                [0.982839, 0.157709, 0.095678, 0.124994, 0.162152, -0.985932, -0.040528, -0.002831, 0.087943, 0.05536, -0.994549, -1.2e-05, 0.0, 0.0, 0.0, 1.0],
                [0.983915, 0.152825, 0.092489, 0.124994, 0.157038, -0.986778, -0.040065, -0.002831, 0.085146, 0.053958, -0.994869, -1.2e-05, 0.0, 0.0, 0.0, 1.0],
                [0.984914, 0.148093, 0.089515, 0.124994, 0.152134, -0.987545, -0.040098, -0.002831, 0.082465, 0.053123, -0.99514, -1.2e-05, 0.0, 0.0, 0.0, 1.0],
                [0.98583, 0.143557, 0.086779, 0.124994, 0.147487, -0.988227, -0.040658, -0.002831, 0.079924, 0.052892, -0.995359, -1.2e-05, 0.0, 0.0, 0.0, 1.0],
                [0.986661, 0.139261, 0.084292, 0.124994, 0.143132, -0.988823, -0.041717, -0.002831, 0.077543, 0.053237, -0.995529, -1.2e-05, 0.0, 0.0, 0.0, 1.0],
                [0.987408, 0.135244, 0.082058, 0.124994, 0.139101, -0.989334, -0.043221, -0.002831, 0.07534, 0.054102, -0.995652, -1.2e-05, 0.0, 0.0, 0.0, 1.0],
                [0.988071, 0.131538, 0.08008, 0.124994, 0.13542, -0.98976, -0.04511, -0.002831, 0.073329, 0.055427, -0.995729, -1.2e-05, 0.0, 0.0, 0.0, 1.0],
                [0.988652, 0.128167, 0.078355, 0.124994, 0.132106, -0.990105, -0.047309, -0.002831, 0.071519, 0.057134, -0.995764, -1.2e-05, 0.0, 0.0, 0.0, 1.0],
                [0.989154, 0.125155, 0.076876, 0.124994, 0.129174, -0.990374, -0.04971, -0.002831, 0.069917, 0.059111, -0.995762, -1.2e-05, 0.0, 0.0, 0.0, 1.0],
                [0.98958, 0.122519, 0.075634, 0.124994, 0.126632, -0.990575, -0.052191, -0.002831, 0.068529, 0.061235, -0.99573, -1.2e-05, 0.0, 0.0, 0.0, 1.0],
                [0.989933, 0.120272, 0.074617, 0.124994, 0.124486, -0.990716, -0.054623, -0.002831, 0.067357, 0.063371, -0.995677, -1.2e-05, 0.0, 0.0, 0.0, 1.0],
                [0.990216, 0.118426, 0.073812, 0.124994, 0.122736, -0.990808, -0.056863, -0.002831, 0.066402, 0.065376, -0.995611, -1.2e-05, 0.0, 0.0, 0.0, 1.0],
                [0.990432, 0.116986, 0.073205, 0.124994, 0.121382, -0.990863, -0.058776, -0.002831, 0.065663, 0.067109, -0.995545, -1.2e-05, 0.0, 0.0, 0.0, 1.0],
                [0.990584, 0.115958, 0.072784, 0.124994, 0.120421, -0.990893, -0.060239, -0.002831, 0.065138, 0.068445, -0.995488, -1.2e-05, 0.0, 0.0, 0.0, 1.0],
                [0.990674, 0.115342, 0.072537, 0.124994, 0.119848, -0.990906, -0.061155, -0.002831, 0.064826, 0.069287, -0.99545, -1.2e-05, 0.0, 0.0, 0.0, 1.0],
                [0.990703, 0.115138, 0.072456, 0.124994, 0.119659, -0.99091, -0.061465, -0.002831, 0.064723, 0.069573, -0.995437, -1.2e-05, 0.0, 0.0, 0.0, 1.0],
                [0.990703, 0.115138, 0.072456, 0.124994, 0.119659, -0.99091, -0.061465, -0.002831, 0.064723, 0.069573, -0.995437, -1.2e-05, 0.0, 0.0, 0.0, 1.0]
            ]
        },
        {
            "name": "Leg_R",
            "time": [0.0, 0.0167, 0.0333, 0.05, 0.0667, 0.0833, 0.1, 0.1167, 0.1333, 0.15, 0.1667, 0.1833, 0.2, 0.2167, 0.2333, 0.25, 0.2667, 0.2833, 0.3, 0.3167, 0.3333, 0.35, 0.3667, 0.3833, 0.4, 0.4167, 0.4333, 0.45, 0.4667, 0.4833, 0.5, 0.5167, 0.5333, 0.55, 0.5667, 0.5833, 0.6, 0.6167, 0.6333, 0.65, 0.6667, 0.6833, 0.7, 0.7167, 0.7333, 0.75, 0.7667, 0.7833, 0.8, 0.8167, 0.8333, 0.85, 0.8667, 0.8833, 0.9, 0.9167, 0.9333, 0.95, 0.9667, 0.9833, 1.0],
            "transform": [
                [0.999998, -0.000914, -0.001878, 0.0, 0.001008, -0.576148, 0.817337, 0.375166, -0.001829, -0.81735, -0.576135, 0.0, 0.0, 0.0, 0.0, 1.0],
                [0.999998, -0.000934, -0.001849, -0.0, 0.00103, -0.550211, 0.835016, 0.375166, -0.001797, -0.835031, -0.550199, -0.0, 0.0, 0.0, 0.0, 1.0],
                [0.999998, -0.000989, -0.001756, 0.0, 0.00109, -0.467492, 0.883986, 0.375166, -0.001695, -0.884004, -0.46748, 0.0, 0.0, 0.0, 0.0, 1.0],
                [0.999998, -0.00106, -0.001591, -0.0, 0.001169, -0.319927, 0.947429, 0.375166, -0.001513, -0.947453, -0.319916, 0.0, 0.0, 0.0, 0.0, 1.0],
                [0.999999, -0.001112, -0.001351, -0.0, 0.001226, -0.105316, 0.994424, 0.375166, -0.001248, -0.994454, -0.105306, -0.0, 0.0, 0.0, 0.0, 1.0],
                [0.999999, -0.001104, -0.001054, 0.0, 0.001218, 0.15993, 0.987112, 0.375166, -0.000921, -0.987148, 0.159942, 0.0, 0.0, 0.0, 0.0, 1.0],
                [0.999999, -0.001006, -0.000745, -0.0, 0.00111, 0.436664, 0.899607, 0.375166, -0.00058, -0.899646, 0.436677, 0.0, 0.0, 0.0, 0.0, 1.0],
                [1.0, -0.000825, -0.000478, -0.0, 0.00091, 0.675262, 0.737559, 0.375166, -0.000285, -0.737595, 0.675275, 0.0, 0.0, 0.0, 0.0, 1.0],
                [1.0, -0.000618, -0.000302, 0.0, 0.000682, 0.833266, 0.552856, 0.375166, -9e-05, -0.552884, 0.833274, 0.0, 0.0, 0.0, 0.0, 1.0],
                [1.0, -0.000515, -0.000241, 0.0, 0.000568, 0.887448, 0.460893, 0.375166, -2.4e-05, -0.460915, 0.887455, 0.0, 0.0, 0.0, 0.0, 1.0],
                [1.0, -0.000515, -0.000241, 0.0, 0.000568, 0.887448, 0.460893, 0.375166, -2.4e-05, -0.460915, 0.887455, 0.0, 0.0, 0.0, 0.0, 1.0],
                [1.0, -0.000515, -0.000241, 0.0, 0.000568, 0.887448, 0.460893, 0.375166, -2.4e-05, -0.460915, 0.887455, 0.0, 0.0, 0.0, 0.0, 1.0],
                [1.0, -0.000515, -0.000241, 0.0, 0.000568, 0.887448, 0.460893, 0.375166, -2.4e-05, -0.460915, 0.887455, 0.0, 0.0, 0.0, 0.0, 1.0],
                [1.0, -0.000515, -0.000241, 0.0, 0.000568, 0.887448, 0.460893, 0.375166, -2.4e-05, -0.460915, 0.887455, 0.0, 0.0, 0.0, 0.0, 1.0],
                [1.0, -0.000515, -0.000241, 0.0, 0.000568, 0.887448, 0.460893, 0.375166, -2.4e-05, -0.460915, 0.887455, 0.0, 0.0, 0.0, 0.0, 1.0],
                [1.0, -0.000515, -0.000241, 0.0, 0.000568, 0.887448, 0.460893, 0.375166, -2.4e-05, -0.460915, 0.887455, 0.0, 0.0, 0.0, 0.0, 1.0],
                [1.0, -0.000515, -0.000241, 0.0, 0.000568, 0.887448, 0.460893, 0.375166, -2.4e-05, -0.460915, 0.887455, 0.0, 0.0, 0.0, 0.0, 1.0],
                [1.0, -0.000515, -0.000241, 0.0, 0.000568, 0.887448, 0.460893, 0.375166, -2.4e-05, -0.460915, 0.887455, 0.0, 0.0, 0.0, 0.0, 1.0],
                [1.0, -0.000515, -0.000241, 0.0, 0.000568, 0.887448, 0.460893, 0.375166, -2.4e-05, -0.460915, 0.887455, 0.0, 0.0, 0.0, 0.0, 1.0],
                [1.0, -0.000515, -0.000241, 0.0, 0.000568, 0.887448, 0.460893, 0.375166, -2.4e-05, -0.460915, 0.887455, 0.0, 0.0, 0.0, 0.0, 1.0],
                [1.0, -0.000515, -0.000241, 0.0, 0.000568, 0.887448, 0.460893, 0.375166, -2.4e-05, -0.460915, 0.887455, 0.0, 0.0, 0.0, 0.0, 1.0],
                [1.0, -0.000515, -0.000241, 0.0, 0.000568, 0.887448, 0.460893, 0.375166, -2.4e-05, -0.460915, 0.887455, 0.0, 0.0, 0.0, 0.0, 1.0],
                [1.0, -0.000515, -0.000241, 0.0, 0.000568, 0.887448, 0.460893, 0.375166, -2.4e-05, -0.460915, 0.887455, 0.0, 0.0, 0.0, 0.0, 1.0],
                [1.0, -0.000515, -0.000241, 0.0, 0.000568, 0.887448, 0.460893, 0.375166, -2.4e-05, -0.460915, 0.887455, 0.0, 0.0, 0.0, 0.0, 1.0],
                [1.0, -0.000515, -0.000241, 0.0, 0.000568, 0.887448, 0.460893, 0.375166, -2.4e-05, -0.460915, 0.887455, 0.0, 0.0, 0.0, 0.0, 1.0],
                [1.0, -0.000515, -0.000241, 0.0, 0.000568, 0.887448, 0.460893, 0.375166, -2.4e-05, -0.460915, 0.887455, 0.0, 0.0, 0.0, 0.0, 1.0],
                [1.0, -0.000515, -0.000241, 0.0, 0.000568, 0.887448, 0.460893, 0.375166, -2.4e-05, -0.460915, 0.887455, 0.0, 0.0, 0.0, 0.0, 1.0],
                [1.0, -0.000515, -0.000241, 0.0, 0.000568, 0.887448, 0.460893, 0.375166, -2.4e-05, -0.460915, 0.887455, 0.0, 0.0, 0.0, 0.0, 1.0],
                [1.0, -0.000515, -0.000241, -0.0, 0.000568, 0.887504, 0.460785, 0.375166, -2.4e-05, -0.460808, 0.88751, -0.0, 0.0, 0.0, 0.0, 1.0],
                [1.0, -0.000515, -0.000241, 0.0, 0.000568, 0.887675, 0.460456, 0.375166, -2.4e-05, -0.460479, 0.887681, 0.0, 0.0, 0.0, 0.0, 1.0],
                [1.0, -0.000514, -0.00024, 0.0, 0.000567, 0.887971, 0.459885, 0.375166, -2.3e-05, -0.459907, 0.887977, 0.0, 0.0, 0.0, 0.0, 1.0],
                [1.0, -0.000513, -0.00024, 0.0, 0.000566, 0.888407, 0.459043, 0.375166, -2.3e-05, -0.459065, 0.888413, -0.0, 0.0, 0.0, 0.0, 1.0],
                [1.0, -0.000512, -0.000239, 0.0, 0.000565, 0.889, 0.457893, 0.375166, -2.2e-05, -0.457915, 0.889006, -0.0, 0.0, 0.0, 0.0, 1.0],
                [1.0, -0.00051, -0.000238, -0.0, 0.000563, 0.889776, 0.456385, 0.375166, -2.1e-05, -0.456407, 0.889781, -0.0, 0.0, 0.0, 0.0, 1.0],
                [1.0, -0.000508, -0.000237, -0.0, 0.000561, 0.890759, 0.454461, 0.375166, -2e-05, -0.454483, 0.890765, -0.0, 0.0, 0.0, 0.0, 1.0],
                [1.0, -0.000506, -0.000236, -0.0, 0.000558, 0.891981, 0.452059, 0.375166, -1.8e-05, -0.452081, 0.891987, 0.0, 0.0, 0.0, 0.0, 1.0],
                [1.0, -0.000502, -0.000234, 0.0, 0.000554, 0.89347, 0.449109, 0.375166, -1.6e-05, -0.449131, 0.893476, -0.0, 0.0, 0.0, 0.0, 1.0],
                [1.0, -0.000498, -0.000232, 0.0, 0.00055, 0.895256, 0.445539, 0.375166, -1.4e-05, -0.44556, 0.895262, -0.0, 0.0, 0.0, 0.0, 1.0],
                [1.0, -0.000493, -0.00023, 0.0, 0.000544, 0.897449, 0.441104, 0.375166, -1.1e-05, -0.441125, 0.897455, 0.0, 0.0, 0.0, 0.0, 1.0],
                [1.0, -0.000488, -0.000227, 0.0, 0.000538, 0.89989, 0.436104, 0.375166, -8e-06, -0.436125, 0.899895, 0.0, 0.0, 0.0, 0.0, 1.0],
                [1.0, -0.000481, -0.000224, 0.0, 0.000531, 0.902683, 0.430292, 0.375166, -5e-06, -0.430313, 0.902689, -0.0, 0.0, 0.0, 0.0, 1.0],
                [1.0, -0.000474, -0.00022, 0.0, 0.000522, 0.905833, 0.423622, 0.375166, -1e-06, -0.423642, 0.905838, -0.0, 0.0, 0.0, 0.0, 1.0],
                [1.0, -0.000465, -0.000216, -0.0, 0.000513, 0.909331, 0.416062, 0.375166, 3e-06, -0.416081, 0.909335, -0.0, 0.0, 0.0, 0.0, 1.0],
                [1.0, -0.000456, -0.000212, 0.0, 0.000503, 0.913177, 0.407551, 0.375166, 8e-06, -0.40757, 0.913182, -0.0, 0.0, 0.0, 0.0, 1.0],
                [1.0, -0.000445, -0.000207, 0.0, 0.000491, 0.917324, 0.39813, 0.375166, 1.3e-05, -0.398148, 0.917328, 0.0, 0.0, 0.0, 0.0, 1.0],
                [1.0, -0.000434, -0.000203, 0.0, 0.000478, 0.92179, 0.387678, 0.375166, 1.9e-05, -0.387695, 0.921794, -0.0, 0.0, 0.0, 0.0, 1.0],
                [1.0, -0.000421, -0.000197, -0.0, 0.000465, 0.926358, 0.376633, 0.375166, 2.4e-05, -0.376649, 0.926362, 0.0, 0.0, 0.0, 0.0, 1.0],
                [1.0, -0.000408, -0.000192, 0.0, 0.00045, 0.931046, 0.364892, 0.375166, 3e-05, -0.364908, 0.931049, -0.0, 0.0, 0.0, 0.0, 1.0],
                [1.0, -0.000394, -0.000187, 0.0, 0.000435, 0.935799, 0.352523, 0.375166, 3.6e-05, -0.352538, 0.935803, -0.0, 0.0, 0.0, 0.0, 1.0],
                [1.0, -0.00038, -0.000182, -0.0, 0.000419, 0.940532, 0.339696, 0.375166, 4.2e-05, -0.33971, 0.940535, -0.0, 0.0, 0.0, 0.0, 1.0],
                [1.0, -0.000365, -0.000176, 0.0, 0.000403, 0.945151, 0.326624, 0.375166, 4.7e-05, -0.326637, 0.945154, -0.0, 0.0, 0.0, 0.0, 1.0],
                [1.0, -0.000351, -0.000171, 0.0, 0.000387, 0.949578, 0.313523, 0.375166, 5.3e-05, -0.313535, 0.949581, 0.0, 0.0, 0.0, 0.0, 1.0],
                [1.0, -0.000336, -0.000167, -0.0, 0.000371, 0.953742, 0.300619, 0.375166, 5.8e-05, -0.30063, 0.953744, -0.0, 0.0, 0.0, 0.0, 1.0],
                [1.0, -0.000322, -0.000162, -0.0, 0.000355, 0.957569, 0.288198, 0.375166, 6.3e-05, -0.288208, 0.957571, 0.0, 0.0, 0.0, 0.0, 1.0],
                [1.0, -0.000309, -0.000159, 0.0, 0.000341, 0.960996, 0.276555, 0.375166, 6.7e-05, -0.276564, 0.960998, -0.0, 0.0, 0.0, 0.0, 1.0],
                [1.0, -0.000297, -0.000155, 0.0, 0.000328, 0.963973, 0.265994, 0.375166, 7.1e-05, -0.266003, 0.963975, 0.0, 0.0, 0.0, 0.0, 1.0],
                [1.0, -0.000287, -0.000152, 0.0, 0.000317, 0.966455, 0.256829, 0.375166, 7.4e-05, -0.256837, 0.966457, -0.0, 0.0, 0.0, 0.0, 1.0],
                [1.0, -0.000279, -0.00015, -0.0, 0.000308, 0.968412, 0.249352, 0.375166, 7.6e-05, -0.249359, 0.968413, 0.0, 0.0, 0.0, 0.0, 1.0],
                [1.0, -0.000273, -0.000149, 0.0, 0.000301, 0.969819, 0.243822, 0.375166, 7.8e-05, -0.243829, 0.96982, -0.0, 0.0, 0.0, 0.0, 1.0],
                [1.0, -0.000269, -0.000148, -0.0, 0.000297, 0.970665, 0.240432, 0.375166, 7.9e-05, -0.240438, 0.970666, 0.0, 0.0, 0.0, 0.0, 1.0],
                [1.0, -0.000268, -0.000148, 0.0, 0.000295, 0.970946, 0.239293, 0.375166, 7.9e-05, -0.2393, 0.970948, 0.0, 0.0, 0.0, 0.0, 1.0],
                [1.0, -0.000268, -0.000148, 0.0, 0.000295, 0.970946, 0.239293, 0.375166, 7.9e-05, -0.2393, 0.970948, 0.0, 0.0, 0.0, 0.0, 1.0]
            ]
        },
        {
            "name": "Knee_R",
            "time": [0.0, 0.0167, 0.0333, 0.05, 0.0667, 0.0833, 0.1, 0.1167, 0.1333, 0.15, 0.1667, 0.1833, 0.2, 0.2167, 0.2333, 0.25, 0.2667, 0.2833, 0.3, 0.3167, 0.3333, 0.35, 0.3667, 0.3833, 0.4, 0.4167, 0.4333, 0.45, 0.4667, 0.4833, 0.5, 0.5167, 0.5333, 0.55, 0.5667, 0.5833, 0.6, 0.6167, 0.6333, 0.65, 0.6667, 0.6833, 0.7, 0.7167, 0.7333, 0.75, 0.7667, 0.7833, 0.8, 0.8167, 0.8333, 0.85, 0.8667, 0.8833, 0.9, 0.9167, 0.9333, 0.95, 0.9667, 0.9833, 1.0],
            "transform": [
                [1.0, -5.7e-05, 5.4e-05, 0.0, 5.7e-05, 0.048757, -0.998811, 0.375166, 5.4e-05, 0.998811, 0.048757, 0.0, 0.0, 0.0, 0.0, 1.0],
                [1.0, -5.7e-05, 5.4e-05, -0.0, 5.7e-05, 0.048757, -0.998811, 0.375166, 5.4e-05, 0.998811, 0.048757, -0.0, 0.0, 0.0, 0.0, 1.0],
                [1.0, -5.7e-05, 5.4e-05, 0.0, 5.7e-05, 0.048757, -0.998811, 0.375166, 5.4e-05, 0.998811, 0.048757, 0.0, 0.0, 0.0, 0.0, 1.0],
                [1.0, -5.7e-05, 5.4e-05, -0.0, 5.7e-05, 0.048757, -0.998811, 0.375166, 5.4e-05, 0.998811, 0.048757, 0.0, 0.0, 0.0, 0.0, 1.0],
                [1.0, -5.7e-05, 5.4e-05, -0.0, 5.7e-05, 0.048757, -0.998811, 0.375166, 5.4e-05, 0.998811, 0.048757, -0.0, 0.0, 0.0, 0.0, 1.0],
                [1.0, -5.7e-05, 5.4e-05, 0.0, 5.7e-05, 0.048757, -0.998811, 0.375166, 5.4e-05, 0.998811, 0.048757, 0.0, 0.0, 0.0, 0.0, 1.0],
                [1.0, -5.7e-05, 5.4e-05, -0.0, 5.7e-05, 0.048757, -0.998811, 0.375166, 5.4e-05, 0.998811, 0.048757, 0.0, 0.0, 0.0, 0.0, 1.0],
                [1.0, -5.7e-05, 5.4e-05, -0.0, 5.7e-05, 0.048757, -0.998811, 0.375166, 5.4e-05, 0.998811, 0.048757, 0.0, 0.0, 0.0, 0.0, 1.0],
                [1.0, -5.7e-05, 5.4e-05, 0.0, 5.7e-05, 0.048757, -0.998811, 0.375166, 5.4e-05, 0.998811, 0.048757, 0.0, 0.0, 0.0, 0.0, 1.0],
                [1.0, -5.7e-05, 5.4e-05, 0.0, 5.7e-05, 0.048757, -0.998811, 0.375166, 5.4e-05, 0.998811, 0.048757, 0.0, 0.0, 0.0, 0.0, 1.0],
                [1.0, -5.7e-05, 5.4e-05, 0.0, 5.7e-05, 0.048757, -0.998811, 0.375166, 5.4e-05, 0.998811, 0.048757, 0.0, 0.0, 0.0, 0.0, 1.0],
                [1.0, -5.7e-05, 5.4e-05, 0.0, 5.7e-05, 0.048757, -0.998811, 0.375166, 5.4e-05, 0.998811, 0.048757, 0.0, 0.0, 0.0, 0.0, 1.0],
                [1.0, -5.7e-05, 5.4e-05, 0.0, 5.7e-05, 0.048757, -0.998811, 0.375166, 5.4e-05, 0.998811, 0.048757, 0.0, 0.0, 0.0, 0.0, 1.0],
                [1.0, -5.7e-05, 5.4e-05, 0.0, 5.7e-05, 0.048757, -0.998811, 0.375166, 5.4e-05, 0.998811, 0.048757, 0.0, 0.0, 0.0, 0.0, 1.0],
                [1.0, -5.7e-05, 5.4e-05, 0.0, 5.7e-05, 0.048757, -0.998811, 0.375166, 5.4e-05, 0.998811, 0.048757, 0.0, 0.0, 0.0, 0.0, 1.0],
                [1.0, -5.7e-05, 5.4e-05, 0.0, 5.7e-05, 0.048757, -0.998811, 0.375166, 5.4e-05, 0.998811, 0.048757, 0.0, 0.0, 0.0, 0.0, 1.0],
                [1.0, -5.7e-05, 5.4e-05, 0.0, 5.7e-05, 0.048757, -0.998811, 0.375166, 5.4e-05, 0.998811, 0.048757, 0.0, 0.0, 0.0, 0.0, 1.0],
                [1.0, -5.7e-05, 5.4e-05, 0.0, 5.7e-05, 0.048757, -0.998811, 0.375166, 5.4e-05, 0.998811, 0.048757, 0.0, 0.0, 0.0, 0.0, 1.0],
                [1.0, -5.7e-05, 5.4e-05, 0.0, 5.7e-05, 0.048757, -0.998811, 0.375166, 5.4e-05, 0.998811, 0.048757, 0.0, 0.0, 0.0, 0.0, 1.0],
                [1.0, -5.7e-05, 5.4e-05, 0.0, 5.7e-05, 0.048757, -0.998811, 0.375166, 5.4e-05, 0.998811, 0.048757, 0.0, 0.0, 0.0, 0.0, 1.0],
                [1.0, -5.7e-05, 5.4e-05, 0.0, 5.7e-05, 0.048757, -0.998811, 0.375166, 5.4e-05, 0.998811, 0.048757, 0.0, 0.0, 0.0, 0.0, 1.0],
                [1.0, -5.7e-05, 5.4e-05, 0.0, 5.7e-05, 0.048757, -0.998811, 0.375166, 5.4e-05, 0.998811, 0.048757, 0.0, 0.0, 0.0, 0.0, 1.0],
                [1.0, -5.7e-05, 5.4e-05, 0.0, 5.7e-05, 0.048757, -0.998811, 0.375166, 5.4e-05, 0.998811, 0.048757, 0.0, 0.0, 0.0, 0.0, 1.0],
                [1.0, -5.7e-05, 5.4e-05, 0.0, 5.7e-05, 0.048757, -0.998811, 0.375166, 5.4e-05, 0.998811, 0.048757, 0.0, 0.0, 0.0, 0.0, 1.0],
                [1.0, -5.7e-05, 5.4e-05, 0.0, 5.7e-05, 0.048757, -0.998811, 0.375166, 5.4e-05, 0.998811, 0.048757, 0.0, 0.0, 0.0, 0.0, 1.0],
                [1.0, -5.7e-05, 5.4e-05, 0.0, 5.7e-05, 0.048757, -0.998811, 0.375166, 5.4e-05, 0.998811, 0.048757, 0.0, 0.0, 0.0, 0.0, 1.0],
                [1.0, -5.7e-05, 5.4e-05, 0.0, 5.7e-05, 0.048757, -0.998811, 0.375166, 5.4e-05, 0.998811, 0.048757, 0.0, 0.0, 0.0, 0.0, 1.0],
                [1.0, -5.7e-05, 5.4e-05, 0.0, 5.7e-05, 0.048757, -0.998811, 0.375166, 5.4e-05, 0.998811, 0.048757, 0.0, 0.0, 0.0, 0.0, 1.0],
                [1.0, -5.7e-05, 5.4e-05, -0.0, 5.7e-05, 0.048757, -0.998811, 0.375166, 5.4e-05, 0.998811, 0.048757, -0.0, 0.0, 0.0, 0.0, 1.0],
                [1.0, -5.7e-05, 5.4e-05, 0.0, 5.7e-05, 0.048757, -0.998811, 0.375166, 5.4e-05, 0.998811, 0.048757, 0.0, 0.0, 0.0, 0.0, 1.0],
                [1.0, -5.7e-05, 5.4e-05, 0.0, 5.7e-05, 0.048757, -0.998811, 0.375166, 5.4e-05, 0.998811, 0.048757, 0.0, 0.0, 0.0, 0.0, 1.0],
                [1.0, -5.7e-05, 5.4e-05, 0.0, 5.7e-05, 0.048757, -0.998811, 0.375166, 5.4e-05, 0.998811, 0.048757, -0.0, 0.0, 0.0, 0.0, 1.0],
                [1.0, -5.7e-05, 5.4e-05, 0.0, 5.7e-05, 0.048757, -0.998811, 0.375166, 5.4e-05, 0.998811, 0.048757, -0.0, 0.0, 0.0, 0.0, 1.0],
                [1.0, -5.7e-05, 5.4e-05, -0.0, 5.7e-05, 0.048757, -0.998811, 0.375166, 5.4e-05, 0.998811, 0.048757, -0.0, 0.0, 0.0, 0.0, 1.0],
                [1.0, -5.7e-05, 5.4e-05, -0.0, 5.7e-05, 0.048757, -0.998811, 0.375166, 5.4e-05, 0.998811, 0.048757, -0.0, 0.0, 0.0, 0.0, 1.0],
                [1.0, -5.7e-05, 5.4e-05, -0.0, 5.7e-05, 0.048757, -0.998811, 0.375166, 5.4e-05, 0.998811, 0.048757, 0.0, 0.0, 0.0, 0.0, 1.0],
                [1.0, -5.7e-05, 5.4e-05, 0.0, 5.7e-05, 0.048757, -0.998811, 0.375166, 5.4e-05, 0.998811, 0.048757, -0.0, 0.0, 0.0, 0.0, 1.0],
                [1.0, -5.7e-05, 5.4e-05, 0.0, 5.7e-05, 0.048757, -0.998811, 0.375166, 5.4e-05, 0.998811, 0.048757, -0.0, 0.0, 0.0, 0.0, 1.0],
                [1.0, -5.7e-05, 5.4e-05, 0.0, 5.7e-05, 0.048757, -0.998811, 0.375166, 5.4e-05, 0.998811, 0.048757, 0.0, 0.0, 0.0, 0.0, 1.0],
                [1.0, -5.7e-05, 5.4e-05, 0.0, 5.7e-05, 0.048757, -0.998811, 0.375166, 5.4e-05, 0.998811, 0.048757, 0.0, 0.0, 0.0, 0.0, 1.0],
                [1.0, -5.7e-05, 5.4e-05, 0.0, 5.7e-05, 0.048757, -0.998811, 0.375166, 5.4e-05, 0.998811, 0.048757, -0.0, 0.0, 0.0, 0.0, 1.0],
                [1.0, -5.7e-05, 5.4e-05, 0.0, 5.7e-05, 0.048757, -0.998811, 0.375166, 5.4e-05, 0.998811, 0.048757, -0.0, 0.0, 0.0, 0.0, 1.0],
                [1.0, -5.7e-05, 5.4e-05, -0.0, 5.7e-05, 0.048757, -0.998811, 0.375166, 5.4e-05, 0.998811, 0.048757, -0.0, 0.0, 0.0, 0.0, 1.0],
                [1.0, -5.7e-05, 5.4e-05, 0.0, 5.7e-05, 0.048757, -0.998811, 0.375166, 5.4e-05, 0.998811, 0.048757, -0.0, 0.0, 0.0, 0.0, 1.0],
                [1.0, -5.7e-05, 5.4e-05, 0.0, 5.7e-05, 0.048757, -0.998811, 0.375166, 5.4e-05, 0.998811, 0.048757, 0.0, 0.0, 0.0, 0.0, 1.0],
                [1.0, -5.7e-05, 5.4e-05, 0.0, 5.7e-05, 0.048757, -0.998811, 0.375166, 5.4e-05, 0.998811, 0.048757, -0.0, 0.0, 0.0, 0.0, 1.0],
                [1.0, -5.7e-05, 5.4e-05, -0.0, 5.7e-05, 0.048757, -0.998811, 0.375166, 5.4e-05, 0.998811, 0.048757, 0.0, 0.0, 0.0, 0.0, 1.0],
                [1.0, -5.7e-05, 5.4e-05, 0.0, 5.7e-05, 0.048757, -0.998811, 0.375166, 5.4e-05, 0.998811, 0.048757, -0.0, 0.0, 0.0, 0.0, 1.0],
                [1.0, -5.7e-05, 5.4e-05, 0.0, 5.7e-05, 0.048757, -0.998811, 0.375166, 5.4e-05, 0.998811, 0.048757, -0.0, 0.0, 0.0, 0.0, 1.0],
                [1.0, -5.7e-05, 5.4e-05, -0.0, 5.7e-05, 0.048757, -0.998811, 0.375166, 5.4e-05, 0.998811, 0.048757, -0.0, 0.0, 0.0, 0.0, 1.0],
                [1.0, -5.7e-05, 5.4e-05, 0.0, 5.7e-05, 0.048757, -0.998811, 0.375166, 5.4e-05, 0.998811, 0.048757, -0.0, 0.0, 0.0, 0.0, 1.0],
                [1.0, -5.7e-05, 5.4e-05, 0.0, 5.7e-05, 0.048757, -0.998811, 0.375166, 5.4e-05, 0.998811, 0.048757, 0.0, 0.0, 0.0, 0.0, 1.0],
                [1.0, -5.7e-05, 5.4e-05, -0.0, 5.7e-05, 0.048757, -0.998811, 0.375166, 5.4e-05, 0.998811, 0.048757, -0.0, 0.0, 0.0, 0.0, 1.0],
                [1.0, -5.7e-05, 5.4e-05, -0.0, 5.7e-05, 0.048757, -0.998811, 0.375166, 5.4e-05, 0.998811, 0.048757, 0.0, 0.0, 0.0, 0.0, 1.0],
                [1.0, -5.7e-05, 5.4e-05, 0.0, 5.7e-05, 0.048757, -0.998811, 0.375166, 5.4e-05, 0.998811, 0.048757, -0.0, 0.0, 0.0, 0.0, 1.0],
                [1.0, -5.7e-05, 5.4e-05, 0.0, 5.7e-05, 0.048757, -0.998811, 0.375166, 5.4e-05, 0.998811, 0.048757, 0.0, 0.0, 0.0, 0.0, 1.0],
                [1.0, -5.7e-05, 5.4e-05, 0.0, 5.7e-05, 0.048757, -0.998811, 0.375166, 5.4e-05, 0.998811, 0.048757, -0.0, 0.0, 0.0, 0.0, 1.0],
                [1.0, -5.7e-05, 5.4e-05, -0.0, 5.7e-05, 0.048757, -0.998811, 0.375166, 5.4e-05, 0.998811, 0.048757, 0.0, 0.0, 0.0, 0.0, 1.0],
                [1.0, -5.7e-05, 5.4e-05, 0.0, 5.7e-05, 0.048757, -0.998811, 0.375166, 5.4e-05, 0.998811, 0.048757, -0.0, 0.0, 0.0, 0.0, 1.0],
                [1.0, -5.7e-05, 5.4e-05, -0.0, 5.7e-05, 0.048757, -0.998811, 0.375166, 5.4e-05, 0.998811, 0.048757, 0.0, 0.0, 0.0, 0.0, 1.0],
                [1.0, -5.7e-05, 5.4e-05, 0.0, 5.7e-05, 0.048757, -0.998811, 0.375166, 5.4e-05, 0.998811, 0.048757, 0.0, 0.0, 0.0, 0.0, 1.0],
                [1.0, -5.7e-05, 5.4e-05, 0.0, 5.7e-05, 0.048757, -0.998811, 0.375166, 5.4e-05, 0.998811, 0.048757, 0.0, 0.0, 0.0, 0.0, 1.0]
            ]
        },
        {
            "name": "Thigh_L",
            "time": [0.0, 0.0167, 0.0333, 0.05, 0.0667, 0.0833, 0.1, 0.1167, 0.1333, 0.15, 0.1667, 0.1833, 0.2, 0.2167, 0.2333, 0.25, 0.2667, 0.2833, 0.3, 0.3167, 0.3333, 0.35, 0.3667, 0.3833, 0.4, 0.4167, 0.4333, 0.45, 0.4667, 0.4833, 0.5, 0.5167, 0.5333, 0.55, 0.5667, 0.5833, 0.6, 0.6167, 0.6333, 0.65, 0.6667, 0.6833, 0.7, 0.7167, 0.7333, 0.75, 0.7667, 0.7833, 0.8, 0.8167, 0.8333, 0.85, 0.8667, 0.8833, 0.9, 0.9167, 0.9333, 0.95, 0.9667, 0.9833, 1.0],
            "transform": [
                [0.961242, -0.263047, -0.082551, -0.125006, 0.085684, 0.000408, 0.9963, -0.002831, -0.262052, -0.964758, 0.022955, -1.2e-05, 0.0, 0.0, 0.0, 1.0],
                [0.961409, -0.261376, -0.085855, -0.125006, 0.082455, -0.024002, 0.996284, -0.002831, -0.262478, -0.964913, -0.0015, -1.2e-05, 0.0, 0.0, 0.0, 1.0],
                [0.961883, -0.256052, -0.095991, -0.125006, 0.073725, -0.095237, 0.992699, -0.002831, -0.263336, -0.961936, -0.072705, -1.2e-05, 0.0, 0.0, 0.0, 1.0],
                [0.96262, -0.246336, -0.112587, -0.125006, 0.062101, -0.203897, 0.977, -0.002831, -0.263639, -0.947472, -0.18095, -1.2e-05, 0.0, 0.0, 0.0, 1.0],
                [0.963599, -0.231249, -0.13415, -0.125006, 0.050364, -0.33581, 0.940563, -0.002831, -0.262565, -0.913082, -0.311909, -1.2e-05, 0.0, 0.0, 0.0, 1.0],
                [0.964764, -0.21065, -0.157645, -0.125006, 0.040305, -0.473792, 0.879696, -0.002831, -0.260011, -0.855055, -0.448573, -1.2e-05, 0.0, 0.0, 0.0, 1.0],
