{
    "animation": [
        {
            "name": "Root",
            "time": [0.0, 0.0167, 0.0333, 0.05, 0.0667, 0.0833, 0.1, 0.1167, 0.1333, 0.15, 0.1667, 0.1833, 0.2, 0.2167, 0.2333, 0.25, 0.2667, 0.2833, 0.3, 0.3167, 0.3333, 0.35, 0.3667, 0.3833, 0.4, 0.4167, 0.4333, 0.45, 0.4667, 0.4833, 0.5, 0.5167, 0.5333, 0.55, 0.5667, 0.5833, 0.6, 0.6167, 0.6333, 0.65, 0.6667, 0.6833, 0.7, 0.7167, 0.7333, 0.75, 0.7667, 0.7833, 0.8, 0.8167, 0.8333, 0.85, 0.8667, 0.8833, 0.9, 0.9167, 0.9333, 0.95, 0.9667, 0.9833, 1.0, 1.0167, 1.0333, 1.05, 1.0667, 1.0833, 1.1, 1.1167, 1.1333, 1.15, 1.1667],
            "transform": [
                [0.266963, -0.248999, 0.930983, -0.187399, 0.962711, 0.112819, -0.245887, 0.085853, -0.043807, 0.96191, 0.269833, 0.71068, 0.0, 0.0, 0.0, 1.0],
                [0.254551, -0.250431, 0.934071, -0.188476, 0.966067, 0.109605, -0.233884, 0.0785, -0.043807, 0.96191, 0.269833, 0.713176, 0.0, 0.0, 0.0, 1.0],
                [0.216959, -0.254486, 0.942425, -0.191528, 0.975197, 0.099828, -0.197547, 0.056335, -0.043807, 0.96191, 0.269833, 0.720664, 0.0, 0.0, 0.0, 1.0],
                [0.155666, -0.260221, 0.952918, -0.195844, 0.986838, 0.083749, -0.138337, 0.020461, -0.043807, 0.96191, 0.269833, 0.732687, 0.0, 0.0, 0.0, 1.0],
                [0.076517, -0.266068, 0.960913, -0.200245, 0.996105, 0.062742, -0.061946, -0.025591, -0.043807, 0.96191, 0.269833, 0.747983, 0.0, 0.0, 0.0, 1.0],
                [-0.009555, -0.270483, 0.962677, -0.203568, 0.998994, 0.039594, 0.02104, -0.07564, -0.043807, 0.96191, 0.269833, 0.764485, 0.0, 0.0, 0.0, 1.0],
                [-0.089148, -0.272779, 0.957938, -0.205295, 0.995055, 0.01791, 0.097702, -0.122202, -0.043807, 0.96191, 0.269833, 0.77978, 0.0, 0.0, 0.0, 1.0],
                [-0.151084, -0.273365, 0.949971, -0.205736, 0.98755, 0.000848, 0.157304, -0.158815, -0.043807, 0.96191, 0.269833, 0.791804, 0.0, 0.0, 0.0, 1.0],
                [-0.189203, -0.273192, 0.943169, -0.205606, 0.98096, -0.009735, 0.193964, -0.181586, -0.043807, 0.96191, 0.269833, 0.799292, 0.0, 0.0, 0.0, 1.0],
                [-0.201812, -0.273045, 0.940595, -0.205495, 0.978444, -0.013251, 0.206087, -0.189166, -0.043807, 0.96191, 0.269833, 0.801787, 0.0, 0.0, 0.0, 1.0],
                [-0.140047, -0.273323, 0.951673, -0.205704, 0.98908, 0.005938, 0.147258, -0.072337, -0.0459, 0.961904, 0.269506, 0.782618, 0.0, 0.0, 0.0, 1.0],
                [0.033297, -0.267357, 0.963022, -0.201215, 0.998091, 0.059042, -0.018118, 0.226314, -0.052015, 0.961787, 0.268813, 0.73411, 0.0, 0.0, 0.0, 1.0],
                [0.283235, -0.241316, 0.928194, -0.181617, 0.957068, 0.133311, -0.257387, 0.608623, -0.061627, 0.961246, 0.268714, 0.672606, 0.0, 0.0, 0.0, 1.0],
                [0.541098, -0.189079, 0.819427, -0.142304, 0.837752, 0.206219, -0.505614, 0.967512, -0.07338, 0.960064, 0.269986, 0.61481, 0.0, 0.0, 0.0, 1.0],
                [0.738671, -0.122177, 0.662902, -0.091953, 0.6686, 0.257787, -0.697509, 1.217442, -0.085668, 0.958446, 0.272107, 0.574076, 0.0, 0.0, 0.0, 1.0],
                [0.854335, -0.060149, 0.51623, -0.045272, 0.51043, 0.284098, -0.811634, 1.31279, -0.097841, 0.956907, 0.273417, 0.558777, 0.0, 0.0, 0.0, 1.0],
                [0.919788, 0.006134, 0.392367, 0.004612, 0.376299, 0.269812, -0.886341, 1.234128, -0.111302, 0.962893, 0.245862, 0.577947, 0.0, 0.0, 0.0, 1.0],
                [0.963127, 0.076248, 0.258017, 0.057379, 0.23555, 0.224448, -0.945589, 1.079151, -0.130011, 0.971498, 0.198212, 0.610907, 0.0, 0.0, 0.0, 1.0],
                [0.983147, 0.138934, 0.118825, 0.104556, 0.095779, 0.162188, -0.982101, 0.894612, -0.155719, 0.97693, 0.146147, 0.645659, 0.0, 0.0, 0.0, 1.0],
                [0.981584, 0.190084, -0.019015, 0.143051, -0.036745, 0.090192, -0.995246, 0.69653, -0.187465, 0.977616, 0.095516, 0.678771, 0.0, 0.0, 0.0, 1.0],
                [0.961965, 0.228346, -0.14994, 0.171846, -0.157265, 0.014119, -0.987456, 0.494242, -0.223364, 0.973478, 0.049493, 0.709125, 0.0, 0.0, 0.0, 1.0],
                [0.928786, 0.254134, -0.269764, 0.191254, -0.26285, -0.06146, -0.962877, 0.294273, -0.26128, 0.965214, 0.009716, 0.736619, 0.0, 0.0, 0.0, 1.0],
                [0.88675, 0.268989, -0.375924, 0.202434, -0.352336, -0.133114, -0.926358, 0.101417, -0.299221, 0.9539, -0.023264, 0.761629, 0.0, 0.0, 0.0, 1.0],
                [0.840212, 0.275036, -0.467331, 0.206985, -0.425972, -0.198523, -0.882687, -0.080777, -0.335547, 0.940714, -0.049644, 0.784704, 0.0, 0.0, 0.0, 1.0],
                [0.792874, 0.274573, -0.544022, 0.206636, -0.484946, -0.256315, -0.83614, -0.249638, -0.369022, 0.926775, -0.070072, 0.806396, 0.0, 0.0, 0.0, 1.0],
                [0.747711, 0.269804, -0.60674, 0.203047, -0.530946, -0.305818, -0.790298, -0.403047, -0.398777, 0.913062, -0.085412, 0.827168, 0.0, 0.0, 0.0, 1.0],
                [0.707047, 0.262702, -0.656561, 0.197702, -0.565797, -0.346801, -0.748066, -0.539128, -0.424214, 0.900398, -0.096568, 0.847364, 0.0, 0.0, 0.0, 1.0],
                [0.672715, 0.254966, -0.694584, 0.19188, -0.591206, -0.379232, -0.711799, -0.655961, -0.444893, 0.88948, -0.104378, 0.867213, 0.0, 0.0, 0.0, 1.0],
                [0.646262, 0.248033, -0.721682, 0.186663, -0.608578, -0.403058, -0.683503, -0.751308, -0.460412, 0.880922, -0.109533, 0.886838, 0.0, 0.0, 0.0, 1.0],
                [0.629157, 0.243128, -0.738275, 0.182971, -0.618865, -0.417991, -0.665049, -0.822299, -0.470284, 0.875313, -0.112518, 0.906287, 0.0, 0.0, 0.0, 1.0],
                [0.623034, 0.241291, -0.744048, 0.181589, -0.622372, -0.423262, -0.658409, -0.865044, -0.473795, 0.873286, -0.113534, 0.925547, 0.0, 0.0, 0.0, 1.0],
                [0.623034, 0.241291, -0.744048, 0.181589, -0.622372, -0.423262, -0.658409, -0.886133, -0.473795, 0.873286, -0.113534, 0.940845, 0.0, 0.0, 0.0, 1.0],
                [0.623034, 0.241291, -0.744048, 0.181589, -0.622372, -0.423262, -0.658409, -0.904138, -0.473795, 0.873286, -0.113534, 0.955797, 0.0, 0.0, 0.0, 1.0],
                [0.623034, 0.241291, -0.744048, 0.181589, -0.622372, -0.423262, -0.658409, -0.920609, -0.473795, 0.873286, -0.113534, 0.970244, 0.0, 0.0, 0.0, 1.0],
                [0.623034, 0.241291, -0.744048, 0.181589, -0.622372, -0.423262, -0.658409, -0.935959, -0.473795, 0.873286, -0.113534, 0.98415, 0.0, 0.0, 0.0, 1.0],
                [0.623034, 0.241291, -0.744048, 0.181589, -0.622372, -0.423262, -0.658409, -0.950364, -0.473795, 0.873286, -0.113534, 0.997493, 0.0, 0.0, 0.0, 1.0],
                [0.623034, 0.241291, -0.744048, 0.181589, -0.622372, -0.423262, -0.658409, -0.963909, -0.473795, 0.873286, -0.113534, 1.010247, 0.0, 0.0, 0.0, 1.0],
                [0.623034, 0.241291, -0.744048, 0.181589, -0.622372, -0.423262, -0.658409, -0.976634, -0.473795, 0.873286, -0.113534, 1.022385, 0.0, 0.0, 0.0, 1.0],
                [0.623034, 0.241291, -0.744048, 0.181589, -0.622372, -0.423262, -0.658409, -0.988552, -0.473795, 0.873286, -0.113534, 1.033873, 0.0, 0.0, 0.0, 1.0],
                [0.623034, 0.241291, -0.744048, 0.181589, -0.622372, -0.423262, -0.658409, -0.999657, -0.473795, 0.873286, -0.113534, 1.044672, 0.0, 0.0, 0.0, 1.0],
                [0.623034, 0.241291, -0.744048, 0.181589, -0.622372, -0.423262, -0.658409, -1.009927, -0.473795, 0.873286, -0.113534, 1.054735, 0.0, 0.0, 0.0, 1.0],
                [0.623034, 0.241291, -0.744048, 0.181589, -0.622372, -0.423262, -0.658409, -1.019329, -0.473795, 0.873286, -0.113534, 1.064007, 0.0, 0.0, 0.0, 1.0],
                [0.623034, 0.241291, -0.744048, 0.181589, -0.622372, -0.423262, -0.658409, -1.027814, -0.473795, 0.873286, -0.113534, 1.072423, 0.0, 0.0, 0.0, 1.0],
                [0.623034, 0.241291, -0.744048, 0.181589, -0.622372, -0.423262, -0.658409, -1.035318, -0.473795, 0.873286, -0.113534, 1.079905, 0.0, 0.0, 0.0, 1.0],
                [0.623034, 0.241291, -0.744048, 0.181589, -0.622372, -0.423262, -0.658409, -1.041763, -0.473795, 0.873286, -0.113534, 1.08636, 0.0, 0.0, 0.0, 1.0],
                [0.623034, 0.241291, -0.744048, 0.181589, -0.622372, -0.423262, -0.658409, -1.047048, -0.473795, 0.873286, -0.113534, 1.091676, 0.0, 0.0, 0.0, 1.0],
                [0.623034, 0.241291, -0.744048, 0.181589, -0.622372, -0.423262, -0.658409, -1.051048, -0.473795, 0.873286, -0.113534, 1.095715, 0.0, 0.0, 0.0, 1.0],
                [0.623034, 0.241291, -0.744048, 0.181589, -0.622372, -0.423262, -0.658409, -1.053603, -0.473795, 0.873286, -0.113534, 1.098304, 0.0, 0.0, 0.0, 1.0],
                [0.623034, 0.241291, -0.744048, 0.181589, -0.622372, -0.423262, -0.658409, -1.05451, -0.473795, 0.873286, -0.113534, 1.099226, 0.0, 0.0, 0.0, 1.0],
                [0.649738, 0.241447, -0.720794, 0.181706, -0.606378, -0.407203, -0.683002, -1.042424, -0.458418, 0.880846, -0.118167, 1.104915, 0.0, 0.0, 0.0, 1.0],
                [0.691434, 0.240363, -0.681282, 0.18089, -0.578324, -0.381012, -0.721367, -1.022714, -0.432967, 0.892779, -0.124437, 1.113897, 0.0, 0.0, 0.0, 1.0],
                [0.73541, 0.237205, -0.634748, 0.178513, -0.544065, -0.351699, -0.761775, -1.000653, -0.403937, 0.905561, -0.129588, 1.123516, 0.0, 0.0, 0.0, 1.0],
                [0.778345, 0.231716, -0.583513, 0.174382, -0.505037, -0.321061, -0.80116, -0.977595, -0.372985, 0.918274, -0.132871, 1.133084, 0.0, 0.0, 0.0, 1.0],
                [0.818623, 0.223856, -0.528908, 0.168467, -0.462137, -0.290043, -0.838036, -0.954251, -0.341006, 0.930464, -0.133984, 1.142258, 0.0, 0.0, 0.0, 1.0],
                [0.855302, 0.213721, -0.471998, 0.16084, -0.416164, -0.259297, -0.871535, -0.931112, -0.308653, 0.941854, -0.132834, 1.150829, 0.0, 0.0, 0.0, 1.0],
                [0.887814, 0.2015, -0.413744, 0.151643, -0.367906, -0.229327, -0.90114, -0.908557, -0.276463, 0.952264, -0.129467, 1.158664, 0.0, 0.0, 0.0, 1.0],
                [0.91586, 0.187459, -0.35505, 0.141075, -0.318161, -0.200537, -0.926584, -0.88689, -0.244897, 0.961584, -0.124021, 1.165678, 0.0, 0.0, 0.0, 1.0],
                [0.93935, 0.171916, -0.296762, 0.129377, -0.267722, -0.173247, -0.947792, -0.866352, -0.214353, 0.969758, -0.116714, 1.17183, 0.0, 0.0, 0.0, 1.0],
                [0.958367, 0.155224, -0.239662, 0.116816, -0.21736, -0.147706, -0.964851, -0.84713, -0.185168, 0.976774, -0.107817, 1.17711, 0.0, 0.0, 0.0, 1.0],
                [0.973137, 0.137761, -0.18446, 0.103673, -0.16781, -0.124092, -0.977978, -0.829358, -0.157618, 0.982661, -0.097641, 1.181541, 0.0, 0.0, 0.0, 1.0],
                [0.984, 0.119911, -0.131781, 0.090239, -0.119755, -0.102522, -0.987496, -0.813125, -0.131922, 0.987477, -0.086522, 1.185165, 0.0, 0.0, 0.0, 1.0],
                [0.991379, 0.102056, -0.082172, 0.076802, -0.073823, -0.08306, -0.993806, -0.798478, -0.108249, 0.991305, -0.07481, 1.188046, 0.0, 0.0, 0.0, 1.0],
                [0.995763, 0.08457, -0.036102, 0.063642, -0.030579, -0.065723, -0.997369, -0.78543, -0.08672, 0.994248, -0.062859, 1.190261, 0.0, 0.0, 0.0, 1.0],
                [0.99768, 0.067812, 0.006024, 0.05103, 0.009462, -0.050495, -0.99868, -0.773969, -0.067419, 0.996419, -0.051019, 1.191895, 0.0, 0.0, 0.0, 1.0],
                [0.997677, 0.052132, 0.043853, 0.03923, 0.045829, -0.037334, -0.998251, -0.764065, -0.050404, 0.997942, -0.039637, 1.193041, 0.0, 0.0, 0.0, 1.0],
                [0.996307, 0.037867, 0.077058, 0.028494, 0.078076, -0.02619, -0.996603, -0.755678, -0.03572, 0.99894, -0.02905, 1.193792, 0.0, 0.0, 0.0, 1.0],
                [0.994116, 0.025352, 0.105314, 0.019075, 0.105762, -0.017013, -0.994246, -0.748771, -0.023414, 0.999534, -0.019594, 1.194239, 0.0, 0.0, 0.0, 1.0],
                [0.991628, 0.014927, 0.128265, 0.011229, 0.128418, -0.009771, -0.991672, -0.743321, -0.013549, 0.999841, -0.011606, 1.19447, 0.0, 0.0, 0.0, 1.0],
                [0.989337, 0.006952, 0.145479, 0.005227, 0.145512, -0.004465, -0.989346, -0.739328, -0.006228, 0.999966, -0.005429, 1.194564, 0.0, 0.0, 0.0, 1.0],
                [0.987693, 0.001824, 0.156396, 0.001368, 0.156398, -0.001157, -0.987693, -0.736839, -0.001621, 0.999998, -0.001429, 1.194588, 0.0, 0.0, 0.0, 1.0],
                [0.987076, 0.0, 0.160251, -5e-06, 0.160251, 0.0, -0.987076, -0.735968, 0.0, 1.0, 0.0, 1.19459, 0.0, 0.0, 0.0, 1.0],
                [0.987076, 0.0, 0.160251, -5e-06, 0.160251, 0.0, -0.987076, -0.735968, 0.0, 1.0, 0.0, 1.19459, 0.0, 0.0, 0.0, 1.0]
            ]
        },
        {
            "name": "Thigh_R",
            "time": [0.0, 0.0167, 0.0333, 0.05, 0.0667, 0.0833, 0.1, 0.1167, 0.1333, 0.15, 0.1667, 0.1833, 0.2, 0.2167, 0.2333, 0.25, 0.2667, 0.2833, 0.3, 0.3167, 0.3333, 0.35, 0.3667, 0.3833, 0.4, 0.4167, 0.4333, 0.45, 0.4667, 0.4833, 0.5, 0.5167, 0.5333, 0.55, 0.5667, 0.5833, 0.6, 0.6167, 0.6333, 0.65, 0.6667, 0.6833, 0.7, 0.7167, 0.7333, 0.75, 0.7667, 0.7833, 0.8, 0.8167, 0.8333, 0.85, 0.8667, 0.8833, 0.9, 0.9167, 0.9333, 0.95, 0.9667, 0.9833, 1.0, 1.0167, 1.0333, 1.05, 1.0667, 1.0833, 1.1, 1.1167, 1.1333, 1.15, 1.1667],
            "transform": [
                [0.985512, 0.008987, 0.169357, 0.124994, -0.049901, -0.939029, 0.340193, -0.002831, 0.162095, -0.343717, -0.924939, -1.2e-05, 0.0, 0.0, 0.0, 1.0],
                [0.985513, 0.008986, 0.169357, 0.124994, -0.049901, -0.939029, 0.340193, -0.002831, 0.162095, -0.343717, -0.924939, -1.2e-05, 0.0, 0.0, 0.0, 1.0],
                [0.985512, 0.008986, 0.169357, 0.124994, -0.049901, -0.939029, 0.340192, -0.002831, 0.162095, -0.343716, -0.924939, -1.2e-05, 0.0, 0.0, 0.0, 1.0],
                [0.985512, 0.008987, 0.169357, 0.124994, -0.049901, -0.939029, 0.340193, -0.002831, 0.162095, -0.343717, -0.924939, -1.2e-05, 0.0, 0.0, 0.0, 1.0],
                [0.985513, 0.008987, 0.169357, 0.124994, -0.049901, -0.939029, 0.340193, -0.002831, 0.162095, -0.343717, -0.924939, -1.2e-05, 0.0, 0.0, 0.0, 1.0],
                [0.985513, 0.008987, 0.169357, 0.124994, -0.049901, -0.939029, 0.340193, -0.002831, 0.162095, -0.343717, -0.924939, -1.2e-05, 0.0, 0.0, 0.0, 1.0],
                [0.985512, 0.008986, 0.169357, 0.124994, -0.049901, -0.939029, 0.340192, -0.002831, 0.162094, -0.343716, -0.924939, -1.2e-05, 0.0, 0.0, 0.0, 1.0],
                [0.985512, 0.008987, 0.169357, 0.124994, -0.049901, -0.939029, 0.340193, -0.002831, 0.162095, -0.343717, -0.924939, -1.2e-05, 0.0, 0.0, 0.0, 1.0],
                [0.985513, 0.008986, 0.169357, 0.124994, -0.049901, -0.939029, 0.340193, -0.002831, 0.162094, -0.343717, -0.924939, -1.2e-05, 0.0, 0.0, 0.0, 1.0],
                [0.985513, 0.008987, 0.169357, 0.124994, -0.049901, -0.939029, 0.340193, -0.002831, 0.162095, -0.343717, -0.924939, -1.2e-05, 0.0, 0.0, 0.0, 1.0],
                [0.980371, 0.030603, 0.194765, 0.124994, -0.049778, -0.917459, 0.394699, -0.002831, 0.190775, -0.396648, -0.89789, -1.2e-05, 0.0, 0.0, 0.0, 1.0],
                [0.969606, 0.06838, 0.23491, 0.124994, -0.050381, -0.883772, 0.46519, -0.002831, 0.239425, -0.462887, -0.853432, -1.2e-05, 0.0, 0.0, 0.0, 1.0],
                [0.953703, 0.11455, 0.278068, 0.124994, -0.05238, -0.847223, 0.528642, -0.002831, 0.296153, -0.518732, -0.801965, -1.2e-05, 0.0, 0.0, 0.0, 1.0],
                [0.932061, 0.167293, 0.32135, 0.124994, -0.056187, -0.809527, 0.58438, -0.002831, 0.357917, -0.562733, -0.745097, -1.2e-05, 0.0, 0.0, 0.0, 1.0],
                [0.904051, 0.225352, 0.363174, 0.124994, -0.06213, -0.771405, 0.633295, -0.002831, 0.422885, -0.595095, -0.683358, -1.2e-05, 0.0, 0.0, 0.0, 1.0],
                [0.869194, 0.287409, 0.402344, 0.124994, -0.070467, -0.733416, 0.676108, -0.002831, 0.489424, -0.616021, -0.6172, -1.2e-05, 0.0, 0.0, 0.0, 1.0],
                [0.827291, 0.352095, 0.43772, 0.124994, -0.081362, -0.695895, 0.713509, -0.002831, 0.555852, -0.625893, -0.547033, -1.2e-05, 0.0, 0.0, 0.0, 1.0],
                [0.778517, 0.417728, 0.46839, 0.124994, -0.094861, -0.659433, 0.745743, -0.002831, 0.620414, -0.625005, -0.473729, -1.2e-05, 0.0, 0.0, 0.0, 1.0],
                [0.723498, 0.482653, 0.493524, 0.124994, -0.110865, -0.624426, 0.773164, -0.002831, 0.681366, -0.614098, -0.39824, -1.2e-05, 0.0, 0.0, 0.0, 1.0],
                [0.663316, 0.545239, 0.512534, 0.124994, -0.129127, -0.591259, 0.796066, -0.002831, 0.737115, -0.594226, -0.321767, -1.2e-05, 0.0, 0.0, 0.0, 1.0],
                [0.599463, 0.603845, 0.525334, 0.124994, -0.149247, -0.560526, 0.814565, -0.002831, 0.786365, -0.566707, -0.245875, -1.2e-05, 0.0, 0.0, 0.0, 1.0],
                [0.533722, 0.657289, 0.532042, 0.124994, -0.170701, -0.532485, 0.829036, -0.002831, 0.828253, -0.533297, -0.171983, -1.2e-05, 0.0, 0.0, 0.0, 1.0],
                [0.468027, 0.704698, 0.533201, 0.124994, -0.192872, -0.507391, 0.839841, -0.002831, 0.86241, -0.495911, -0.101543, -1.2e-05, 0.0, 0.0, 0.0, 1.0],
                [0.404316, 0.74568, 0.529565, 0.124994, -0.215084, -0.485273, 0.847483, -0.002831, 0.88897, -0.456556, -0.035809, -1.2e-05, 0.0, 0.0, 0.0, 1.0],
                [0.344407, 0.77999, 0.522445, 0.124994, -0.236638, -0.466425, 0.852308, -0.002831, 0.908508, -0.417176, 0.023944, -1.2e-05, 0.0, 0.0, 0.0, 1.0],
                [0.289941, 0.807914, 0.512987, 0.124994, -0.25683, -0.450693, 0.854923, -0.002831, 0.921939, -0.379633, 0.07683, -1.2e-05, 0.0, 0.0, 0.0, 1.0],
                [0.24237, 0.829881, 0.502495, 0.124994, -0.274964, -0.437969, 0.855896, -0.002831, 0.930404, -0.345617, 0.122043, -1.2e-05, 0.0, 0.0, 0.0, 1.0],
                [0.203001, 0.846404, 0.492277, 0.124994, -0.290346, -0.428127, 0.855795, -0.002831, 0.935142, -0.316664, 0.158846, -1.2e-05, 0.0, 0.0, 0.0, 1.0],
                [0.173086, 0.857976, 0.483594, 0.124994, -0.302277, -0.421058, 0.855171, -0.002831, 0.937374, -0.294204, 0.186472, -1.2e-05, 0.0, 0.0, 0.0, 1.0],
                [0.15395, 0.864938, 0.477626, 0.124994, -0.310024, -0.416719, 0.854523, -0.002831, 0.938182, -0.279636, 0.204002, -1.2e-05, 0.0, 0.0, 0.0, 1.0],
                [0.147156, 0.867327, 0.47543, 0.124994, -0.312795, -0.415214, 0.854246, -0.002831, 0.938352, -0.274427, 0.210199, -1.2e-05, 0.0, 0.0, 0.0, 1.0],
                [0.147156, 0.867327, 0.47543, 0.124994, -0.312795, -0.415213, 0.854246, -0.002831, 0.938352, -0.274427, 0.210199, -1.2e-05, 0.0, 0.0, 0.0, 1.0],
                [0.147156, 0.867327, 0.47543, 0.124994, -0.312795, -0.415213, 0.854246, -0.002831, 0.938352, -0.274427, 0.210199, -1.2e-05, 0.0, 0.0, 0.0, 1.0],
                [0.147156, 0.867327, 0.47543, 0.124994, -0.312795, -0.415213, 0.854246, -0.002831, 0.938352, -0.274426, 0.210199, -1.2e-05, 0.0, 0.0, 0.0, 1.0],
                [0.147156, 0.867327, 0.47543, 0.124994, -0.312795, -0.415214, 0.854246, -0.002831, 0.938352, -0.274427, 0.210199, -1.2e-05, 0.0, 0.0, 0.0, 1.0],
                [0.147156, 0.867327, 0.47543, 0.124994, -0.312795, -0.415214, 0.854246, -0.002831, 0.938352, -0.274427, 0.210199, -1.2e-05, 0.0, 0.0, 0.0, 1.0],
                [0.147156, 0.867327, 0.47543, 0.124994, -0.312795, -0.415214, 0.854246, -0.002831, 0.938352, -0.274427, 0.210199, -1.2e-05, 0.0, 0.0, 0.0, 1.0],
                [0.147156, 0.867327, 0.47543, 0.124994, -0.312795, -0.415214, 0.854246, -0.002831, 0.938352, -0.274427, 0.210199, -1.2e-05, 0.0, 0.0, 0.0, 1.0],
                [0.147156, 0.867327, 0.47543, 0.124994, -0.312795, -0.415213, 0.854246, -0.002831, 0.938352, -0.274427, 0.210199, -1.2e-05, 0.0, 0.0, 0.0, 1.0],
                [0.147156, 0.867327, 0.47543, 0.124994, -0.312795, -0.415214, 0.854246, -0.002831, 0.938352, -0.274427, 0.210199, -1.2e-05, 0.0, 0.0, 0.0, 1.0],
                [0.147156, 0.867327, 0.47543, 0.124994, -0.312795, -0.415213, 0.854246, -0.002831, 0.938352, -0.274427, 0.210199, -1.2e-05, 0.0, 0.0, 0.0, 1.0],
                [0.147156, 0.867327, 0.47543, 0.124994, -0.312795, -0.415213, 0.854246, -0.002831, 0.938352, -0.274427, 0.210199, -1.2e-05, 0.0, 0.0, 0.0, 1.0],
                [0.147156, 0.867327, 0.47543, 0.124994, -0.312795, -0.415213, 0.854246, -0.002831, 0.938352, -0.274426, 0.210199, -1.2e-05, 0.0, 0.0, 0.0, 1.0],
                [0.147156, 0.867327, 0.47543, 0.124994, -0.312795, -0.415213, 0.854246, -0.002831, 0.938352, -0.274427, 0.210199, -1.2e-05, 0.0, 0.0, 0.0, 1.0],
                [0.147156, 0.867327, 0.47543, 0.124994, -0.312795, -0.415214, 0.854246, -0.002831, 0.938353, -0.274427, 0.210198, -1.2e-05, 0.0, 0.0, 0.0, 1.0],
                [0.147156, 0.867328, 0.47543, 0.124994, -0.312795, -0.415213, 0.854246, -0.002831, 0.938352, -0.274427, 0.210199, -1.2e-05, 0.0, 0.0, 0.0, 1.0],
                [0.147156, 0.867327, 0.47543, 0.124994, -0.312795, -0.415213, 0.854246, -0.002831, 0.938352, -0.274426, 0.210198, -1.2e-05, 0.0, 0.0, 0.0, 1.0],
                [0.147156, 0.867327, 0.47543, 0.124994, -0.312795, -0.415214, 0.854246, -0.002831, 0.938352, -0.274427, 0.210199, -1.2e-05, 0.0, 0.0, 0.0, 1.0],
                [0.147156, 0.867327, 0.47543, 0.124994, -0.312795, -0.415213, 0.854246, -0.002831, 0.938352, -0.274426, 0.210199, -1.2e-05, 0.0, 0.0, 0.0, 1.0],
                [0.200329, 0.853746, 0.480554, 0.124994, -0.287551, -0.417684, 0.861878, -0.002831, 0.93658, -0.310849, 0.161826, -1.2e-05, 0.0, 0.0, 0.0, 1.0],
                [0.286431, 0.826513, 0.484544, 0.124994, -0.245635, -0.425508, 0.870967, -0.002831, 0.926079, -0.368498, 0.081149, -1.2e-05, 0.0, 0.0, 0.0, 1.0],
                [0.38016, 0.789169, 0.482331, 0.124994, -0.198303, -0.439841, 0.875895, -0.002831, 0.903413, -0.428632, -0.010705, -1.2e-05, 0.0, 0.0, 0.0, 1.0],
                [0.472955, 0.743541, 0.47267, 0.124994, -0.149367, -0.461064, 0.874691, -0.002831, 0.868333, -0.484294, -0.106989, -1.2e-05, 0.0, 0.0, 0.0, 1.0],
                [0.559552, 0.692341, 0.45555, 0.124994, -0.101467, -0.488322, 0.86673, -0.002831, 0.82256, -0.531206, -0.202976, -1.2e-05, 0.0, 0.0, 0.0, 1.0],
                [0.636751, 0.638416, 0.432365, 0.124994, -0.05656, -0.520582, 0.851923, -0.002831, 0.768992, -0.566918, -0.295354, -1.2e-05, 0.0, 0.0, 0.0, 1.0],
                [0.70309, 0.58448, 0.404993, 0.124994, -0.015917, -0.556484, 0.830693, -0.002831, 0.710922, -0.590499, -0.381934, -1.2e-05, 0.0, 0.0, 0.0, 1.0],
                [0.758481, 0.53283, 0.3752, 0.124994, 0.019837, -0.594371, 0.803934, -0.002831, 0.651393, -0.602326, -0.461366, -1.2e-05, 0.0, 0.0, 0.0, 1.0],
                [0.803734, 0.484937, 0.344715, 0.124994, 0.050603, -0.633009, 0.772476, -0.002831, 0.592833, -0.603421, -0.533286, -1.2e-05, 0.0, 0.0, 0.0, 1.0],
                [0.840118, 0.441621, 0.314895, 0.124994, 0.076639, -0.67141, 0.737101, -0.002831, 0.536963, -0.595117, -0.597881, -1.2e-05, 0.0, 0.0, 0.0, 1.0],
                [0.869036, 0.40326, 0.28661, 0.124994, 0.0984, -0.708643, 0.698661, -0.002831, 0.484865, -0.578958, -0.655488, -1.2e-05, 0.0, 0.0, 0.0, 1.0],
                [0.891835, 0.36977, 0.260559, 0.124994, 0.116416, -0.74424, 0.657679, -0.002831, 0.437125, -0.556206, -0.706756, -1.2e-05, 0.0, 0.0, 0.0, 1.0],
                [0.909699, 0.340919, 0.237095, 0.124994, 0.131223, -0.777713, 0.61476, -0.002831, 0.39399, -0.528134, -0.752189, -1.2e-05, 0.0, 0.0, 0.0, 1.0],
                [0.923626, 0.316287, 0.216499, 0.124994, 0.143311, -0.808861, 0.570259, -0.002831, 0.355497, -0.495678, -0.792379, -1.2e-05, 0.0, 0.0, 0.0, 1.0],
                [0.934426, 0.295443, 0.198886, 0.124994, 0.153112, -0.837447, 0.524625, -0.002831, 0.321566, -0.45977, -0.827734, -1.2e-05, 0.0, 0.0, 0.0, 1.0],
                [0.942748, 0.277915, 0.184349, 0.124994, 0.160991, -0.863352, 0.478223, -0.002831, 0.292075, -0.421165, -0.85863, -1.2e-05, 0.0, 0.0, 0.0, 1.0],
                [0.949099, 0.263302, 0.172859, 0.124994, 0.167248, -0.886338, 0.431771, -0.002831, 0.266908, -0.380882, -0.885224, -1.2e-05, 0.0, 0.0, 0.0, 1.0],
                [0.953868, 0.251145, 0.164497, 0.124994, 0.17212, -0.906403, 0.385751, -0.002831, 0.245989, -0.339642, -0.907779, -1.2e-05, 0.0, 0.0, 0.0, 1.0],
                [0.957347, 0.241196, 0.159087, 0.124994, 0.175788, -0.923184, 0.341798, -0.002831, 0.229315, -0.299254, -0.92617, -1.2e-05, 0.0, 0.0, 0.0, 1.0],
                [0.959739, 0.233328, 0.156382, 0.124994, 0.178373, -0.936354, 0.302359, -0.002831, 0.216986, -0.262293, -0.940238, -1.2e-05, 0.0, 0.0, 0.0, 1.0],
                [0.961166, 0.227867, 0.155675, 0.124994, 0.179939, -0.945179, 0.2725, -0.002831, 0.209242, -0.233906, -0.949438, -1.2e-05, 0.0, 0.0, 0.0, 1.0],
                [0.961653, 0.225772, 0.155718, 0.124994, 0.180479, -0.948442, 0.260545, -0.002831, 0.206521, -0.222451, -0.952781, -1.2e-05, 0.0, 0.0, 0.0, 1.0],
                [0.961653, 0.225772, 0.155718, 0.124994, 0.180479, -0.948442, 0.260545, -0.002831, 0.206521, -0.222451, -0.952781, -1.2e-05, 0.0, 0.0, 0.0, 1.0]
            ]
        },
        {
            "name": "Leg_R",
            "time": [0.0, 0.0167, 0.0333, 0.05, 0.0667, 0.0833, 0.1, 0.1167, 0.1333, 0.15, 0.1667, 0.1833, 0.2, 0.2167, 0.2333, 0.25, 0.2667, 0.2833, 0.3, 0.3167, 0.3333, 0.35, 0.3667, 0.3833, 0.4, 0.4167, 0.4333, 0.45, 0.4667, 0.4833, 0.5, 0.5167, 0.5333, 0.55, 0.5667, 0.5833, 0.6, 0.6167, 0.6333, 0.65, 0.6667, 0.6833, 0.7, 0.7167, 0.7333, 0.75, 0.7667, 0.7833, 0.8, 0.8167, 0.8333, 0.85, 0.8667, 0.8833, 0.9, 0.9167, 0.9333, 0.95, 0.9667, 0.9833, 1.0, 1.0167, 1.0333, 1.05, 1.0667, 1.0833, 1.1, 1.1167, 1.1333, 1.15, 1.1667],
            "transform": [
                [1.0, -0.000491, -0.000229, -0.0, 0.000542, 0.898421, 0.439122, 0.375166, -1e-05, -0.439142, 0.898426, -0.0, 0.0, 0.0, 0.0, 1.0],
                [1.0, -0.000491, -0.000229, 0.0, 0.000542, 0.898421, 0.439122, 0.375166, -1e-05, -0.439143, 0.898426, 0.0, 0.0, 0.0, 0.0, 1.0],
                [1.0, -0.000491, -0.000229, -0.0, 0.000542, 0.898421, 0.43912, 0.375166, -1e-05, -0.439141, 0.898427, 0.0, 0.0, 0.0, 0.0, 1.0],
                [1.0, -0.000491, -0.000229, -0.0, 0.000542, 0.89842, 0.439123, 0.375166, -1e-05, -0.439144, 0.898426, -0.0, 0.0, 0.0, 0.0, 1.0],
                [1.0, -0.000491, -0.000229, -0.0, 0.000542, 0.898421, 0.439122, 0.375166, -1e-05, -0.439143, 0.898427, -0.0, 0.0, 0.0, 0.0, 1.0],
                [1.0, -0.000491, -0.000229, 0.0, 0.000542, 0.89842, 0.439122, 0.375166, -1e-05, -0.439143, 0.898426, -0.0, 0.0, 0.0, 0.0, 1.0],
                [1.0, -0.000491, -0.000229, 0.0, 0.000542, 0.898421, 0.43912, 0.375166, -1e-05, -0.439141, 0.898426, 0.0, 0.0, 0.0, 0.0, 1.0],
                [1.0, -0.000491, -0.000229, -0.0, 0.000542, 0.89842, 0.439123, 0.375166, -1e-05, -0.439143, 0.898426, 0.0, 0.0, 0.0, 0.0, 1.0],
                [1.0, -0.000491, -0.000229, -0.0, 0.000542, 0.89842, 0.439122, 0.375166, -1e-05, -0.439142, 0.898426, 0.0, 0.0, 0.0, 0.0, 1.0],
                [1.0, -0.000491, -0.000229, -0.0, 0.000542, 0.89842, 0.439122, 0.375166, -1e-05, -0.439143, 0.898425, -0.0, 0.0, 0.0, 0.0, 1.0],
                [1.0, -0.000597, -0.000288, 0.0, 0.000658, 0.845519, 0.533928, 0.375166, -7.5e-05, -0.533955, 0.845527, 0.0, 0.0, 0.0, 0.0, 1.0],
                [0.999999, -0.000724, -0.000381, -0.0, 0.000799, 0.761842, 0.647743, 0.375166, -0.000179, -0.647775, 0.761853, 0.0, 0.0, 0.0, 0.0, 1.0],
                [0.999999, -0.000828, -0.000481, -0.0, 0.000913, 0.672346, 0.740217, 0.375166, -0.000289, -0.740253, 0.672359, 0.0, 0.0, 0.0, 0.0, 1.0],
                [0.999999, -0.000909, -0.000581, 0.0, 0.001002, 0.582928, 0.812505, 0.375166, -0.000399, -0.812542, 0.582941, -0.0, 0.0, 0.0, 0.0, 1.0],
                [0.999999, -0.000971, -0.000679, 0.0, 0.001071, 0.496035, 0.868284, 0.375166, -0.000506, -0.868322, 0.496048, -0.0, 0.0, 0.0, 0.0, 1.0],
                [0.999999, -0.001019, -0.000772, -0.0, 0.001123, 0.413066, 0.910684, 0.375166, -0.000609, -0.910721, 0.413079, -0.0, 0.0, 0.0, 0.0, 1.0],
                [0.999999, -0.001054, -0.000859, -0.0, 0.001162, 0.334407, 0.942412, 0.375166, -0.000706, -0.942449, 0.334419, -0.0, 0.0, 0.0, 0.0, 1.0],
                [0.999999, -0.001079, -0.000942, -0.0, 0.001191, 0.260761, 0.965387, 0.375166, -0.000797, -0.965423, 0.260773, -0.0, 0.0, 0.0, 0.0, 1.0],
                [0.999999, -0.001097, -0.001018, 0.0, 0.00121, 0.192153, 0.981349, 0.375166, -0.000881, -0.981384, 0.192164, -0.0, 0.0, 0.0, 0.0, 1.0],
                [0.999999, -0.001109, -0.001089, 0.0, 0.001223, 0.128534, 0.991689, 0.375166, -0.00096, -0.991724, 0.128544, 0.0, 0.0, 0.0, 0.0, 1.0],
                [0.999999, -0.001116, -0.001155, 0.0, 0.00123, 0.070304, 0.99751, 0.375166, -0.001032, -0.997544, 0.070314, 0.0, 0.0, 0.0, 0.0, 1.0],
                [0.999998, -0.001118, -0.001214, 0.0, 0.001233, 0.01726, 0.999835, 0.375166, -0.001097, -0.999868, 0.01727, 0.0, 0.0, 0.0, 0.0, 1.0],
                [0.999999, -0.001118, -0.001267, 0.0, 0.001233, -0.030619, 0.999516, 0.375166, -0.001156, -0.999548, -0.030609, 0.0, 0.0, 0.0, 0.0, 1.0],
                [0.999998, -0.001115, -0.001315, -0.0, 0.00123, -0.073567, 0.997275, 0.375166, -0.001208, -0.997306, -0.073557, 0.0, 0.0, 0.0, 0.0, 1.0],
                [0.999998, -0.001111, -0.001357, 0.0, 0.001225, -0.111159, 0.993787, 0.375166, -0.001255, -0.993817, -0.111149, 0.0, 0.0, 0.0, 0.0, 1.0],
                [0.999999, -0.001107, -0.001394, -0.0, 0.00122, -0.143594, 0.989621, 0.375166, -0.001295, -0.989651, -0.143584, 0.0, 0.0, 0.0, 0.0, 1.0],
                [0.999998, -0.001102, -0.001425, 0.0, 0.001215, -0.170823, 0.985286, 0.375166, -0.001329, -0.985316, -0.170814, -0.0, 0.0, 0.0, 0.0, 1.0],
                [0.999998, -0.001097, -0.001449, -0.0, 0.00121, -0.192706, 0.981241, 0.375166, -0.001356, -0.98127, -0.192697, 0.0, 0.0, 0.0, 0.0, 1.0],
                [0.999998, -0.001093, -0.001467, -0.0, 0.001206, -0.208995, 0.977902, 0.375166, -0.001376, -0.97793, -0.208985, 0.0, 0.0, 0.0, 0.0, 1.0],
                [0.999999, -0.00109, -0.001478, 0.0, 0.001203, -0.219278, 0.975648, 0.375166, -0.001388, -0.975675, -0.219268, 0.0, 0.0, 0.0, 0.0, 1.0],
                [0.999998, -0.001091, -0.001483, -0.0, 0.001203, -0.222903, 0.974826, 0.375166, -0.001394, -0.974853, -0.222894, -0.0, 0.0, 0.0, 0.0, 1.0],
                [0.999998, -0.001091, -0.001483, -0.0, 0.001203, -0.222904, 0.974826, 0.375166, -0.001394, -0.974853, -0.222894, -0.0, 0.0, 0.0, 0.0, 1.0],
                [0.999998, -0.001091, -0.001483, -0.0, 0.001203, -0.222903, 0.974826, 0.375166, -0.001394, -0.974853, -0.222894, -0.0, 0.0, 0.0, 0.0, 1.0],
                [0.999998, -0.001091, -0.001483, -0.0, 0.001203, -0.222903, 0.974826, 0.375166, -0.001394, -0.974853, -0.222893, 0.0, 0.0, 0.0, 0.0, 1.0],
                [0.999998, -0.001091, -0.001483, 0.0, 0.001203, -0.222903, 0.974826, 0.375166, -0.001394, -0.974853, -0.222894, 0.0, 0.0, 0.0, 0.0, 1.0],
                [0.999998, -0.001091, -0.001483, 0.0, 0.001203, -0.222903, 0.974826, 0.375166, -0.001394, -0.974853, -0.222893, -0.0, 0.0, 0.0, 0.0, 1.0],
                [0.999998, -0.001091, -0.001483, 0.0, 0.001203, -0.222903, 0.974826, 0.375166, -0.001394, -0.974853, -0.222894, 0.0, 0.0, 0.0, 0.0, 1.0],
                [0.999998, -0.001091, -0.001483, -0.0, 0.001203, -0.222903, 0.974826, 0.375166, -0.001394, -0.974853, -0.222893, -0.0, 0.0, 0.0, 0.0, 1.0],
                [0.999998, -0.001091, -0.001483, 0.0, 0.001203, -0.222904, 0.974825, 0.375166, -0.001394, -0.974853, -0.222894, 0.0, 0.0, 0.0, 0.0, 1.0],
                [0.999998, -0.001091, -0.001483, -0.0, 0.001203, -0.222903, 0.974826, 0.375166, -0.001394, -0.974853, -0.222894, 0.0, 0.0, 0.0, 0.0, 1.0],
                [0.999998, -0.001091, -0.001483, -0.0, 0.001203, -0.222903, 0.974826, 0.375166, -0.001394, -0.974853, -0.222894, -0.0, 0.0, 0.0, 0.0, 1.0],
                [0.999998, -0.001091, -0.001483, -0.0, 0.001203, -0.222903, 0.974826, 0.375166, -0.001394, -0.974853, -0.222894, -0.0, 0.0, 0.0, 0.0, 1.0],
                [0.999998, -0.001091, -0.001483, 0.0, 0.001203, -0.222903, 0.974826, 0.375166, -0.001394, -0.974853, -0.222894, -0.0, 0.0, 0.0, 0.0, 1.0],
                [0.999998, -0.001091, -0.001483, 0.0, 0.001203, -0.222903, 0.974826, 0.375166, -0.001394, -0.974853, -0.222894, -0.0, 0.0, 0.0, 0.0, 1.0],
                [0.999998, -0.001091, -0.001483, -0.0, 0.001203, -0.222903, 0.974826, 0.375166, -0.001394, -0.974853, -0.222893, -0.0, 0.0, 0.0, 0.0, 1.0],
                [0.999998, -0.001091, -0.001483, 0.0, 0.001203, -0.222903, 0.974825, 0.375166, -0.001394, -0.974853, -0.222894, -0.0, 0.0, 0.0, 0.0, 1.0],
                [0.999998, -0.001091, -0.001483, -0.0, 0.001203, -0.222903, 0.974826, 0.375166, -0.001394, -0.974853, -0.222894, 0.0, 0.0, 0.0, 0.0, 1.0],
                [0.999998, -0.001091, -0.001483, -0.0, 0.001203, -0.222903, 0.974826, 0.375166, -0.001394, -0.974853, -0.222893, 0.0, 0.0, 0.0, 0.0, 1.0],
                [0.999998, -0.001091, -0.001483, -0.0, 0.001203, -0.222904, 0.974826, 0.375166, -0.001394, -0.974853, -0.222894, 0.0, 0.0, 0.0, 0.0, 1.0],
                [0.999998, -0.001097, -0.00145, 0.0, 0.00121, -0.193314, 0.981122, 0.375166, -0.001357, -0.981151, -0.193305, -0.0, 0.0, 0.0, 0.0, 1.0],
                [0.999998, -0.001107, -0.001395, -0.0, 0.001221, -0.144095, 0.989548, 0.375166, -0.001296, -0.989578, -0.144086, 0.0, 0.0, 0.0, 0.0, 1.0],
                [0.999999, -0.001114, -0.001331, -0.0, 0.001228, -0.087407, 0.996157, 0.375166, -0.001226, -0.996188, -0.087398, 0.0, 0.0, 0.0, 0.0, 1.0],
                [0.999998, -0.001118, -0.001262, 0.0, 0.001233, -0.025801, 0.999651, 0.375166, -0.00115, -0.999684, -0.025792, -0.0, 0.0, 0.0, 0.0, 1.0],
                [0.999999, -0.001118, -0.00119, -0.0, 0.001233, 0.038913, 0.999227, 0.375166, -0.00107, -0.99926, 0.038923, 0.0, 0.0, 0.0, 0.0, 1.0],
                [0.999999, -0.001112, -0.001114, 0.0, 0.001226, 0.10608, 0.994342, 0.375166, -0.000987, -0.994376, 0.106091, -0.0, 0.0, 0.0, 0.0, 1.0],
                [0.999999, -0.001101, -0.001037, 0.0, 0.001214, 0.175199, 0.984517, 0.375166, -0.000902, -0.984552, 0.17521, -0.0, 0.0, 0.0, 0.0, 1.0],
                [0.999999, -0.001084, -0.000959, 0.0, 0.001196, 0.245319, 0.969426, 0.375166, -0.000816, -0.969462, 0.245331, 0.0, 0.0, 0.0, 0.0, 1.0],
                [0.999999, -0.00106, -0.00088, 0.0, 0.00117, 0.315987, 0.948747, 0.375166, -0.000728, -0.948783, 0.315999, 0.0, 0.0, 0.0, 0.0, 1.0],
                [0.999999, -0.001031, -0.000801, -0.0, 0.001137, 0.386772, 0.922158, 0.375166, -0.000641, -0.922195, 0.386785, 0.0, 0.0, 0.0, 0.0, 1.0],
                [0.999999, -0.000995, -0.000723, 0.0, 0.001097, 0.456784, 0.889559, 0.375166, -0.000555, -0.889597, 0.456797, -0.0, 0.0, 0.0, 0.0, 1.0],
                [0.999999, -0.000951, -0.000645, -0.0, 0.001049, 0.525621, 0.850701, 0.375166, -0.00047, -0.850738, 0.525634, 0.0, 0.0, 0.0, 0.0, 1.0],
                [0.999999, -0.000901, -0.000571, 0.0, 0.000994, 0.592408, 0.80562, 0.375166, -0.000388, -0.805656, 0.59242, -0.0, 0.0, 0.0, 0.0, 1.0],
                [0.999999, -0.000843, -0.000499, 0.0, 0.00093, 0.656595, 0.754224, 0.375166, -0.000308, -0.75426, 0.656608, 0.0, 0.0, 0.0, 0.0, 1.0],
                [0.999999, -0.000779, -0.000431, 0.0, 0.000859, 0.717303, 0.696742, 0.375166, -0.000234, -0.696776, 0.717315, -0.0, 0.0, 0.0, 0.0, 1.0],
                [1.0, -0.000708, -0.000368, 0.0, 0.000781, 0.773763, 0.633456, 0.375166, -0.000164, -0.633488, 0.773774, -0.0, 0.0, 0.0, 0.0, 1.0],
                [1.0, -0.000632, -0.000311, 0.0, 0.000697, 0.82478, 0.565437, 0.375166, -0.000101, -0.565465, 0.824789, 0.0, 0.0, 0.0, 0.0, 1.0],
                [1.0, -0.000552, -0.000261, -0.0, 0.000609, 0.869716, 0.493536, 0.375166, -4.6e-05, -0.49356, 0.869723, -0.0, 0.0, 0.0, 0.0, 1.0],
                [1.0, -0.000471, -0.000219, 0.0, 0.000519, 0.907085, 0.420932, 0.375166, 0.0, -0.420952, 0.90709, 0.0, 0.0, 0.0, 0.0, 1.0],
                [1.0, -0.000394, -0.000187, 0.0, 0.000435, 0.935753, 0.352644, 0.375166, 3.6e-05, -0.352659, 0.935757, 0.0, 0.0, 0.0, 0.0, 1.0],
                [1.0, -0.000334, -0.000166, 0.0, 0.000369, 0.95423, 0.299063, 0.375166, 5.9e-05, -0.299074, 0.954233, -0.0, 0.0, 0.0, 0.0, 1.0],
                [1.0, -0.00031, -0.000159, -0.0, 0.000342, 0.960818, 0.277173, 0.375166, 6.7e-05, -0.277182, 0.96082, -0.0, 0.0, 0.0, 0.0, 1.0],
                [1.0, -0.00031, -0.000159, -0.0, 0.000342, 0.960818, 0.277173, 0.375166, 6.7e-05, -0.277182, 0.96082, -0.0, 0.0, 0.0, 0.0, 1.0]
            ]
        },
        {
            "name": "Knee_R",
            "time": [0.0, 0.0167, 0.0333, 0.05, 0.0667, 0.0833, 0.1, 0.1167, 0.1333, 0.15, 0.1667, 0.1833, 0.2, 0.2167, 0.2333, 0.25, 0.2667, 0.2833, 0.3, 0.3167, 0.3333, 0.35, 0.3667, 0.3833, 0.4, 0.4167, 0.4333, 0.45, 0.4667, 0.4833, 0.5, 0.5167, 0.5333, 0.55, 0.5667, 0.5833, 0.6, 0.6167, 0.6333, 0.65, 0.6667, 0.6833, 0.7, 0.7167, 0.7333, 0.75, 0.7667, 0.7833, 0.8, 0.8167, 0.8333, 0.85, 0.8667, 0.8833, 0.9, 0.9167, 0.9333, 0.95, 0.9667, 0.9833, 1.0, 1.0167, 1.0333, 1.05, 1.0667, 1.0833, 1.1, 1.1167, 1.1333, 1.15, 1.1667],
            "transform": [
                [1.0, -5.7e-05, 5.4e-05, -0.0, 5.7e-05, 0.048757, -0.998811, 0.375166, 5.4e-05, 0.998811, 0.048757, -0.0, 0.0, 0.0, 0.0, 1.0],
                [1.0, -5.7e-05, 5.4e-05, 0.0, 5.7e-05, 0.048757, -0.998811, 0.375166, 5.4e-05, 0.998811, 0.048757, 0.0, 0.0, 0.0, 0.0, 1.0],
                [1.0, -5.7e-05, 5.4e-05, -0.0, 5.7e-05, 0.048757, -0.998811, 0.375166, 5.4e-05, 0.998811, 0.048757, 0.0, 0.0, 0.0, 0.0, 1.0],
                [1.0, -5.7e-05, 5.4e-05, -0.0, 5.7e-05, 0.048757, -0.998811, 0.375166, 5.4e-05, 0.998811, 0.048757, -0.0, 0.0, 0.0, 0.0, 1.0],
                [1.0, -5.7e-05, 5.4e-05, -0.0, 5.7e-05, 0.048757, -0.998811, 0.375166, 5.4e-05, 0.998811, 0.048757, -0.0, 0.0, 0.0, 0.0, 1.0],
                [1.0, -5.7e-05, 5.4e-05, 0.0, 5.7e-05, 0.048757, -0.998811, 0.375166, 5.4e-05, 0.998811, 0.048757, -0.0, 0.0, 0.0, 0.0, 1.0],
                [1.0, -5.7e-05, 5.4e-05, 0.0, 5.7e-05, 0.048757, -0.998811, 0.375166, 5.4e-05, 0.998811, 0.048757, 0.0, 0.0, 0.0, 0.0, 1.0],
                [1.0, -5.7e-05, 5.4e-05, -0.0, 5.7e-05, 0.048757, -0.998811, 0.375166, 5.4e-05, 0.998811, 0.048757, 0.0, 0.0, 0.0, 0.0, 1.0],
                [1.0, -5.7e-05, 5.4e-05, -0.0, 5.7e-05, 0.048757, -0.998811, 0.375166, 5.4e-05, 0.998811, 0.048757, 0.0, 0.0, 0.0, 0.0, 1.0],
                [1.0, -5.7e-05, 5.4e-05, -0.0, 5.7e-05, 0.048757, -0.998811, 0.375166, 5.4e-05, 0.998811, 0.048757, -0.0, 0.0, 0.0, 0.0, 1.0],
                [1.0, -5.7e-05, 5.4e-05, 0.0, 5.7e-05, 0.048757, -0.998811, 0.375166, 5.4e-05, 0.998811, 0.048757, 0.0, 0.0, 0.0, 0.0, 1.0],
                [1.0, -5.7e-05, 5.4e-05, -0.0, 5.7e-05, 0.048757, -0.998811, 0.375166, 5.4e-05, 0.998811, 0.048757, 0.0, 0.0, 0.0, 0.0, 1.0],
                [1.0, -5.7e-05, 5.4e-05, -0.0, 5.7e-05, 0.048757, -0.998811, 0.375166, 5.4e-05, 0.998811, 0.048757, 0.0, 0.0, 0.0, 0.0, 1.0],
                [1.0, -5.7e-05, 5.4e-05, 0.0, 5.7e-05, 0.048757, -0.998811, 0.375166, 5.4e-05, 0.998811, 0.048757, -0.0, 0.0, 0.0, 0.0, 1.0],
                [1.0, -5.7e-05, 5.4e-05, 0.0, 5.7e-05, 0.048757, -0.998811, 0.375166, 5.4e-05, 0.998811, 0.048757, -0.0, 0.0, 0.0, 0.0, 1.0],
                [1.0, -5.7e-05, 5.4e-05, -0.0, 5.7e-05, 0.048757, -0.998811, 0.375166, 5.4e-05, 0.998811, 0.048757, -0.0, 0.0, 0.0, 0.0, 1.0],
                [1.0, -5.7e-05, 5.4e-05, -0.0, 5.7e-05, 0.048757, -0.998811, 0.375166, 5.4e-05, 0.998811, 0.048757, -0.0, 0.0, 0.0, 0.0, 1.0],
                [1.0, -5.7e-05, 5.4e-05, -0.0, 5.7e-05, 0.048757, -0.998811, 0.375166, 5.4e-05, 0.998811, 0.048757, -0.0, 0.0, 0.0, 0.0, 1.0],
                [1.0, -5.7e-05, 5.4e-05, 0.0, 5.7e-05, 0.048757, -0.998811, 0.375166, 5.4e-05, 0.998811, 0.048757, -0.0, 0.0, 0.0, 0.0, 1.0],
                [1.0, -5.7e-05, 5.4e-05, 0.0, 5.7e-05, 0.048757, -0.998811, 0.375166, 5.4e-05, 0.998811, 0.048757, 0.0, 0.0, 0.0, 0.0, 1.0],
                [1.0, -5.7e-05, 5.4e-05, 0.0, 5.7e-05, 0.048757, -0.998811, 0.375166, 5.4e-05, 0.998811, 0.048757, 0.0, 0.0, 0.0, 0.0, 1.0],
                [1.0, -5.7e-05, 5.4e-05, 0.0, 5.7e-05, 0.048757, -0.998811, 0.375166, 5.4e-05, 0.998811, 0.048757, 0.0, 0.0, 0.0, 0.0, 1.0],
                [1.0, -5.7e-05, 5.4e-05, 0.0, 5.7e-05, 0.048757, -0.998811, 0.375166, 5.4e-05, 0.998811, 0.048757, 0.0, 0.0, 0.0, 0.0, 1.0],
