{
    "animation": [
        {
            "name": "Root",
            "time": [0.0, 0.0167, 0.0333, 0.05, 0.0667, 0.0833, 0.1, 0.1167, 0.1333, 0.15, 0.1667, 0.1833, 0.2, 0.2167, 0.2333, 0.25, 0.2667, 0.2833, 0.3, 0.3167, 0.3333, 0.35, 0.3667, 0.3833, 0.4, 0.4167, 0.4333, 0.45, 0.4667, 0.4833, 0.5, 0.5167, 0.5333, 0.55, 0.5667, 0.5833, 0.6, 0.6167, 0.6333, 0.65, 0.6667, 0.6833, 0.7, 0.7167, 0.7333, 0.75],
            "transform": [
                [0.900842, 0.0, -0.434148, -5e-06, -0.434148, 0.0, -0.900842, 0.000946, 0.0, 1.0, 0.0, 0.739346, 0.0, 0.0, 0.0, 1.0],
                [0.932196, 0.0, -0.361954, -0.004787, -0.361954, 0.0, -0.932196, -0.022309, 0.0, 1.0, 0.0, 0.739346, 0.0, 0.0, 0.0, 1.0],
                [0.991462, 0.0, -0.130396, -0.018707, -0.130396, 0.0, -0.991462, -0.089991, 0.0, 1.0, 0.0, 0.739346, 0.0, 0.0, 0.0, 1.0],
                [0.97345, 0.0, 0.228901, -0.038718, 0.228901, 0.0, -0.97345, -0.187289, 0.0, 1.0, 0.0, 0.739346, 0.0, 0.0, 0.0, 1.0],
                [0.829456, 0.0, 0.558573, -0.058729, 0.558573, 0.0, -0.829456, -0.284586, 0.0, 1.0, 0.0, 0.739346, 0.0, 0.0, 0.0, 1.0],
                [0.673207, 0.0, 0.739454, -0.072649, 0.739454, 0.0, -0.673207, -0.352269, 0.0, 1.0, 0.0, 0.739346, 0.0, 0.0, 0.0, 1.0],
                [0.612965, 0.0, 0.79011, -0.077432, 0.79011, 0.0, -0.612965, -0.375524, 0.0, 1.0, 0.0, 0.739346, 0.0, 0.0, 0.0, 1.0],
                [0.612965, 0.0, 0.79011, -0.077432, 0.79011, 0.0, -0.612965, -0.375524, 0.0, 1.0, 0.0, 0.739346, 0.0, 0.0, 0.0, 1.0],
                [0.612965, 0.0, 0.79011, -0.077432, 0.79011, 0.0, -0.612965, -0.375524, 0.0, 1.0, 0.0, 0.739346, 0.0, 0.0, 0.0, 1.0],
                [0.612965, 0.0, 0.79011, -0.077432, 0.79011, 0.0, -0.612965, -0.375524, 0.0, 1.0, 0.0, 0.739346, 0.0, 0.0, 0.0, 1.0],
                [0.620803, 0.0, 0.783966, -0.077707, 0.783966, 0.0, -0.620803, -0.378826, 0.0, 1.0, 0.0, 0.739346, 0.0, 0.0, 0.0, 1.0],
                [0.639411, 0.0, 0.768865, -0.078366, 0.768865, 0.0, -0.639411, -0.386724, 0.0, 1.0, 0.0, 0.739346, 0.0, 0.0, 0.0, 1.0],
                [0.664353, 0.0, 0.747419, -0.079263, 0.747419, 0.0, -0.664353, -0.397465, 0.0, 1.0, 0.0, 0.739346, 0.0, 0.0, 0.0, 1.0],
                [0.693101, 0.0, 0.720841, -0.080317, 0.720841, 0.0, -0.693101, -0.410103, 0.0, 1.0, 0.0, 0.739346, 0.0, 0.0, 0.0, 1.0],
                [0.723986, 0.0, 0.689815, -0.081482, 0.689815, 0.0, -0.723986, -0.424064, 0.0, 1.0, 0.0, 0.739346, 0.0, 0.0, 0.0, 1.0],
                [0.755793, 0.0, 0.65481, -0.082726, 0.65481, 0.0, -0.755793, -0.438963, 0.0, 1.0, 0.0, 0.739346, 0.0, 0.0, 0.0, 1.0],
                [0.787581, 0.0, 0.616211, -0.084024, 0.616211, 0.0, -0.787581, -0.454527, 0.0, 1.0, 0.0, 0.739346, 0.0, 0.0, 0.0, 1.0],
                [0.818588, 0.0, 0.574381, -0.085362, 0.574381, 0.0, -0.818588, -0.470553, 0.0, 1.0, 0.0, 0.739346, 0.0, 0.0, 0.0, 1.0],
                [0.848191, 0.0, 0.52969, -0.086725, 0.52969, 0.0, -0.848191, -0.486886, 0.0, 1.0, 0.0, 0.739346, 0.0, 0.0, 0.0, 1.0],
                [0.875878, 0.0, 0.482533, -0.088103, 0.482533, 0.0, -0.875878, -0.503399, 0.0, 1.0, 0.0, 0.739346, 0.0, 0.0, 0.0, 1.0],
                [0.901237, 0.0, 0.433326, -0.089487, 0.433326, 0.0, -0.901237, -0.519989, 0.0, 1.0, 0.0, 0.739346, 0.0, 0.0, 0.0, 1.0],
                [0.923952, 0.0, 0.382508, -0.090871, 0.382508, 0.0, -0.923952, -0.53657, 0.0, 1.0, 0.0, 0.739346, 0.0, 0.0, 0.0, 1.0],
                [0.943794, 0.0, 0.330535, -0.092247, 0.330535, 0.0, -0.943794, -0.553068, 0.0, 1.0, 0.0, 0.739346, 0.0, 0.0, 0.0, 1.0],
                [0.96062, 0.0, 0.277867, -0.093612, 0.277867, 0.0, -0.96062, -0.569417, 0.0, 1.0, 0.0, 0.739346, 0.0, 0.0, 0.0, 1.0],
                [0.974368, 0.0, 0.224961, -0.094958, 0.224961, 0.0, -0.974368, -0.585557, 0.0, 1.0, 0.0, 0.739346, 0.0, 0.0, 0.0, 1.0],
                [0.985051, 0.0, 0.172263, -0.096283, 0.172263, 0.0, -0.985051, -0.601435, 0.0, 1.0, 0.0, 0.739346, 0.0, 0.0, 0.0, 1.0],
                [0.99275, 0.0, 0.120195, -0.097582, 0.120195, 0.0, -0.99275, -0.617001, 0.0, 1.0, 0.0, 0.739346, 0.0, 0.0, 0.0, 1.0],
                [0.997606, 0.0, 0.06915, -0.098851, 0.06915, 0.0, -0.997606, -0.632209, 0.0, 1.0, 0.0, 0.739346, 0.0, 0.0, 0.0, 1.0],
                [0.99981, 0.0, 0.019488, -0.100087, 0.019488, 0.0, -0.99981, -0.647013, 0.0, 1.0, 0.0, 0.739346, 0.0, 0.0, 0.0, 1.0],
                [0.999595, 0.0, -0.028474, -0.101285, -0.028474, 0.0, -0.999595, -0.66137, 0.0, 1.0, 0.0, 0.739346, 0.0, 0.0, 0.0, 1.0],
                [0.997224, 0.0, -0.074457, -0.102442, -0.074457, 0.0, -0.997224, -0.675237, 0.0, 1.0, 0.0, 0.739346, 0.0, 0.0, 0.0, 1.0],
                [0.992987, 0.0, -0.118228, -0.103555, -0.118228, 0.0, -0.992987, -0.688573, 0.0, 1.0, 0.0, 0.739346, 0.0, 0.0, 0.0, 1.0],
                [0.987184, 0.0, -0.159589, -0.10462, -0.159589, 0.0, -0.987184, -0.701336, 0.0, 1.0, 0.0, 0.739346, 0.0, 0.0, 0.0, 1.0],
                [0.980125, 0.0, -0.198383, -0.105633, -0.198383, 0.0, -0.980125, -0.713481, 0.0, 1.0, 0.0, 0.739346, 0.0, 0.0, 0.0, 1.0],
                [0.97212, 0.0, -0.234484, -0.106592, -0.234484, 0.0, -0.97212, -0.724966, 0.0, 1.0, 0.0, 0.739346, 0.0, 0.0, 0.0, 1.0],
                [0.963476, 0.0, -0.267795, -0.107491, -0.267795, 0.0, -0.963476, -0.735747, 0.0, 1.0, 0.0, 0.739346, 0.0, 0.0, 0.0, 1.0],
                [0.95449, 0.0, -0.298244, -0.108328, -0.298244, 0.0, -0.95449, -0.745776, 0.0, 1.0, 0.0, 0.739346, 0.0, 0.0, 0.0, 1.0],
                [0.945449, 0.0, -0.325771, -0.109098, -0.325771, 0.0, -0.945449, -0.755005, 0.0, 1.0, 0.0, 0.739346, 0.0, 0.0, 0.0, 1.0],
                [0.936627, 0.0, -0.350329, -0.109798, -0.350329, 0.0, -0.936627, -0.763383, 0.0, 1.0, 0.0, 0.739346, 0.0, 0.0, 0.0, 1.0],
                [0.928283, 0.0, -0.371875, -0.110421, -0.371875, 0.0, -0.928283, -0.770857, 0.0, 1.0, 0.0, 0.739346, 0.0, 0.0, 0.0, 1.0],
                [0.920661, 0.0, -0.390362, -0.110965, -0.390362, 0.0, -0.920661, -0.777369, 0.0, 1.0, 0.0, 0.739346, 0.0, 0.0, 0.0, 1.0],
                [0.913991, 0.0, -0.405733, -0.111423, -0.405733, 0.0, -0.913991, -0.782859, 0.0, 1.0, 0.0, 0.739346, 0.0, 0.0, 0.0, 1.0],
                [0.908486, 0.0, -0.417915, -0.11179, -0.417915, 0.0, -0.908486, -0.787261, 0.0, 1.0, 0.0, 0.739346, 0.0, 0.0, 0.0, 1.0],
                [0.904343, 0.0, -0.426807, -0.112061, -0.426807, 0.0, -0.904343, -0.790504, 0.0, 1.0, 0.0, 0.739346, 0.0, 0.0, 0.0, 1.0],
                [0.901741, 0.0, -0.432277, -0.112228, -0.432277, 0.0, -0.901741, -0.792512, 0.0, 1.0, 0.0, 0.739346, 0.0, 0.0, 0.0, 1.0],
                [0.900842, 0.0, -0.434148, -0.112286, -0.434148, 0.0, -0.900842, -0.793201, 0.0, 1.0, 0.0, 0.739346, 0.0, 0.0, 0.0, 1.0],
                [0.900842, 0.0, -0.434148, -0.112286, -0.434148, 0.0, -0.900842, -0.793201, 0.0, 1.0, 0.0, 0.739346, 0.0, 0.0, 0.0, 1.0]
            ]
        },
        {
            "name": "Thigh_R",
            "time": [0.0, 0.0167, 0.0333, 0.05, 0.0667, 0.0833, 0.1, 0.1167, 0.1333, 0.15, 0.1667, 0.1833, 0.2, 0.2167, 0.2333, 0.25, 0.2667, 0.2833, 0.3, 0.3167, 0.3333, 0.35, 0.3667, 0.3833, 0.4, 0.4167, 0.4333, 0.45, 0.4667, 0.4833, 0.5, 0.5167, 0.5333, 0.55, 0.5667, 0.5833, 0.6, 0.6167, 0.6333, 0.65, 0.6667, 0.6833, 0.7, 0.7167, 0.7333, 0.75],
            "transform": [
                [0.990703, 0.115138, 0.072456, 0.124994, 0.119659, -0.99091, -0.061465, -0.002831, 0.064723, 0.069573, -0.995437, -1.2e-05, 0.0, 0.0, 0.0, 1.0],
                [0.987437, 0.120679, 0.101999, 0.126912, 0.12387, -0.99197, -0.025519, -0.002831, 0.098104, 0.037842, -0.994419, 0.00246, 0.0, 0.0, 0.0, 1.0],
                [0.970942, 0.141013, 0.193351, 0.132493, 0.130911, -0.989317, 0.064134, -0.002831, 0.200336, -0.03695, -0.978993, 0.009654, 0.0, 0.0, 0.0, 1.0],
                [0.925965, 0.176706, 0.333699, 0.140516, 0.125393, -0.977491, 0.169669, -0.002831, 0.356183, -0.115257, -0.927244, 0.019996, 0.0, 0.0, 0.0, 1.0],
                [0.85323, 0.212919, 0.476072, 0.148539, 0.099448, -0.962539, 0.252245, -0.002831, 0.511965, -0.167875, -0.84241, 0.030337, 0.0, 0.0, 0.0, 1.0],
                [0.787241, 0.234056, 0.570474, 0.15412, 0.069674, -0.953001, 0.294841, -0.002831, 0.612696, -0.192362, -0.76652, 0.037531, 0.0, 0.0, 0.0, 1.0],
                [0.762141, 0.239956, 0.601276, 0.156037, 0.057472, -0.950185, 0.306337, -0.002831, 0.644855, -0.198913, -0.737937, 0.040003, 0.0, 0.0, 0.0, 1.0],
                [0.762141, 0.239956, 0.601276, 0.156037, 0.057472, -0.950185, 0.306337, -0.002831, 0.644855, -0.198913, -0.737937, 0.040003, 0.0, 0.0, 0.0, 1.0],
                [0.762141, 0.239956, 0.601276, 0.156037, 0.057472, -0.950185, 0.306337, -0.002831, 0.644855, -0.198913, -0.737937, 0.040003, 0.0, 0.0, 0.0, 1.0],
                [0.762141, 0.239956, 0.601276, 0.156037, 0.057472, -0.950185, 0.306337, -0.002831, 0.644855, -0.198913, -0.737937, 0.040003, 0.0, 0.0, 0.0, 1.0],
                [0.762343, 0.24501, 0.598976, 0.156037, 0.058081, -0.947732, 0.313732, -0.002831, 0.644561, -0.20438, -0.736699, 0.040003, 0.0, 0.0, 0.0, 1.0],
                [0.76293, 0.258373, 0.59258, 0.156037, 0.059846, -0.940952, 0.333204, -0.002831, 0.643705, -0.218746, -0.733314, 0.040003, 0.0, 0.0, 0.0, 1.0],
                [0.763864, 0.277206, 0.582786, 0.156037, 0.062668, -0.930644, 0.360514, -0.002831, 0.642328, -0.238859, -0.728229, 0.040003, 0.0, 0.0, 0.0, 1.0],
                [0.765102, 0.298713, 0.570404, 0.156037, 0.06644, -0.917777, 0.391494, -0.002831, 0.640472, -0.261632, -0.722011, 0.040003, 0.0, 0.0, 0.0, 1.0],
                [0.766598, 0.320938, 0.556146, 0.156037, 0.071042, -0.903208, 0.423278, -0.002831, 0.638186, -0.28497, -0.715169, 0.040003, 0.0, 0.0, 0.0, 1.0],
                [0.768296, 0.342644, 0.540637, 0.156037, 0.076343, -0.887679, 0.454084, -0.002831, 0.635525, -0.307593, -0.708131, 0.040003, 0.0, 0.0, 0.0, 1.0],
                [0.770141, 0.363015, 0.524476, 0.156037, 0.082192, -0.871882, 0.482763, -0.002831, 0.632556, -0.328683, -0.701283, 0.040003, 0.0, 0.0, 0.0, 1.0],
                [0.772073, 0.381678, 0.508133, 0.156037, 0.088426, -0.856309, 0.50883, -0.002831, 0.629353, -0.347916, -0.694857, 0.040003, 0.0, 0.0, 0.0, 1.0],
                [0.774029, 0.398303, 0.492146, 0.156037, 0.094869, -0.841515, 0.531831, -0.002831, 0.626002, -0.364957, -0.689118, 0.040003, 0.0, 0.0, 0.0, 1.0],
                [0.775952, 0.412905, 0.476846, 0.156037, 0.101332, -0.827758, 0.551851, -0.002831, 0.6226, -0.379883, -0.684116, 0.040003, 0.0, 0.0, 0.0, 1.0],
                [0.777785, 0.425396, 0.462671, 0.156037, 0.107625, -0.815414, 0.568778, -0.002831, 0.619248, -0.392584, -0.679975, 0.040003, 0.0, 0.0, 0.0, 1.0],
                [0.779477, 0.43593, 0.44984, 0.156037, 0.113556, -0.804565, 0.5829, -0.002831, 0.616053, -0.403266, -0.676618, 0.040003, 0.0, 0.0, 0.0, 1.0],
                [0.780983, 0.444533, 0.43867, 0.156037, 0.118944, -0.795417, 0.594269, -0.002831, 0.613121, -0.411928, -0.674058, 0.040003, 0.0, 0.0, 0.0, 1.0],
                [0.782267, 0.45137, 0.429302, 0.156037, 0.123619, -0.787956, 0.603187, -0.002831, 0.610555, -0.418774, -0.672166, 0.040003, 0.0, 0.0, 0.0, 1.0],
                [0.783297, 0.456557, 0.421874, 0.156037, 0.127431, -0.782184, 0.609868, -0.002831, 0.608446, -0.423939, -0.670839, 0.040003, 0.0, 0.0, 0.0, 1.0],
                [0.784051, 0.460193, 0.416488, 0.156037, 0.130256, -0.778082, 0.614502, -0.002831, 0.606874, -0.427542, -0.669976, 0.040003, 0.0, 0.0, 0.0, 1.0],
                [0.784512, 0.46235, 0.413218, 0.156037, 0.131997, -0.775625, 0.617229, -0.002831, 0.605902, -0.429671, -0.669494, 0.040003, 0.0, 0.0, 0.0, 1.0],
                [0.784668, 0.463068, 0.412118, 0.156037, 0.132587, -0.774805, 0.618132, -0.002831, 0.605572, -0.430377, -0.669339, 0.040003, 0.0, 0.0, 0.0, 1.0],
                [0.784668, 0.463067, 0.412118, 0.156037, 0.132587, -0.774805, 0.618132, -0.002831, 0.605572, -0.430377, -0.669339, 0.040003, 0.0, 0.0, 0.0, 1.0],
                [0.784668, 0.463068, 0.412118, 0.156037, 0.132587, -0.774805, 0.618132, -0.002831, 0.605571, -0.430377, -0.669339, 0.040003, 0.0, 0.0, 0.0, 1.0],
                [0.784668, 0.463068, 0.412118, 0.156037, 0.132587, -0.774805, 0.618132, -0.002831, 0.605572, -0.430377, -0.669339, 0.040003, 0.0, 0.0, 0.0, 1.0],
                [0.784668, 0.463068, 0.412118, 0.156037, 0.132587, -0.774805, 0.618132, -0.002831, 0.605572, -0.430377, -0.669339, 0.040003, 0.0, 0.0, 0.0, 1.0],
                [0.784668, 0.463067, 0.412118, 0.156037, 0.132587, -0.774805, 0.618132, -0.002831, 0.605572, -0.430377, -0.669339, 0.040003, 0.0, 0.0, 0.0, 1.0],
                [0.784668, 0.463067, 0.412118, 0.156037, 0.132587, -0.774805, 0.618132, -0.002831, 0.605572, -0.430377, -0.669339, 0.040003, 0.0, 0.0, 0.0, 1.0],
                [0.784668, 0.463068, 0.412118, 0.156037, 0.132587, -0.774806, 0.618132, -0.002831, 0.605572, -0.430377, -0.669339, 0.040003, 0.0, 0.0, 0.0, 1.0],
                [0.784668, 0.463067, 0.412118, 0.156037, 0.132587, -0.774805, 0.618132, -0.002831, 0.605571, -0.430377, -0.669339, 0.040003, 0.0, 0.0, 0.0, 1.0],
                [0.792416, 0.45382, 0.407556, 0.155349, 0.134331, -0.781604, 0.609131, -0.002831, 0.595006, -0.427928, -0.680294, 0.039116, 0.0, 0.0, 0.0, 1.0],
                [0.815099, 0.425867, 0.392722, 0.153278, 0.138962, -0.801867, 0.581111, -0.002831, 0.562409, -0.419079, -0.712756, 0.036446, 0.0, 0.0, 0.0, 1.0],
                [0.849705, 0.380352, 0.365125, 0.14991, 0.144518, -0.834016, 0.53247, -0.002831, 0.507065, -0.399665, -0.763609, 0.032105, 0.0, 0.0, 0.0, 1.0],
                [0.890063, 0.321757, 0.322875, 0.145506, 0.148169, -0.874093, 0.462604, -0.002831, 0.431085, -0.363896, -0.825643, 0.026428, 0.0, 0.0, 0.0, 1.0],
                [0.928142, 0.258825, 0.267496, 0.140516, 0.147593, -0.915662, 0.373865, -0.002831, 0.341714, -0.307508, -0.888034, 0.019995, 0.0, 0.0, 0.0, 1.0],
                [0.95745, 0.202178, 0.205933, 0.135526, 0.142471, -0.951704, 0.271955, -0.002831, 0.250979, -0.231033, -0.93998, 0.013564, 0.0, 0.0, 0.0, 1.0],
                [0.97593, 0.159606, 0.148608, 0.131121, 0.134673, -0.977062, 0.164958, -0.002831, 0.171533, -0.140963, -0.975004, 0.007886, 0.0, 0.0, 0.0, 1.0],
                [0.985551, 0.132986, 0.104895, 0.127753, 0.126957, -0.989954, 0.06223, -0.002831, 0.112121, -0.048004, -0.992497, 0.003545, 0.0, 0.0, 0.0, 1.0],
                [0.989638, 0.119369, 0.07979, 0.125682, 0.121558, -0.992314, -0.023127, -0.002831, 0.076419, 0.032596, -0.996505, 0.000875, 0.0, 0.0, 0.0, 1.0],
                [0.990703, 0.115138, 0.072456, 0.124994, 0.119659, -0.99091, -0.061465, -0.002831, 0.064723, 0.069573, -0.995437, -1.2e-05, 0.0, 0.0, 0.0, 1.0],
                [0.990703, 0.115138, 0.072456, 0.124994, 0.119659, -0.99091, -0.061465, -0.002831, 0.064723, 0.069573, -0.995437, -1.2e-05, 0.0, 0.0, 0.0, 1.0]
            ]
        },
        {
            "name": "Leg_R",
            "time": [0.0, 0.0167, 0.0333, 0.05, 0.0667, 0.0833, 0.1, 0.1167, 0.1333, 0.15, 0.1667, 0.1833, 0.2, 0.2167, 0.2333, 0.25, 0.2667, 0.2833, 0.3, 0.3167, 0.3333, 0.35, 0.3667, 0.3833, 0.4, 0.4167, 0.4333, 0.45, 0.4667, 0.4833, 0.5, 0.5167, 0.5333, 0.55, 0.5667, 0.5833, 0.6, 0.6167, 0.6333, 0.65, 0.6667, 0.6833, 0.7, 0.7167, 0.7333, 0.75],
            "transform": [
                [1.0, -0.000268, -0.000148, 0.0, 0.000295, 0.970946, 0.239293, 0.375166, 7.9e-05, -0.2393, 0.970948, 0.0, 0.0, 0.0, 0.0, 1.0],
                [1.0, -0.000309, -0.000158, -0.0, 0.000341, 0.961112, 0.276152, 0.375166, 6.7e-05, -0.276161, 0.961114, -0.0, 0.0, 0.0, 0.0, 1.0],
                [1.0, -0.000392, -0.000186, 0.0, 0.000432, 0.936508, 0.350637, 0.375166, 3.7e-05, -0.350651, 0.936511, -0.0, 0.0, 0.0, 0.0, 1.0],
                [1.0, -0.00046, -0.000214, -0.0, 0.000507, 0.911565, 0.411143, 0.375166, 6e-06, -0.411162, 0.91157, -0.0, 0.0, 0.0, 0.0, 1.0],
                [1.0, -0.00049, -0.000228, 0.0, 0.00054, 0.899001, 0.437932, 0.375166, -9e-06, -0.437953, 0.899007, 0.0, 0.0, 0.0, 0.0, 1.0],
                [1.0, -0.000493, -0.00023, 0.0, 0.000544, 0.897483, 0.441034, 0.375166, -1.1e-05, -0.441055, 0.897489, -0.0, 0.0, 0.0, 0.0, 1.0],
                [1.0, -0.000491, -0.000229, 0.0, 0.000542, 0.89833, 0.439306, 0.375166, -1e-05, -0.439327, 0.898336, 0.0, 0.0, 0.0, 0.0, 1.0],
                [1.0, -0.000491, -0.000229, 0.0, 0.000542, 0.89833, 0.439306, 0.375166, -1e-05, -0.439327, 0.898336, 0.0, 0.0, 0.0, 0.0, 1.0],
                [1.0, -0.000491, -0.000229, 0.0, 0.000542, 0.89833, 0.439306, 0.375166, -1e-05, -0.439327, 0.898336, 0.0, 0.0, 0.0, 0.0, 1.0],
                [1.0, -0.000491, -0.000229, 0.0, 0.000542, 0.89833, 0.439306, 0.375166, -1e-05, -0.439327, 0.898336, 0.0, 0.0, 0.0, 0.0, 1.0],
                [1.0, -0.000508, -0.000237, -0.0, 0.000561, 0.890747, 0.454485, 0.375166, -2e-05, -0.454506, 0.890753, -0.0, 0.0, 0.0, 0.0, 1.0],
                [1.0, -0.000553, -0.000261, -0.0, 0.00061, 0.869265, 0.494331, 0.375166, -4.6e-05, -0.494356, 0.869272, -0.0, 0.0, 0.0, 0.0, 1.0],
                [1.0, -0.000615, -0.000299, 0.0, 0.000678, 0.835387, 0.549645, 0.375166, -8.8e-05, -0.549672, 0.835396, 0.0, 0.0, 0.0, 0.0, 1.0],
                [1.0, -0.000684, -0.000348, -0.0, 0.000754, 0.791326, 0.611376, 0.375166, -0.000142, -0.611407, 0.791335, -0.0, 0.0, 0.0, 0.0, 1.0],
                [1.0, -0.000753, -0.000406, 0.0, 0.00083, 0.739424, 0.673221, 0.375166, -0.000206, -0.673255, 0.739435, 0.0, 0.0, 0.0, 0.0, 1.0],
                [1.0, -0.000818, -0.000471, -0.0, 0.000902, 0.682052, 0.731284, 0.375166, -0.000277, -0.731321, 0.682064, 0.0, 0.0, 0.0, 0.0, 1.0],
                [0.999999, -0.000876, -0.000538, 0.0, 0.000966, 0.621687, 0.783247, 0.375166, -0.000352, -0.783283, 0.6217, -0.0, 0.0, 0.0, 0.0, 1.0],
                [0.999999, -0.000926, -0.000607, -0.0, 0.001022, 0.560344, 0.828241, 0.375166, -0.000427, -0.828278, 0.560357, 0.0, 0.0, 0.0, 0.0, 1.0],
                [0.999999, -0.000968, -0.000674, 0.0, 0.001068, 0.500299, 0.865834, 0.375166, -0.000501, -0.865872, 0.500313, 0.0, 0.0, 0.0, 0.0, 1.0],
                [0.999999, -0.001003, -0.000738, 0.0, 0.001106, 0.442949, 0.896529, 0.375166, -0.000572, -0.896567, 0.442962, 0.0, 0.0, 0.0, 0.0, 1.0],
                [0.999999, -0.00103, -0.000797, 0.0, 0.001136, 0.390026, 0.920786, 0.375166, -0.000637, -0.920824, 0.390039, -0.0, 0.0, 0.0, 0.0, 1.0],
                [0.999999, -0.001051, -0.00085, -0.0, 0.001159, 0.34236, 0.939552, 0.375166, -0.000696, -0.939589, 0.342373, -0.0, 0.0, 0.0, 0.0, 1.0],
                [0.999999, -0.001066, -0.000897, 0.0, 0.001176, 0.301093, 0.953578, 0.375166, -0.000747, -0.953615, 0.301105, 0.0, 0.0, 0.0, 0.0, 1.0],
                [0.999999, -0.001078, -0.000935, 0.0, 0.001189, 0.26666, 0.963774, 0.375166, -0.000789, -0.963811, 0.266672, 0.0, 0.0, 0.0, 0.0, 1.0],
                [0.999999, -0.001086, -0.000965, -0.0, 0.001197, 0.239485, 0.970884, 0.375166, -0.000823, -0.970919, 0.239496, 0.0, 0.0, 0.0, 0.0, 1.0],
                [0.999999, -0.001091, -0.000987, 0.0, 0.001203, 0.219853, 0.975517, 0.375166, -0.000847, -0.975553, 0.219865, -0.0, 0.0, 0.0, 0.0, 1.0],
                [0.999999, -0.001094, -0.001001, 0.0, 0.001206, 0.207965, 0.97812, 0.375166, -0.000862, -0.978156, 0.207976, -0.0, 0.0, 0.0, 0.0, 1.0],
                [0.999999, -0.001095, -0.001005, -0.0, 0.001207, 0.203971, 0.978961, 0.375166, -0.000867, -0.978996, 0.203983, -0.0, 0.0, 0.0, 0.0, 1.0],
                [0.999999, -0.001095, -0.001005, 0.0, 0.001207, 0.203972, 0.978961, 0.375166, -0.000867, -0.978996, 0.203983, -0.0, 0.0, 0.0, 0.0, 1.0],
                [0.999999, -0.001095, -0.001005, 0.0, 0.001207, 0.203972, 0.978961, 0.375166, -0.000867, -0.978996, 0.203983, -0.0, 0.0, 0.0, 0.0, 1.0],
                [0.999999, -0.001095, -0.001005, 0.0, 0.001207, 0.203972, 0.978961, 0.375166, -0.000867, -0.978996, 0.203983, 0.0, 0.0, 0.0, 0.0, 1.0],
                [0.999999, -0.001095, -0.001005, 0.0, 0.001207, 0.203972, 0.978961, 0.375166, -0.000867, -0.978996, 0.203983, 0.0, 0.0, 0.0, 0.0, 1.0],
                [0.999999, -0.001095, -0.001005, -0.0, 0.001207, 0.203972, 0.978961, 0.375166, -0.000867, -0.978996, 0.203983, 0.0, 0.0, 0.0, 0.0, 1.0],
                [0.999999, -0.001095, -0.001005, 0.0, 0.001207, 0.203972, 0.978961, 0.375166, -0.000867, -0.978996, 0.203983, -0.0, 0.0, 0.0, 0.0, 1.0],
                [0.999999, -0.001095, -0.001005, -0.0, 0.001207, 0.203972, 0.97896, 0.375166, -0.000867, -0.978996, 0.203983, 0.0, 0.0, 0.0, 0.0, 1.0],
                [0.999999, -0.001095, -0.001005, 0.0, 0.001207, 0.203972, 0.978961, 0.375166, -0.000867, -0.978996, 0.203983, 0.0, 0.0, 0.0, 0.0, 1.0],
                [0.999999, -0.001091, -0.000989, 0.0, 0.001204, 0.21858, 0.975803, 0.375166, -0.000849, -0.975838, 0.218591, 0.0, 0.0, 0.0, 0.0, 1.0],
                [0.999999, -0.001079, -0.000939, -0.0, 0.00119, 0.26319, 0.964728, 0.375166, -0.000794, -0.964764, 0.263202, -0.0, 0.0, 0.0, 0.0, 1.0],
                [0.999999, -0.001052, -0.000856, 0.0, 0.001161, 0.337796, 0.941202, 0.375166, -0.000702, -0.941239, 0.337809, -0.0, 0.0, 0.0, 0.0, 1.0],
                [0.999999, -0.001004, -0.000742, 0.0, 0.001108, 0.439458, 0.898245, 0.375166, -0.000576, -0.898283, 0.439471, 0.0, 0.0, 0.0, 0.0, 1.0],
                [0.999999, -0.000927, -0.000607, 0.0, 0.001022, 0.559913, 0.828533, 0.375166, -0.000428, -0.82857, 0.559927, 0.0, 0.0, 0.0, 0.0, 1.0],
                [1.0, -0.000814, -0.000466, -0.0, 0.000897, 0.686031, 0.727554, 0.375166, -0.000272, -0.72759, 0.686043, 0.0, 0.0, 0.0, 0.0, 1.0],
                [1.0, -0.000668, -0.000336, 0.0, 0.000736, 0.802124, 0.597139, 0.375166, -0.000129, -0.59717, 0.802134, -0.0, 0.0, 0.0, 0.0, 1.0],
                [1.0, -0.000501, -0.000234, 0.0, 0.000553, 0.893853, 0.448345, 0.375166, -1.6e-05, -0.448366, 0.893859, 0.0, 0.0, 0.0, 0.0, 1.0],
                [1.0, -0.000344, -0.000169, 0.0, 0.000379, 0.951552, 0.307478, 0.375166, 5.5e-05, -0.307489, 0.951555, -0.0, 0.0, 0.0, 0.0, 1.0],
                [1.0, -0.000268, -0.000148, -0.0, 0.000295, 0.970946, 0.239294, 0.375166, 7.9e-05, -0.2393, 0.970948, 0.0, 0.0, 0.0, 0.0, 1.0],
                [1.0, -0.000268, -0.000148, -0.0, 0.000295, 0.970946, 0.239294, 0.375166, 7.9e-05, -0.2393, 0.970948, 0.0, 0.0, 0.0, 0.0, 1.0]
            ]
        },
        {
            "name": "Knee_R",
            "time": [0.0, 0.0167, 0.0333, 0.05, 0.0667, 0.0833, 0.1, 0.1167, 0.1333, 0.15, 0.1667, 0.1833, 0.2, 0.2167, 0.2333, 0.25, 0.2667, 0.2833, 0.3, 0.3167, 0.3333, 0.35, 0.3667, 0.3833, 0.4, 0.4167, 0.4333, 0.45, 0.4667, 0.4833, 0.5, 0.5167, 0.5333, 0.55, 0.5667, 0.5833, 0.6, 0.6167, 0.6333, 0.65, 0.6667, 0.6833, 0.7, 0.7167, 0.7333, 0.75],
            "transform": [
                [1.0, -5.7e-05, 5.4e-05, 0.0, 5.7e-05, 0.048757, -0.998811, 0.375166, 5.4e-05, 0.998811, 0.048757, 0.0, 0.0, 0.0, 0.0, 1.0],
                [1.0, -5.7e-05, 5.4e-05, -0.0, 5.7e-05, 0.048757, -0.998811, 0.375166, 5.4e-05, 0.998811, 0.048757, -0.0, 0.0, 0.0, 0.0, 1.0],
                [1.0, -5.7e-05, 5.4e-05, 0.0, 5.7e-05, 0.048757, -0.998811, 0.375166, 5.4e-05, 0.998811, 0.048757, -0.0, 0.0, 0.0, 0.0, 1.0],
                [1.0, -5.7e-05, 5.4e-05, -0.0, 5.7e-05, 0.048757, -0.998811, 0.375166, 5.4e-05, 0.998811, 0.048757, -0.0, 0.0, 0.0, 0.0, 1.0],
                [1.0, -5.7e-05, 5.4e-05, 0.0, 5.7e-05, 0.048757, -0.998811, 0.375166, 5.4e-05, 0.998811, 0.048757, 0.0, 0.0, 0.0, 0.0, 1.0],
                [1.0, -5.7e-05, 5.4e-05, 0.0, 5.7e-05, 0.048757, -0.998811, 0.375166, 5.4e-05, 0.998811, 0.048757, -0.0, 0.0, 0.0, 0.0, 1.0],
                [1.0, -5.7e-05, 5.4e-05, 0.0, 5.7e-05, 0.048757, -0.998811, 0.375166, 5.4e-05, 0.998811, 0.048757, 0.0, 0.0, 0.0, 0.0, 1.0],
                [1.0, -5.7e-05, 5.4e-05, 0.0, 5.7e-05, 0.048757, -0.998811, 0.375166, 5.4e-05, 0.998811, 0.048757, 0.0, 0.0, 0.0, 0.0, 1.0],
                [1.0, -5.7e-05, 5.4e-05, 0.0, 5.7e-05, 0.048757, -0.998811, 0.375166, 5.4e-05, 0.998811, 0.048757, 0.0, 0.0, 0.0, 0.0, 1.0],
                [1.0, -5.7e-05, 5.4e-05, 0.0, 5.7e-05, 0.048757, -0.998811, 0.375166, 5.4e-05, 0.998811, 0.048757, 0.0, 0.0, 0.0, 0.0, 1.0],
                [1.0, -5.7e-05, 5.4e-05, -0.0, 5.7e-05, 0.048757, -0.998811, 0.375166, 5.4e-05, 0.998811, 0.048757, -0.0, 0.0, 0.0, 0.0, 1.0],
                [1.0, -5.7e-05, 5.4e-05, -0.0, 5.7e-05, 0.048757, -0.998811, 0.375166, 5.4e-05, 0.998811, 0.048757, -0.0, 0.0, 0.0, 0.0, 1.0],
                [1.0, -5.7e-05, 5.4e-05, 0.0, 5.7e-05, 0.048757, -0.998811, 0.375166, 5.4e-05, 0.998811, 0.048757, 0.0, 0.0, 0.0, 0.0, 1.0],
                [1.0, -5.7e-05, 5.4e-05, -0.0, 5.7e-05, 0.048757, -0.998811, 0.375166, 5.4e-05, 0.998811, 0.048757, -0.0, 0.0, 0.0, 0.0, 1.0],
                [1.0, -5.7e-05, 5.4e-05, 0.0, 5.7e-05, 0.048757, -0.998811, 0.375166, 5.4e-05, 0.998811, 0.048757, 0.0, 0.0, 0.0, 0.0, 1.0],
                [1.0, -5.7e-05, 5.4e-05, -0.0, 5.7e-05, 0.048757, -0.998811, 0.375166, 5.4e-05, 0.998811, 0.048757, 0.0, 0.0, 0.0, 0.0, 1.0],
                [1.0, -5.7e-05, 5.4e-05, 0.0, 5.7e-05, 0.048757, -0.998811, 0.375166, 5.4e-05, 0.998811, 0.048757, -0.0, 0.0, 0.0, 0.0, 1.0],
                [1.0, -5.7e-05, 5.4e-05, -0.0, 5.7e-05, 0.048757, -0.998811, 0.375166, 5.4e-05, 0.998811, 0.048757, 0.0, 0.0, 0.0, 0.0, 1.0],
                [1.0, -5.7e-05, 5.4e-05, 0.0, 5.7e-05, 0.048757, -0.998811, 0.375166, 5.4e-05, 0.998811, 0.048757, 0.0, 0.0, 0.0, 0.0, 1.0],
                [1.0, -5.7e-05, 5.4e-05, 0.0, 5.7e-05, 0.048757, -0.998811, 0.375166, 5.4e-05, 0.998811, 0.048757, 0.0, 0.0, 0.0, 0.0, 1.0],
                [1.0, -5.7e-05, 5.4e-05, 0.0, 5.7e-05, 0.048757, -0.998811, 0.375166, 5.4e-05, 0.998811, 0.048757, -0.0, 0.0, 0.0, 0.0, 1.0],
                [1.0, -5.7e-05, 5.4e-05, -0.0, 5.7e-05, 0.048757, -0.998811, 0.375166, 5.4e-05, 0.998811, 0.048757, -0.0, 0.0, 0.0, 0.0, 1.0],
                [1.0, -5.7e-05, 5.4e-05, 0.0, 5.7e-05, 0.048757, -0.998811, 0.375166, 5.4e-05, 0.998811, 0.048757, 0.0, 0.0, 0.0, 0.0, 1.0],
                [1.0, -5.7e-05, 5.4e-05, 0.0, 5.7e-05, 0.048757, -0.998811, 0.375166, 5.4e-05, 0.998811, 0.048757, 0.0, 0.0, 0.0, 0.0, 1.0],
                [1.0, -5.7e-05, 5.4e-05, -0.0, 5.7e-05, 0.048757, -0.998811, 0.375166, 5.4e-05, 0.998811, 0.048757, 0.0, 0.0, 0.0, 0.0, 1.0],
                [1.0, -5.7e-05, 5.4e-05, 0.0, 5.7e-05, 0.048757, -0.998811, 0.375166, 5.4e-05, 0.998811, 0.048757, -0.0, 0.0, 0.0, 0.0, 1.0],
                [1.0, -5.7e-05, 5.4e-05, 0.0, 5.7e-05, 0.048757, -0.998811, 0.375166, 5.4e-05, 0.998811, 0.048757, -0.0, 0.0, 0.0, 0.0, 1.0],
                [1.0, -5.7e-05, 5.4e-05, -0.0, 5.7e-05, 0.048757, -0.998811, 0.375166, 5.4e-05, 0.998811, 0.048757, -0.0, 0.0, 0.0, 0.0, 1.0],
                [1.0, -5.7e-05, 5.4e-05, 0.0, 5.7e-05, 0.048757, -0.998811, 0.375166, 5.4e-05, 0.998811, 0.048757, -0.0, 0.0, 0.0, 0.0, 1.0],
                [1.0, -5.7e-05, 5.4e-05, 0.0, 5.7e-05, 0.048757, -0.998811, 0.375166, 5.4e-05, 0.998811, 0.048757, -0.0, 0.0, 0.0, 0.0, 1.0],
                [1.0, -5.7e-05, 5.4e-05, 0.0, 5.7e-05, 0.048757, -0.998811, 0.375166, 5.4e-05, 0.998811, 0.048757, 0.0, 0.0, 0.0, 0.0, 1.0],
                [1.0, -5.7e-05, 5.4e-05, 0.0, 5.7e-05, 0.048757, -0.998811, 0.375166, 5.4e-05, 0.998811, 0.048757, 0.0, 0.0, 0.0, 0.0, 1.0],
                [1.0, -5.7e-05, 5.4e-05, -0.0, 5.7e-05, 0.048757, -0.998811, 0.375166, 5.4e-05, 0.998811, 0.048757, 0.0, 0.0, 0.0, 0.0, 1.0],
                [1.0, -5.7e-05, 5.4e-05, 0.0, 5.7e-05, 0.048757, -0.998811, 0.375166, 5.4e-05, 0.998811, 0.048757, -0.0, 0.0, 0.0, 0.0, 1.0],
                [1.0, -5.7e-05, 5.4e-05, -0.0, 5.7e-05, 0.048757, -0.998811, 0.375166, 5.4e-05, 0.998811, 0.048757, 0.0, 0.0, 0.0, 0.0, 1.0],
                [1.0, -5.7e-05, 5.4e-05, 0.0, 5.7e-05, 0.048757, -0.998811, 0.375166, 5.4e-05, 0.998811, 0.048757, 0.0, 0.0, 0.0, 0.0, 1.0],
                [1.0, -5.7e-05, 5.4e-05, 0.0, 5.7e-05, 0.048757, -0.998811, 0.375166, 5.4e-05, 0.998811, 0.048757, 0.0, 0.0, 0.0, 0.0, 1.0],
                [1.0, -5.7e-05, 5.4e-05, -0.0, 5.7e-05, 0.048757, -0.998811, 0.375166, 5.4e-05, 0.998811, 0.048757, -0.0, 0.0, 0.0, 0.0, 1.0],
                [1.0, -5.7e-05, 5.4e-05, 0.0, 5.7e-05, 0.048757, -0.998811, 0.375166, 5.4e-05, 0.998811, 0.048757, -0.0, 0.0, 0.0, 0.0, 1.0],
                [1.0, -5.7e-05, 5.4e-05, 0.0, 5.7e-05, 0.048757, -0.998811, 0.375166, 5.4e-05, 0.998811, 0.048757, 0.0, 0.0, 0.0, 0.0, 1.0],
                [1.0, -5.7e-05, 5.4e-05, 0.0, 5.7e-05, 0.048757, -0.998811, 0.375166, 5.4e-05, 0.998811, 0.048757, 0.0, 0.0, 0.0, 0.0, 1.0],
                [1.0, -5.7e-05, 5.4e-05, -0.0, 5.7e-05, 0.048757, -0.998811, 0.375166, 5.4e-05, 0.998811, 0.048757, 0.0, 0.0, 0.0, 0.0, 1.0],
                [1.0, -5.7e-05, 5.4e-05, 0.0, 5.7e-05, 0.048757, -0.998811, 0.375166, 5.4e-05, 0.998811, 0.048757, -0.0, 0.0, 0.0, 0.0, 1.0],
                [1.0, -5.7e-05, 5.4e-05, 0.0, 5.7e-05, 0.048757, -0.998811, 0.375166, 5.4e-05, 0.998811, 0.048757, 0.0, 0.0, 0.0, 0.0, 1.0],
                [1.0, -5.7e-05, 5.4e-05, 0.0, 5.7e-05, 0.048757, -0.998811, 0.375166, 5.4e-05, 0.998811, 0.048757, -0.0, 0.0, 0.0, 0.0, 1.0],
                [1.0, -5.7e-05, 5.4e-05, -0.0, 5.7e-05, 0.048757, -0.998811, 0.375166, 5.4e-05, 0.998811, 0.048757, 0.0, 0.0, 0.0, 0.0, 1.0],
                [1.0, -5.7e-05, 5.4e-05, -0.0, 5.7e-05, 0.048757, -0.998811, 0.375166, 5.4e-05, 0.998811, 0.048757, 0.0, 0.0, 0.0, 0.0, 1.0]
            ]
        },
        {
            "name": "Thigh_L",
            "time": [0.0, 0.0167, 0.0333, 0.05, 0.0667, 0.0833, 0.1, 0.1167, 0.1333, 0.15, 0.1667, 0.1833, 0.2, 0.2167, 0.2333, 0.25, 0.2667, 0.2833, 0.3, 0.3167, 0.3333, 0.35, 0.3667, 0.3833, 0.4, 0.4167, 0.4333, 0.45, 0.4667, 0.4833, 0.5, 0.5167, 0.5333, 0.55, 0.5667, 0.5833, 0.6, 0.6167, 0.6333, 0.65, 0.6667, 0.6833, 0.7, 0.7167, 0.7333, 0.75],
            "transform": [
                [0.958733, -0.063711, -0.277066, -0.125006, 0.040085, -0.934543, 0.353577, -0.002831, -0.281469, -0.350099, -0.893379, -1.2e-05, 0.0, 0.0, 0.0, 1.0],
                [0.967376, -0.122055, -0.221994, -0.125006, 0.027347, -0.820864, 0.570457, -0.002831, -0.251865, -0.55792, -0.790705, -1.2e-05, 0.0, 0.0, 0.0, 1.0],
                [0.987458, -0.126782, -0.094081, -0.125006, -0.010657, -0.648101, 0.761466, -0.002831, -0.157521, -0.75091, -0.641288, -1.2e-05, 0.0, 0.0, 0.0, 1.0],
                [0.998745, -0.03851, 0.032015, -0.125006, -0.048814, -0.605714, 0.79417, -0.002831, -0.011192, -0.79473, -0.6068, -1.2e-05, 0.0, 0.0, 0.0, 1.0],
                [0.988648, 0.052185, 0.140891, -0.125006, -0.060286, -0.721168, 0.690121, -0.002831, 0.137626, -0.690773, -0.709799, -1.2e-05, 0.0, 0.0, 0.0, 1.0],
                [0.969997, 0.060498, 0.23546, -0.125006, -0.05179, -0.894889, 0.443268, -0.002831, 0.237538, -0.442156, -0.864865, -1.2e-05, 0.0, 0.0, 0.0, 1.0],
                [0.961389, 0.02538, 0.274008, -0.125006, -0.047005, -0.965959, 0.254387, -0.002831, 0.271149, -0.257441, -0.927425, -1.2e-05, 0.0, 0.0, 0.0, 1.0],
                [0.961389, 0.02538, 0.274008, -0.125006, -0.047005, -0.965959, 0.254387, -0.002831, 0.271149, -0.257441, -0.927425, -1.2e-05, 0.0, 0.0, 0.0, 1.0],
                [0.961389, 0.02538, 0.274008, -0.125006, -0.047005, -0.965959, 0.254387, -0.002831, 0.271149, -0.257441, -0.927425, -1.2e-05, 0.0, 0.0, 0.0, 1.0],
                [0.961389, 0.02538, 0.274008, -0.125006, -0.047005, -0.965959, 0.254387, -0.002831, 0.271149, -0.257441, -0.927425, -1.2e-05, 0.0, 0.0, 0.0, 1.0],
                [0.961389, 0.02538, 0.274008, -0.125006, -0.047005, -0.965958, 0.254388, -0.002831, 0.271149, -0.257441, -0.927425, -1.2e-05, 0.0, 0.0, 0.0, 1.0],
                [0.961389, 0.02538, 0.274008, -0.125006, -0.047005, -0.965958, 0.254388, -0.002831, 0.271149, -0.257441, -0.927425, -1.2e-05, 0.0, 0.0, 0.0, 1.0],
                [0.961389, 0.02538, 0.274008, -0.125006, -0.047005, -0.965958, 0.254388, -0.002831, 0.271149, -0.257441, -0.927425, -1.2e-05, 0.0, 0.0, 0.0, 1.0],
                [0.961389, 0.02538, 0.274008, -0.125006, -0.047005, -0.965958, 0.254388, -0.002831, 0.271149, -0.257441, -0.927425, -1.2e-05, 0.0, 0.0, 0.0, 1.0],
                [0.961389, 0.02538, 0.274008, -0.125006, -0.047005, -0.965958, 0.254387, -0.002831, 0.271149, -0.257441, -0.927425, -1.2e-05, 0.0, 0.0, 0.0, 1.0],
                [0.961389, 0.02538, 0.274008, -0.125006, -0.047005, -0.965958, 0.254388, -0.002831, 0.271149, -0.257441, -0.927425, -1.2e-05, 0.0, 0.0, 0.0, 1.0],
                [0.961389, 0.02538, 0.274008, -0.125006, -0.047005, -0.965958, 0.254388, -0.002831, 0.271149, -0.257441, -0.927425, -1.2e-05, 0.0, 0.0, 0.0, 1.0],
                [0.961389, 0.02538, 0.274008, -0.125006, -0.047005, -0.965958, 0.254387, -0.002831, 0.271149, -0.257441, -0.927425, -1.2e-05, 0.0, 0.0, 0.0, 1.0],
                [0.961389, 0.02538, 0.274008, -0.125006, -0.047005, -0.965958, 0.254388, -0.002831, 0.271149, -0.257441, -0.927425, -1.2e-05, 0.0, 0.0, 0.0, 1.0],
                [0.961389, 0.02538, 0.274008, -0.125006, -0.047005, -0.965959, 0.254387, -0.002831, 0.271149, -0.257441, -0.927425, -1.2e-05, 0.0, 0.0, 0.0, 1.0],
                [0.961389, 0.02538, 0.274008, -0.125006, -0.047005, -0.965958, 0.254388, -0.002831, 0.271149, -0.257441, -0.927425, -1.2e-05, 0.0, 0.0, 0.0, 1.0],
                [0.961389, 0.02538, 0.274008, -0.125006, -0.047005, -0.965959, 0.254387, -0.002831, 0.271149, -0.257441, -0.927425, -1.2e-05, 0.0, 0.0, 0.0, 1.0],
                [0.961389, 0.02538, 0.274008, -0.125006, -0.047005, -0.965959, 0.254387, -0.002831, 0.271149, -0.257441, -0.927425, -1.2e-05, 0.0, 0.0, 0.0, 1.0],
                [0.961389, 0.02538, 0.274008, -0.125006, -0.047005, -0.965958, 0.254388, -0.002831, 0.271149, -0.257441, -0.927425, -1.2e-05, 0.0, 0.0, 0.0, 1.0],
                [0.961389, 0.02538, 0.274008, -0.125006, -0.047005, -0.965959, 0.254387, -0.002831, 0.271149, -0.257441, -0.927425, -1.2e-05, 0.0, 0.0, 0.0, 1.0],
                [0.961389, 0.02538, 0.274008, -0.125006, -0.047005, -0.965959, 0.254387, -0.002831, 0.271149, -0.257441, -0.927425, -1.2e-05, 0.0, 0.0, 0.0, 1.0],
                [0.961389, 0.02538, 0.274008, -0.125006, -0.047005, -0.965958, 0.254388, -0.002831, 0.271149, -0.257442, -0.927425, -1.2e-05, 0.0, 0.0, 0.0, 1.0],
                [0.961389, 0.02538, 0.274008, -0.125006, -0.047005, -0.965958, 0.254388, -0.002831, 0.271149, -0.257442, -0.927425, -1.2e-05, 0.0, 0.0, 0.0, 1.0],
                [0.961389, 0.02538, 0.274008, -0.125006, -0.047005, -0.965959, 0.254387, -0.002831, 0.271149, -0.257441, -0.927425, -1.2e-05, 0.0, 0.0, 0.0, 1.0],
                [0.961389, 0.02538, 0.274008, -0.125006, -0.047005, -0.965958, 0.254388, -0.002831, 0.271149, -0.257442, -0.927425, -1.2e-05, 0.0, 0.0, 0.0, 1.0],
                [0.961389, 0.02538, 0.274008, -0.125006, -0.047005, -0.965958, 0.254388, -0.002831, 0.271149, -0.257441, -0.927425, -1.2e-05, 0.0, 0.0, 0.0, 1.0],
                [0.961389, 0.02538, 0.274008, -0.125006, -0.047005, -0.965959, 0.254387, -0.002831, 0.271149, -0.257441, -0.927425, -1.2e-05, 0.0, 0.0, 0.0, 1.0],
                [0.961389, 0.02538, 0.274008, -0.125006, -0.047005, -0.965958, 0.254388, -0.002831, 0.271149, -0.257441, -0.927424, -1.2e-05, 0.0, 0.0, 0.0, 1.0],
                [0.961389, 0.02538, 0.274008, -0.125006, -0.047005, -0.965958, 0.254387, -0.002831, 0.271149, -0.257441, -0.927425, -1.2e-05, 0.0, 0.0, 0.0, 1.0],
                [0.961389, 0.02538, 0.274008, -0.125006, -0.047005, -0.965958, 0.254388, -0.002831, 0.271149, -0.257441, -0.927425, -1.2e-05, 0.0, 0.0, 0.0, 1.0],
                [0.961389, 0.02538, 0.274008, -0.125006, -0.047005, -0.965958, 0.254387, -0.002831, 0.271149, -0.257441, -0.927425, -1.2e-05, 0.0, 0.0, 0.0, 1.0],
                [0.964818, 0.022695, 0.261924, -0.125006, -0.04766, -0.964663, 0.259138, -0.002831, 0.258561, -0.262501, -0.929599, -1.2e-05, 0.0, 0.0, 0.0, 1.0],
                [0.974215, 0.014431, 0.225147, -0.125006, -0.048873, -0.960759, 0.273043, -0.002831, 0.220262, -0.277003, -0.935236, -1.2e-05, 0.0, 0.0, 0.0, 1.0],
                [0.98641, 0.000645, 0.164293, -0.125006, -0.048384, -0.954507, 0.294234, -0.002831, 0.157016, -0.298182, -0.941459, -1.2e-05, 0.0, 0.0, 0.0, 1.0],
                [0.996355, -0.01729, 0.083529, -0.125006, -0.043156, -0.946849, 0.318765, -0.002831, 0.073582, -0.321207, -0.944098, -1.2e-05, 0.0, 0.0, 0.0, 1.0],
                [0.999315, -0.036096, -0.008097, -0.125006, -0.031172, -0.939509, 0.341096, -0.002831, -0.01992, -0.340611, -0.939946, -1.2e-05, 0.0, 0.0, 0.0, 1.0],
                [0.99383, -0.051568, -0.09819, -0.125006, -0.013288, -0.934322, 0.356174, -0.002831, -0.110114, -0.352675, -0.929197, -1.2e-05, 0.0, 0.0, 0.0, 1.0],
                [0.982638, -0.060896, -0.175247, -0.125006, 0.006773, -0.932197, 0.361879, -0.002831, -0.185411, -0.356788, -0.915555, -1.2e-05, 0.0, 0.0, 0.0, 1.0],
                [0.970574, -0.064251, -0.232062, -0.125006, 0.024398, -0.932548, 0.360211, -0.002831, -0.239564, -0.355279, -0.903495, -1.2e-05, 0.0, 0.0, 0.0, 1.0],
                [0.961837, -0.064175, -0.265979, -0.125006, 0.036078, -0.933875, 0.355764, -0.002831, -0.271235, -0.35179, -0.895877, -1.2e-05, 0.0, 0.0, 0.0, 1.0],
                [0.958733, -0.063711, -0.277066, -0.125006, 0.040085, -0.934543, 0.353577, -0.002831, -0.281469, -0.350099, -0.893379, -1.2e-05, 0.0, 0.0, 0.0, 1.0],
                [0.958733, -0.063711, -0.277066, -0.125006, 0.040085, -0.934543, 0.353577, -0.002831, -0.281469, -0.350099, -0.893379, -1.2e-05, 0.0, 0.0, 0.0, 1.0]
            ]
        },
        {
            "name": "Leg_L",
            "time": [0.0, 0.0167, 0.0333, 0.05, 0.0667, 0.0833, 0.1, 0.1167, 0.1333, 0.15, 0.1667, 0.1833, 0.2, 0.2167, 0.2333, 0.25, 0.2667, 0.2833, 0.3, 0.3167, 0.3333, 0.35, 0.3667, 0.3833, 0.4, 0.4167, 0.4333, 0.45, 0.4667, 0.4833, 0.5, 0.5167, 0.5333, 0.55, 0.5667, 0.5833, 0.6, 0.6167, 0.6333, 0.65, 0.6667, 0.6833, 0.7, 0.7167, 0.7333, 0.75],
            "transform": [
                [1.0, 1e-06, 1e-06, 0.0, -1e-06, 0.954598, 0.297887, 0.375166, -1e-06, -0.2979, 0.954601, -0.0, 0.0, 0.0, 0.0, 1.0],
                [1.0, 2e-06, 1e-06, 0.0, -2e-06, 0.694042, 0.719912, 0.375166, 0.0, -0.719954, 0.694056, -0.0, 0.0, 0.0, 0.0, 1.0],
                [1.0, 2e-06, 3e-06, -0.0, -3e-06, 0.195682, 0.980649, 0.375166, 2e-06, -0.980691, 0.195694, 0.0, 0.0, 0.0, 0.0, 1.0],
                [1.0, 2e-06, 3e-06, 0.0, -3e-06, -0.0145, 0.999877, 0.375166, 2e-06, -0.999915, -0.01449, -0.0, 0.0, 0.0, 0.0, 1.0],
                [1.0, 2e-06, 3e-06, 0.0, -3e-06, 0.16651, 0.986022, 0.375166, 2e-06, -0.986063, 0.166521, 0.0, 0.0, 0.0, 0.0, 1.0],
                [1.0, 2e-06, 2e-06, -0.0, -2e-06, 0.627113, 0.778906, 0.375166, 0.0, -0.77895, 0.627128, -0.0, 0.0, 0.0, 0.0, 1.0],
                [1.0, 1e-06, 1e-06, 0.0, -2e-06, 0.870556, 0.492051, 0.375166, -0.0, -0.49208, 0.870564, 0.0, 0.0, 0.0, 0.0, 1.0],
                [1.0, 1e-06, 1e-06, 0.0, -2e-06, 0.870556, 0.492051, 0.375166, -0.0, -0.49208, 0.870564, 0.0, 0.0, 0.0, 0.0, 1.0],
                [1.0, 1e-06, 1e-06, 0.0, -2e-06, 0.870556, 0.492051, 0.375166, -0.0, -0.49208, 0.870564, 0.0, 0.0, 0.0, 0.0, 1.0],
                [1.0, 1e-06, 1e-06, 0.0, -2e-06, 0.870556, 0.492051, 0.375166, -0.0, -0.49208, 0.870564, 0.0, 0.0, 0.0, 0.0, 1.0],
                [1.0, 1e-06, 1e-06, 0.0, -2e-06, 0.870555, 0.492051, 0.375166, -0.0, -0.492081, 0.870564, -0.0, 0.0, 0.0, 0.0, 1.0],
                [1.0, 1e-06, 1e-06, -0.0, -2e-06, 0.870555, 0.492052, 0.375166, -0.0, -0.492081, 0.870564, -0.0, 0.0, 0.0, 0.0, 1.0],
                [1.0, 1e-06, 1e-06, -0.0, -2e-06, 0.870555, 0.492052, 0.375166, -0.0, -0.492081, 0.870563, 0.0, 0.0, 0.0, 0.0, 1.0],
                [1.0, 1e-06, 1e-06, -0.0, -2e-06, 0.870555, 0.492052, 0.375166, -0.0, -0.492081, 0.870563, -0.0, 0.0, 0.0, 0.0, 1.0],
                [1.0, 1e-06, 1e-06, 0.0, -2e-06, 0.870556, 0.492051, 0.375166, -0.0, -0.492081, 0.870564, 0.0, 0.0, 0.0, 0.0, 1.0],
