{
    "animation": [
        {
            "name": "Root",
            "time": [0.0, 0.0167, 0.0333, 0.05, 0.0667, 0.0833, 0.1, 0.1167, 0.1333, 0.15, 0.1667, 0.1833, 0.2, 0.2167, 0.2333, 0.25, 0.2667, 0.2833, 0.3, 0.3167, 0.3333, 0.35, 0.3667, 0.3833, 0.4, 0.4167, 0.4333, 0.45, 0.4667, 0.4833, 0.5, 0.5167, 0.5333, 0.55, 0.5667, 0.5833, 0.6, 0.6167, 0.6333, 0.65, 0.6667, 0.6833, 0.7, 0.7167, 0.7333, 0.75, 0.7667, 0.7833, 0.8, 0.8167, 0.8333, 0.85, 0.8667, 0.8833, 0.9, 0.9167, 0.9333, 0.95, 0.9667, 0.9833, 1.0, 1.0167, 1.0333, 1.05, 1.0667, 1.0833, 1.1, 1.1167, 1.1333, 1.15, 1.1667, 1.1833, 1.2, 1.2167, 1.2333, 1.25, 1.2667, 1.2833, 1.3, 1.3167, 1.3333, 1.35, 1.3667, 1.3833, 1.4],
            "transform": [
                [0.900842, 0.0, -0.434148, -5e-06, -0.434148, 0.0, -0.900842, 0.000946, 0.0, 1.0, 0.0, 0.739346, 0.0, 0.0, 0.0, 1.0],
                [0.894552, 0.0, -0.446964, -5e-06, -0.446964, 0.0, -0.894552, 0.000946, 0.0, 1.0, 0.0, 0.738199, 0.0, 0.0, 0.0, 1.0],
                [0.874183, 0.0, -0.485597, -5e-06, -0.485597, 0.0, -0.874183, 0.000946, 0.0, 1.0, 0.0, 0.734734, 0.0, 0.0, 0.0, 1.0],
                [0.835689, 0.0, -0.549203, -5e-06, -0.549203, 0.0, -0.835689, 0.000946, 0.0, 1.0, 0.0, 0.728967, 0.0, 0.0, 0.0, 1.0],
                [0.773056, 0.0, -0.634337, -5e-06, -0.634337, 0.0, -0.773056, 0.000946, 0.0, 1.0, 0.0, 0.721019, 0.0, 0.0, 0.0, 1.0],
                [0.679844, 0.0, -0.733357, -5e-06, -0.733357, 0.0, -0.679844, 0.000946, 0.0, 1.0, 0.0, 0.711141, 0.0, 0.0, 0.0, 1.0],
                [0.552345, 0.0, -0.833616, -5e-06, -0.833616, 0.0, -0.552345, 0.000946, 0.0, 1.0, 0.0, 0.699733, 0.0, 0.0, 0.0, 1.0],
                [0.393634, 0.0, -0.919267, -5e-06, -0.919267, 0.0, -0.393634, 0.000946, 0.0, 1.0, 0.0, 0.687335, 0.0, 0.0, 0.0, 1.0],
                [0.215718, 0.0, -0.976456, -5e-06, -0.976456, 0.0, -0.215718, 0.000946, 0.0, 1.0, 0.0, 0.674594, 0.0, 0.0, 0.0, 1.0],
                [0.036826, 0.0, -0.999322, -5e-06, -0.999322, 0.0, -0.036826, 0.000946, 0.0, 1.0, 0.0, 0.662196, 0.0, 0.0, 0.0, 1.0],
                [-0.125211, 0.0, -0.99213, -5e-06, -0.99213, 0.0, 0.125211, 0.000946, 0.0, 1.0, 0.0, 0.650787, 0.0, 0.0, 0.0, 1.0],
                [-0.258662, 0.0, -0.965968, -5e-06, -0.965968, 0.0, 0.258662, 0.000946, 0.0, 1.0, 0.0, 0.640909, 0.0, 0.0, 0.0, 1.0],
                [-0.359169, 0.0, -0.933272, -5e-06, -0.933272, 0.0, 0.359169, 0.000946, 0.0, 1.0, 0.0, 0.632962, 0.0, 0.0, 0.0, 1.0],
                [-0.427515, 0.0, -0.904008, -5e-06, -0.904008, 0.0, 0.427515, 0.000946, 0.0, 1.0, 0.0, 0.627195, 0.0, 0.0, 0.0, 1.0],
                [-0.466579, 0.0, -0.884479, -5e-06, -0.884479, 0.0, 0.466579, 0.000946, 0.0, 1.0, 0.0, 0.623729, 0.0, 0.0, 0.0, 1.0],
                [-0.479158, 0.0, -0.877728, -5e-06, -0.877728, 0.0, 0.479158, 0.000946, 0.0, 1.0, 0.0, 0.622583, 0.0, 0.0, 0.0, 1.0],
                [-0.479158, 0.0, -0.877728, -5e-06, -0.877728, 0.0, 0.479158, 0.000946, 0.0, 1.0, 0.0, 0.622583, 0.0, 0.0, 0.0, 1.0],
                [-0.479158, 0.0, -0.877728, -5e-06, -0.877728, 0.0, 0.479158, 0.000946, 0.0, 1.0, 0.0, 0.622583, 0.0, 0.0, 0.0, 1.0],
                [-0.479158, 0.0, -0.877728, -5e-06, -0.877728, 0.0, 0.479158, 0.000946, 0.0, 1.0, 0.0, 0.622583, 0.0, 0.0, 0.0, 1.0],
                [-0.479158, 0.0, -0.877728, -5e-06, -0.877728, 0.0, 0.479158, 0.000946, 0.0, 1.0, 0.0, 0.622583, 0.0, 0.0, 0.0, 1.0],
                [-0.479158, 0.0, -0.877728, -5e-06, -0.877728, 0.0, 0.479158, 0.000946, 0.0, 1.0, 0.0, 0.622583, 0.0, 0.0, 0.0, 1.0],
                [-0.479158, 0.0, -0.877728, -5e-06, -0.877728, 0.0, 0.479158, 0.000946, 0.0, 1.0, 0.0, 0.622583, 0.0, 0.0, 0.0, 1.0],
                [-0.479158, 0.0, -0.877728, -5e-06, -0.877728, 0.0, 0.479158, 0.000946, 0.0, 1.0, 0.0, 0.622583, 0.0, 0.0, 0.0, 1.0],
                [-0.479158, 0.0, -0.877728, -5e-06, -0.877728, 0.0, 0.479158, 0.000946, 0.0, 1.0, 0.0, 0.622583, 0.0, 0.0, 0.0, 1.0],
                [-0.479158, 0.0, -0.877728, -5e-06, -0.877728, 0.0, 0.479158, 0.000946, 0.0, 1.0, 0.0, 0.622583, 0.0, 0.0, 0.0, 1.0],
                [-0.479158, 0.0, -0.877728, -5e-06, -0.877728, 0.0, 0.479158, 0.000946, 0.0, 1.0, 0.0, 0.622583, 0.0, 0.0, 0.0, 1.0],
                [-0.479158, 0.0, -0.877728, -5e-06, -0.877728, 0.0, 0.479158, 0.000946, 0.0, 1.0, 0.0, 0.622583, 0.0, 0.0, 0.0, 1.0],
                [-0.479158, 0.0, -0.877728, -5e-06, -0.877728, 0.0, 0.479158, 0.000946, 0.0, 1.0, 0.0, 0.622583, 0.0, 0.0, 0.0, 1.0],
                [-0.479158, 0.0, -0.877728, -5e-06, -0.877728, 0.0, 0.479158, 0.000946, 0.0, 1.0, 0.0, 0.622583, 0.0, 0.0, 0.0, 1.0],
                [-0.479158, 0.0, -0.877728, -5e-06, -0.877728, 0.0, 0.479158, 0.000946, 0.0, 1.0, 0.0, 0.622583, 0.0, 0.0, 0.0, 1.0],
                [-0.479158, 0.0, -0.877728, -5e-06, -0.877728, 0.0, 0.479158, 0.000946, 0.0, 1.0, 0.0, 0.622583, 0.0, 0.0, 0.0, 1.0],
                [-0.464998, 0.0, -0.885312, 0.002236, -0.885312, 0.0, 0.464998, 0.002856, 0.0, 1.0, 0.0, 0.622583, 0.0, 0.0, 0.0, 1.0],
                [-0.420752, 0.0, -0.907176, 0.009146, -0.907176, 0.0, 0.420752, 0.009077, 0.0, 1.0, 0.0, 0.622583, 0.0, 0.0, 0.0, 1.0],
                [-0.342459, 0.0, -0.939533, 0.020993, -0.939533, 0.0, 0.342459, 0.021007, 0.0, 1.0, 0.0, 0.622583, 0.0, 0.0, 0.0, 1.0],
                [-0.225645, 0.0, -0.97421, 0.037632, -0.97421, 0.0, 0.225645, 0.040929, 0.0, 1.0, 0.0, 0.622583, 0.0, 0.0, 0.0, 1.0],
                [-0.06844, 0.0, -0.997655, 0.057751, -0.997655, 0.0, 0.06844, 0.071701, 0.0, 1.0, 0.0, 0.622583, 0.0, 0.0, 0.0, 1.0],
                [0.123592, 0.0, -0.992333, 0.078096, -0.992333, 0.0, -0.123592, 0.115686, 0.0, 1.0, 0.0, 0.622583, 0.0, 0.0, 0.0, 1.0],
                [0.333523, 0.0, -0.942742, 0.093588, -0.942742, 0.0, -0.333523, 0.172875, 0.0, 1.0, 0.0, 0.622583, 0.0, 0.0, 0.0, 1.0],
                [0.535291, 0.0, -0.844667, 0.099181, -0.844667, 0.0, -0.535291, 0.23934, 0.0, 1.0, 0.0, 0.622583, 0.0, 0.0, 0.0, 1.0],
                [0.703977, 0.0, -0.710222, 0.092694, -0.710222, 0.0, -0.703977, 0.307862, 0.0, 1.0, 0.0, 0.622583, 0.0, 0.0, 0.0, 1.0],
                [0.826794, 0.0, -0.562505, 0.076154, -0.562505, 0.0, -0.826794, 0.370865, 0.0, 1.0, 0.0, 0.622583, 0.0, 0.0, 0.0, 1.0],
                [0.905474, 0.0, -0.424401, 0.054427, -0.424401, 0.0, -0.905474, 0.423214, 0.0, 1.0, 0.0, 0.622583, 0.0, 0.0, 0.0, 1.0],
                [0.95037, 0.0, -0.311121, 0.032741, -0.311121, 0.0, -0.95037, 0.462898, 0.0, 1.0, 0.0, 0.622583, 0.0, 0.0, 0.0, 1.0],
                [0.973293, 0.0, -0.229565, 0.015081, -0.229565, 0.0, -0.973293, 0.490042, 0.0, 1.0, 0.0, 0.622583, 0.0, 0.0, 0.0, 1.0],
                [0.983434, 0.0, -0.181266, 0.003817, -0.181266, 0.0, -0.983434, 0.505634, 0.0, 1.0, 0.0, 0.622583, 0.0, 0.0, 0.0, 1.0],
                [0.986219, 0.0, -0.165446, -5e-06, -0.165446, 0.0, -0.986219, 0.51067, 0.0, 1.0, 0.0, 0.622583, 0.0, 0.0, 0.0, 1.0],
                [0.986219, 0.0, -0.165446, -5e-06, -0.165446, 0.0, -0.986219, 0.51067, 0.0, 1.0, 0.0, 0.622583, 0.0, 0.0, 0.0, 1.0],
                [0.986219, 0.0, -0.165446, -5e-06, -0.165446, 0.0, -0.986219, 0.51067, 0.0, 1.0, 0.0, 0.622583, 0.0, 0.0, 0.0, 1.0],
                [0.986219, 0.0, -0.165446, -5e-06, -0.165446, 0.0, -0.986219, 0.51067, 0.0, 1.0, 0.0, 0.622583, 0.0, 0.0, 0.0, 1.0],
                [0.986219, 0.0, -0.165446, -5e-06, -0.165446, 0.0, -0.986219, 0.51067, 0.0, 1.0, 0.0, 0.622583, 0.0, 0.0, 0.0, 1.0],
                [0.986219, 0.0, -0.165446, -5e-06, -0.165446, 0.0, -0.986219, 0.51067, 0.0, 1.0, 0.0, 0.622583, 0.0, 0.0, 0.0, 1.0],
                [0.986219, 0.0, -0.165446, -5e-06, -0.165446, 0.0, -0.986219, 0.51067, 0.0, 1.0, 0.0, 0.622583, 0.0, 0.0, 0.0, 1.0],
                [0.986219, 0.0, -0.165446, -5e-06, -0.165446, 0.0, -0.986219, 0.51067, 0.0, 1.0, 0.0, 0.622583, 0.0, 0.0, 0.0, 1.0],
                [0.986219, 0.0, -0.165446, -5e-06, -0.165446, 0.0, -0.986219, 0.51067, 0.0, 1.0, 0.0, 0.622583, 0.0, 0.0, 0.0, 1.0],
                [0.986219, 0.0, -0.165446, -5e-06, -0.165446, 0.0, -0.986219, 0.51067, 0.0, 1.0, 0.0, 0.622583, 0.0, 0.0, 0.0, 1.0],
                [0.986219, 0.0, -0.165446, -5e-06, -0.165446, 0.0, -0.986219, 0.51067, 0.0, 1.0, 0.0, 0.622583, 0.0, 0.0, 0.0, 1.0],
                [0.986219, 0.0, -0.165446, -5e-06, -0.165446, 0.0, -0.986219, 0.51067, 0.0, 1.0, 0.0, 0.622583, 0.0, 0.0, 0.0, 1.0],
                [0.986219, 0.0, -0.165446, -5e-06, -0.165446, 0.0, -0.986219, 0.51067, 0.0, 1.0, 0.0, 0.622583, 0.0, 0.0, 0.0, 1.0],
                [0.986078, 0.0, -0.166285, 0.000199, -0.166285, 0.0, -0.986078, 0.509131, 0.0, 1.0, 0.0, 0.622935, 0.0, 0.0, 0.0, 1.0],
                [0.985647, 0.0, -0.168819, 0.000807, -0.168819, 0.0, -0.985647, 0.504484, 0.0, 1.0, 0.0, 0.623999, 0.0, 0.0, 0.0, 1.0],
                [0.984911, 0.0, -0.17306, 0.001801, -0.17306, 0.0, -0.984911, 0.496699, 0.0, 1.0, 0.0, 0.625781, 0.0, 0.0, 0.0, 1.0],
                [0.983849, 0.0, -0.179003, 0.003141, -0.179003, 0.0, -0.983849, 0.485777, 0.0, 1.0, 0.0, 0.62828, 0.0, 0.0, 0.0, 1.0],
                [0.982432, 0.0, -0.186622, 0.004769, -0.186622, 0.0, -0.982432, 0.471753, 0.0, 1.0, 0.0, 0.631486, 0.0, 0.0, 0.0, 1.0],
                [0.980631, 0.0, -0.195863, 0.00661, -0.195863, 0.0, -0.980631, 0.45471, 0.0, 1.0, 0.0, 0.635378, 0.0, 0.0, 0.0, 1.0],
                [0.978417, 0.0, -0.206642, 0.008571, -0.206642, 0.0, -0.978417, 0.434782, 0.0, 1.0, 0.0, 0.639925, 0.0, 0.0, 0.0, 1.0],
                [0.97576, 0.0, -0.218842, 0.010545, -0.218842, 0.0, -0.97576, 0.412165, 0.0, 1.0, 0.0, 0.645081, 0.0, 0.0, 0.0, 1.0],
                [0.972642, 0.0, -0.23231, 0.01242, -0.23231, 0.0, -0.972642, 0.38712, 0.0, 1.0, 0.0, 0.650787, 0.0, 0.0, 0.0, 1.0],
                [0.969052, 0.0, -0.246856, 0.014085, -0.246856, 0.0, -0.969052, 0.359975, 0.0, 1.0, 0.0, 0.656968, 0.0, 0.0, 0.0, 1.0],
                [0.964997, 0.0, -0.262259, 0.015436, -0.262259, 0.0, -0.964997, 0.331125, 0.0, 1.0, 0.0, 0.663536, 0.0, 0.0, 0.0, 1.0],
                [0.960503, 0.0, -0.278268, 0.016386, -0.278268, 0.0, -0.960503, 0.301021, 0.0, 1.0, 0.0, 0.67039, 0.0, 0.0, 0.0, 1.0],
                [0.955617, 0.0, -0.294612, 0.016872, -0.294612, 0.0, -0.955617, 0.270159, 0.0, 1.0, 0.0, 0.67742, 0.0, 0.0, 0.0, 1.0],
                [0.950408, 0.0, -0.311008, 0.016861, -0.311008, 0.0, -0.950408, 0.239066, 0.0, 1.0, 0.0, 0.684509, 0.0, 0.0, 0.0, 1.0],
                [0.944964, 0.0, -0.327174, 0.016356, -0.327174, 0.0, -0.944964, 0.208275, 0.0, 1.0, 0.0, 0.691539, 0.0, 0.0, 0.0, 1.0],
                [0.939394, 0.0, -0.342841, 0.01539, -0.342841, 0.0, -0.939394, 0.178307, 0.0, 1.0, 0.0, 0.698393, 0.0, 0.0, 0.0, 1.0],
                [0.933814, 0.0, -0.357759, 0.014027, -0.357759, 0.0, -0.933814, 0.149648, 0.0, 1.0, 0.0, 0.70496, 0.0, 0.0, 0.0, 1.0],
                [0.928349, 0.0, -0.37171, 0.012356, -0.37171, 0.0, -0.928349, 0.12274, 0.0, 1.0, 0.0, 0.711141, 0.0, 0.0, 0.0, 1.0],
                [0.923122, 0.0, -0.384508, 0.01048, -0.384508, 0.0, -0.923122, 0.097961, 0.0, 1.0, 0.0, 0.716847, 0.0, 0.0, 0.0, 1.0],
                [0.918249, 0.0, -0.396004, 0.00851, -0.396004, 0.0, -0.918249, 0.075623, 0.0, 1.0, 0.0, 0.722003, 0.0, 0.0, 0.0, 1.0],
                [0.913836, 0.0, -0.406084, 0.006559, -0.406084, 0.0, -0.913836, 0.055972, 0.0, 1.0, 0.0, 0.72655, 0.0, 0.0, 0.0, 1.0],
                [0.909972, 0.0, -0.414669, 0.004729, -0.414669, 0.0, -0.909972, 0.039189, 0.0, 1.0, 0.0, 0.730443, 0.0, 0.0, 0.0, 1.0],
                [0.906731, 0.0, -0.421709, 0.003112, -0.421709, 0.0, -0.906731, 0.025396, 0.0, 1.0, 0.0, 0.733649, 0.0, 0.0, 0.0, 1.0],
                [0.904169, 0.0, -0.427176, 0.001784, -0.427176, 0.0, -0.904169, 0.014662, 0.0, 1.0, 0.0, 0.736147, 0.0, 0.0, 0.0, 1.0],
                [0.902322, 0.0, -0.431064, 0.000799, -0.431064, 0.0, -0.902322, 0.007017, 0.0, 1.0, 0.0, 0.737929, 0.0, 0.0, 0.0, 1.0],
                [0.901211, 0.0, -0.433381, 0.000197, -0.433381, 0.0, -0.901211, 0.002456, 0.0, 1.0, 0.0, 0.738993, 0.0, 0.0, 0.0, 1.0],
                [0.900842, 0.0, -0.434148, -5e-06, -0.434148, 0.0, -0.900842, 0.000946, 0.0, 1.0, 0.0, 0.739346, 0.0, 0.0, 0.0, 1.0]
            ]
        },
        {
            "name": "Thigh_R",
            "time": [0.0, 0.0167, 0.0333, 0.05, 0.0667, 0.0833, 0.1, 0.1167, 0.1333, 0.15, 0.1667, 0.1833, 0.2, 0.2167, 0.2333, 0.25, 0.2667, 0.2833, 0.3, 0.3167, 0.3333, 0.35, 0.3667, 0.3833, 0.4, 0.4167, 0.4333, 0.45, 0.4667, 0.4833, 0.5, 0.5167, 0.5333, 0.55, 0.5667, 0.5833, 0.6, 0.6167, 0.6333, 0.65, 0.6667, 0.6833, 0.7, 0.7167, 0.7333, 0.75, 0.7667, 0.7833, 0.8, 0.8167, 0.8333, 0.85, 0.8667, 0.8833, 0.9, 0.9167, 0.9333, 0.95, 0.9667, 0.9833, 1.0, 1.0167, 1.0333, 1.05, 1.0667, 1.0833, 1.1, 1.1167, 1.1333, 1.15, 1.1667, 1.1833, 1.2, 1.2167, 1.2333, 1.25, 1.2667, 1.2833, 1.3, 1.3167, 1.3333, 1.35, 1.3667, 1.3833, 1.4],
            "transform": [
                [0.990703, 0.115139, 0.072459, 0.124994, 0.119659, -0.99091, -0.06147, -0.002831, 0.064723, 0.069568, -0.99548, -1.2e-05, 0.0, 0.0, 0.0, 1.0],
                [0.990727, 0.115999, 0.070738, 0.124994, 0.119519, -0.991684, -0.047738, -0.002831, 0.064612, 0.055749, -0.996356, -1.2e-05, 0.0, 0.0, 0.0, 1.0],
                [0.9908, 0.118025, 0.066219, 0.124994, 0.119093, -0.992806, -0.012406, -0.002831, 0.064278, 0.020177, -0.997732, -1.2e-05, 0.0, 0.0, 0.0, 1.0],
                [0.990926, 0.120296, 0.059961, 0.124994, 0.118352, -0.992355, 0.034992, -0.002831, 0.063711, -0.027579, -0.997592, -1.2e-05, 0.0, 0.0, 0.0, 1.0],
                [0.991109, 0.122192, 0.052648, 0.124994, 0.117252, -0.989155, 0.088451, -0.002831, 0.062885, -0.081493, -0.994692, -1.2e-05, 0.0, 0.0, 0.0, 1.0],
                [0.99136, 0.123325, 0.044689, 0.124994, 0.115727, -0.982694, 0.144637, -0.002831, 0.061753, -0.138216, -0.988479, -1.2e-05, 0.0, 0.0, 0.0, 1.0],
                [0.991688, 0.123413, 0.036368, 0.124994, 0.11368, -0.972866, 0.201516, -0.002831, 0.060251, -0.195708, -0.978814, -1.2e-05, 0.0, 0.0, 0.0, 1.0],
                [0.99211, 0.122219, 0.027927, 0.124994, 0.110994, -0.959854, 0.257607, -0.002831, 0.05829, -0.252476, -0.96585, -1.2e-05, 0.0, 0.0, 0.0, 1.0],
                [0.992636, 0.11954, 0.019593, 0.124994, 0.107535, -0.944051, 0.311775, -0.002831, 0.055766, -0.307374, -0.949958, -1.2e-05, 0.0, 0.0, 0.0, 1.0],
                [0.993272, 0.115219, 0.011591, 0.124994, 0.103181, -0.926023, 0.363093, -0.002831, 0.052569, -0.359455, -0.931685, -1.2e-05, 0.0, 0.0, 0.0, 1.0],
                [0.994015, 0.109171, 0.0041, 0.124994, 0.097845, -0.906334, 0.411078, -0.002831, 0.048594, -0.408218, -0.911595, -1.2e-05, 0.0, 0.0, 0.0, 1.0],
                [0.994843, 0.101389, -0.002702, 0.124994, 0.091499, -0.885672, 0.455208, -0.002831, 0.043759, -0.453109, -0.890385, -1.2e-05, 0.0, 0.0, 0.0, 1.0],
                [0.995724, 0.091966, -0.008715, 0.124994, 0.084193, -0.864625, 0.495315, -0.002831, 0.038017, -0.493932, -0.868674, -1.2e-05, 0.0, 0.0, 0.0, 1.0],
                [0.996611, 0.08108, -0.013886, 0.124994, 0.07605, -0.843808, 0.53123, -0.002831, 0.031355, -0.530487, -0.847118, -1.2e-05, 0.0, 0.0, 0.0, 1.0],
                [0.997451, 0.068978, -0.018243, 0.124994, 0.067263, -0.823781, 0.562904, -0.002831, 0.0238, -0.562698, -0.826325, -1.2e-05, 0.0, 0.0, 0.0, 1.0],
                [0.998194, 0.055957, -0.021869, 0.124994, 0.058069, -0.805285, 0.590038, -0.002831, 0.015406, -0.590243, -0.807084, -1.2e-05, 0.0, 0.0, 0.0, 1.0],
                [0.998788, 0.042369, -0.025058, 0.124994, 0.048818, -0.787317, 0.614614, -0.002831, 0.006312, -0.615093, -0.788434, -1.2e-05, 0.0, 0.0, 0.0, 1.0],
                [0.999203, 0.028443, -0.028019, 0.124994, 0.039783, -0.768662, 0.638418, -0.002831, -0.003379, -0.639024, -0.769184, -1.2e-05, 0.0, 0.0, 0.0, 1.0],
                [0.999423, 0.014304, -0.030812, 0.124994, 0.031111, -0.74964, 0.661116, -0.002831, -0.013641, -0.661693, -0.749656, -1.2e-05, 0.0, 0.0, 0.0, 1.0],
                [0.999438, 8e-05, -0.033526, 0.124994, 0.022947, -0.730687, 0.682328, -0.002831, -0.024442, -0.682715, -0.730281, -1.2e-05, 0.0, 0.0, 0.0, 1.0],
                [0.999242, -0.014117, -0.036281, 0.124994, 0.015427, -0.712043, 0.701968, -0.002831, -0.035743, -0.701995, -0.711289, -1.2e-05, 0.0, 0.0, 0.0, 1.0],
                [0.998834, -0.028167, -0.039215, 0.124994, 0.00868, -0.69422, 0.719712, -0.002831, -0.047496, -0.719213, -0.693169, -1.2e-05, 0.0, 0.0, 0.0, 1.0],
                [0.998216, -0.041961, -0.042484, 0.124994, 0.002815, -0.677613, 0.735415, -0.002831, -0.059646, -0.734222, -0.676289, -1.2e-05, 0.0, 0.0, 0.0, 1.0],
                [0.997393, -0.055392, -0.046244, 0.124994, -0.002074, -0.662615, 0.748959, -0.002831, -0.072128, -0.746911, -0.661006, -1.2e-05, 0.0, 0.0, 0.0, 1.0],
                [0.996374, -0.06836, -0.050653, 0.124994, -0.005918, -0.649587, 0.760266, -0.002831, -0.084874, -0.757209, -0.64764, -1.2e-05, 0.0, 0.0, 0.0, 1.0],
                [0.995168, -0.08076, -0.05585, 0.124994, -0.00867, -0.638847, 0.769287, -0.002831, -0.097807, -0.765085, -0.636464, -1.2e-05, 0.0, 0.0, 0.0, 1.0],
                [0.993785, -0.092481, -0.061965, 0.124994, -0.010313, -0.630724, 0.77594, -0.002831, -0.110842, -0.770478, -0.627761, -1.2e-05, 0.0, 0.0, 0.0, 1.0],
                [0.992236, -0.103421, -0.069077, 0.124994, -0.010856, -0.625322, 0.780293, -0.002831, -0.123893, -0.773484, -0.621594, -1.2e-05, 0.0, 0.0, 0.0, 1.0],
                [0.990535, -0.113457, -0.077247, 0.124994, -0.010337, -0.622853, 0.782273, -0.002831, -0.136867, -0.77407, -0.618134, -1.2e-05, 0.0, 0.0, 0.0, 1.0],
                [0.988697, -0.122454, -0.086509, 0.124994, -0.008819, -0.623493, 0.781781, -0.002831, -0.14967, -0.77218, -0.617529, -1.2e-05, 0.0, 0.0, 0.0, 1.0],
                [0.986736, -0.130287, -0.096833, 0.124994, -0.006392, -0.627237, 0.778804, -0.002831, -0.162204, -0.767854, -0.619754, -1.2e-05, 0.0, 0.0, 0.0, 1.0],
                [0.984669, -0.136977, -0.108001, 0.124994, -0.003183, -0.633159, 0.774017, -0.002831, -0.174403, -0.761805, -0.623892, -1.2e-05, 0.0, 0.0, 0.0, 1.0],
                [0.982483, -0.143058, -0.119421, 0.124994, 0.000572, -0.638517, 0.76961, -0.002831, -0.18635, -0.756195, -0.627254, -1.2e-05, 0.0, 0.0, 0.0, 1.0],
                [0.980154, -0.149144, -0.130597, 0.124994, 0.004616, -0.641427, 0.767172, -0.002831, -0.198187, -0.752548, -0.628012, -1.2e-05, 0.0, 0.0, 0.0, 1.0],
                [0.977651, -0.155791, -0.141165, 0.124994, 0.008717, -0.640846, 0.767622, -0.002831, -0.210053, -0.751696, -0.62517, -1.2e-05, 0.0, 0.0, 0.0, 1.0],
                [0.974947, -0.163295, -0.151041, 0.124994, 0.012668, -0.637163, 0.770628, -0.002831, -0.222076, -0.753233, -0.619135, -1.2e-05, 0.0, 0.0, 0.0, 1.0],
                [0.972017, -0.17162, -0.160407, 0.124994, 0.016294, -0.631935, 0.774853, -0.002831, -0.234346, -0.755782, -0.611458, -1.2e-05, 0.0, 0.0, 0.0, 1.0],
                [0.968851, -0.180553, -0.169494, 0.124994, 0.019468, -0.626776, 0.778958, -0.002831, -0.246877, -0.757993, -0.603741, -1.2e-05, 0.0, 0.0, 0.0, 1.0],
                [0.965472, -0.189733, -0.178513, 0.124994, 0.022111, -0.623088, 0.781841, -0.002831, -0.259569, -0.758791, -0.597381, -1.2e-05, 0.0, 0.0, 0.0, 1.0],
                [0.961945, -0.198788, -0.187474, 0.124994, 0.024199, -0.621423, 0.783103, -0.002831, -0.272171, -0.757837, -0.592968, -1.2e-05, 0.0, 0.0, 0.0, 1.0],
                [0.958396, -0.207338, -0.196183, 0.124994, 0.025763, -0.621659, 0.782866, -0.002831, -0.284276, -0.755349, -0.590457, -1.2e-05, 0.0, 0.0, 0.0, 1.0],
                [0.955014, -0.214976, -0.204289, 0.124994, 0.026869, -0.623302, 0.781522, -0.002831, -0.295341, -0.751852, -0.589489, -1.2e-05, 0.0, 0.0, 0.0, 1.0],
                [0.95203, -0.221348, -0.211294, 0.124994, 0.027607, -0.625541, 0.779705, -0.002831, -0.304758, -0.748134, -0.589426, -1.2e-05, 0.0, 0.0, 0.0, 1.0],
                [0.949687, -0.226133, -0.216702, 0.124994, 0.028067, -0.627659, 0.777984, -0.002831, -0.311941, -0.744923, -0.589736, -1.2e-05, 0.0, 0.0, 0.0, 1.0],
                [0.948194, -0.229088, -0.220107, 0.124994, 0.028319, -0.629122, 0.776792, -0.002831, -0.316427, -0.742783, -0.590046, -1.2e-05, 0.0, 0.0, 0.0, 1.0],
                [0.947684, -0.230083, -0.221263, 0.124994, 0.028399, -0.629635, 0.776373, -0.002831, -0.317944, -0.74204, -0.590164, -1.2e-05, 0.0, 0.0, 0.0, 1.0],
                [0.947684, -0.230083, -0.221263, 0.124994, 0.028399, -0.629635, 0.776373, -0.002831, -0.317944, -0.74204, -0.590164, -1.2e-05, 0.0, 0.0, 0.0, 1.0],
                [0.947684, -0.230083, -0.221263, 0.124994, 0.028399, -0.629635, 0.776373, -0.002831, -0.317944, -0.74204, -0.590164, -1.2e-05, 0.0, 0.0, 0.0, 1.0],
                [0.947684, -0.230083, -0.221263, 0.124994, 0.028399, -0.629635, 0.776373, -0.002831, -0.317944, -0.74204, -0.590164, -1.2e-05, 0.0, 0.0, 0.0, 1.0],
                [0.947684, -0.230083, -0.221263, 0.124994, 0.028399, -0.629635, 0.776373, -0.002831, -0.317944, -0.74204, -0.590164, -1.2e-05, 0.0, 0.0, 0.0, 1.0],
                [0.947684, -0.230083, -0.221263, 0.124994, 0.028399, -0.629635, 0.776373, -0.002831, -0.317944, -0.74204, -0.590164, -1.2e-05, 0.0, 0.0, 0.0, 1.0],
                [0.947684, -0.230083, -0.221263, 0.124994, 0.028399, -0.629635, 0.776373, -0.002831, -0.317944, -0.74204, -0.590164, -1.2e-05, 0.0, 0.0, 0.0, 1.0],
                [0.947684, -0.230083, -0.221263, 0.124994, 0.028399, -0.629635, 0.776373, -0.002831, -0.317944, -0.74204, -0.590164, -1.2e-05, 0.0, 0.0, 0.0, 1.0],
                [0.947684, -0.230083, -0.221263, 0.124994, 0.028399, -0.629635, 0.776373, -0.002831, -0.317944, -0.74204, -0.590164, -1.2e-05, 0.0, 0.0, 0.0, 1.0],
                [0.947684, -0.230083, -0.221263, 0.124994, 0.028399, -0.629635, 0.776373, -0.002831, -0.317944, -0.74204, -0.590164, -1.2e-05, 0.0, 0.0, 0.0, 1.0],
                [0.947684, -0.230083, -0.221263, 0.124994, 0.028399, -0.629635, 0.776373, -0.002831, -0.317944, -0.74204, -0.590164, -1.2e-05, 0.0, 0.0, 0.0, 1.0],
                [0.947684, -0.230083, -0.221263, 0.124994, 0.028399, -0.629635, 0.776373, -0.002831, -0.317944, -0.74204, -0.590164, -1.2e-05, 0.0, 0.0, 0.0, 1.0],
                [0.947684, -0.230083, -0.221263, 0.124994, 0.028399, -0.629635, 0.776373, -0.002831, -0.317944, -0.74204, -0.590164, -1.2e-05, 0.0, 0.0, 0.0, 1.0],
                [0.948493, -0.228464, -0.219466, 0.124994, 0.027465, -0.630851, 0.775419, -0.002831, -0.315605, -0.741507, -0.592086, -1.2e-05, 0.0, 0.0, 0.0, 1.0],
                [0.95087, -0.223599, -0.214126, 0.124994, 0.024737, -0.634556, 0.772483, -0.002831, -0.3086, -0.739827, -0.597853, -1.2e-05, 0.0, 0.0, 0.0, 1.0],
                [0.954637, -0.215524, -0.205471, 0.124994, 0.020481, -0.640864, 0.767383, -0.002831, -0.297067, -0.73678, -0.607382, -1.2e-05, 0.0, 0.0, 0.0, 1.0],
                [0.959496, -0.20436, -0.193922, 0.124994, 0.01515, -0.649913, 0.759859, -0.002831, -0.281316, -0.732019, -0.620496, -1.2e-05, 0.0, 0.0, 0.0, 1.0],
                [0.965069, -0.190317, -0.18006, 0.124994, 0.00934, -0.66183, 0.749597, -0.002831, -0.261829, -0.725094, -0.636938, -1.2e-05, 0.0, 0.0, 0.0, 1.0],
                [0.97095, -0.173698, -0.164575, 0.124994, 0.003736, -0.676698, 0.736253, -0.002831, -0.239252, -0.715479, -0.656394, -1.2e-05, 0.0, 0.0, 0.0, 1.0],
                [0.976756, -0.154886, -0.148189, 0.124994, -0.000972, -0.694503, 0.71949, -0.002831, -0.214356, -0.702622, -0.678514, -1.2e-05, 0.0, 0.0, 0.0, 1.0],
                [0.982162, -0.13433, -0.131578, 0.124994, -0.004162, -0.71511, 0.699001, -0.002831, -0.187989, -0.685984, -0.702917, -1.2e-05, 0.0, 0.0, 0.0, 1.0],
                [0.986939, -0.112509, -0.115296, 0.124994, -0.005357, -0.738229, 0.67453, -0.002831, -0.161005, -0.665103, -0.729193, -1.2e-05, 0.0, 0.0, 0.0, 1.0],
                [0.990945, -0.089912, -0.099724, 0.124994, -0.004267, -0.763408, 0.645904, -0.002831, -0.134204, -0.63963, -0.756882, -1.2e-05, 0.0, 0.0, 0.0, 1.0],
                [0.99412, -0.067011, -0.085052, 0.124994, -0.000806, -0.790047, 0.613047, -0.002831, -0.108275, -0.609374, -0.785459, -1.2e-05, 0.0, 0.0, 0.0, 1.0],
                [0.996473, -0.04425, -0.071293, 0.124994, 0.004912, -0.817425, 0.576015, -0.002831, -0.083765, -0.574333, -0.814329, -1.2e-05, 0.0, 0.0, 0.0, 1.0],
                [0.998054, -0.02204, -0.058331, 0.124994, 0.012614, -0.844754, 0.535007, -0.002831, -0.061067, -0.534702, -0.842836, -1.2e-05, 0.0, 0.0, 0.0, 1.0],
                [0.998942, -0.000756, -0.045973, 0.124994, 0.021909, -0.87123, 0.490386, -0.002831, -0.040423, -0.490875, -0.870296, -1.2e-05, 0.0, 0.0, 0.0, 1.0],
                [0.999236, 0.019267, -0.034009, 0.124994, 0.032343, -0.896132, 0.442608, -0.002831, -0.021948, -0.44337, -0.896074, -1.2e-05, 0.0, 0.0, 0.0, 1.0],
                [0.99904, 0.037727, -0.022265, 0.124994, 0.043441, -0.918763, 0.392413, -0.002831, -0.005652, -0.393004, -0.919524, -1.2e-05, 0.0, 0.0, 0.0, 1.0],
                [0.998464, 0.054382, -0.010632, 0.124994, 0.05475, -0.938675, 0.34043, -0.002831, 0.008533, -0.34049, -0.940214, -1.2e-05, 0.0, 0.0, 0.0, 1.0],
                [0.997613, 0.06904, 0.00091, 0.124994, 0.065861, -0.955475, 0.287629, -0.002831, 0.020727, -0.286884, -0.957746, -1.2e-05, 0.0, 0.0, 0.0, 1.0],
                [0.996591, 0.08158, 0.012312, 0.124994, 0.076427, -0.969064, 0.234679, -0.002831, 0.031076, -0.232939, -0.971999, -1.2e-05, 0.0, 0.0, 0.0, 1.0],
                [0.995488, 0.091951, 0.023442, 0.124994, 0.086169, -0.97942, 0.182513, -0.002831, 0.039742, -0.17967, -0.982928, -1.2e-05, 0.0, 0.0, 0.0, 1.0],
                [0.994385, 0.100172, 0.034121, 0.124994, 0.094872, -0.986709, 0.131928, -0.002831, 0.046883, -0.127951, -0.990676, -1.2e-05, 0.0, 0.0, 0.0, 1.0],
                [0.993351, 0.106337, 0.044115, 0.124994, 0.102382, -0.991202, 0.083883, -0.002831, 0.052647, -0.078809, -0.995503, -1.2e-05, 0.0, 0.0, 0.0, 1.0],
                [0.992441, 0.110607, 0.053168, 0.124994, 0.108594, -0.993306, 0.039366, -0.002831, 0.057166, -0.033296, -0.997814, -1.2e-05, 0.0, 0.0, 0.0, 1.0],
                [0.991697, 0.113244, 0.060931, 0.124994, 0.113447, -0.993544, 0.000128, -0.002831, 0.060552, 0.006785, -0.998146, -1.2e-05, 0.0, 0.0, 0.0, 1.0],
                [0.991149, 0.114575, 0.067054, 0.124994, 0.116909, -0.992628, -0.03196, -0.002831, 0.062898, 0.039515, -0.997242, -1.2e-05, 0.0, 0.0, 0.0, 1.0],
                [0.990815, 0.115052, 0.071056, 0.124994, 0.118975, -0.991445, -0.053678, -0.002831, 0.064272, 0.061638, -0.996031, -1.2e-05, 0.0, 0.0, 0.0, 1.0],
                [0.990703, 0.115139, 0.072459, 0.124994, 0.119659, -0.99091, -0.06147, -0.002831, 0.064723, 0.069568, -0.99548, -1.2e-05, 0.0, 0.0, 0.0, 1.0]
            ]
        },
        {
            "name": "Leg_R",
            "time": [0.0, 0.0167, 0.0333, 0.05, 0.0667, 0.0833, 0.1, 0.1167, 0.1333, 0.15, 0.1667, 0.1833, 0.2, 0.2167, 0.2333, 0.25, 0.2667, 0.2833, 0.3, 0.3167, 0.3333, 0.35, 0.3667, 0.3833, 0.4, 0.4167, 0.4333, 0.45, 0.4667, 0.4833, 0.5, 0.5167, 0.5333, 0.55, 0.5667, 0.5833, 0.6, 0.6167, 0.6333, 0.65, 0.6667, 0.6833, 0.7, 0.7167, 0.7333, 0.75, 0.7667, 0.7833, 0.8, 0.8167, 0.8333, 0.85, 0.8667, 0.8833, 0.9, 0.9167, 0.9333, 0.95, 0.9667, 0.9833, 1.0, 1.0167, 1.0333, 1.05, 1.0667, 1.0833, 1.1, 1.1167, 1.1333, 1.15, 1.1667, 1.1833, 1.2, 1.2167, 1.2333, 1.25, 1.2667, 1.2833, 1.3, 1.3167, 1.3333, 1.35, 1.3667, 1.3833, 1.4],
            "transform": [
                [1.0, -0.000268, -0.000148, -0.0, 0.000295, 0.970947, 0.239298, 0.375166, 7.9e-05, -0.239298, 0.970946, 0.0, 0.0, 0.0, 0.0, 1.0],
                [1.0, -0.000296, -0.000155, 0.0, 0.000327, 0.964245, 0.265014, 0.375166, 7.1e-05, -0.265013, 0.964245, 0.0, 0.0, 0.0, 0.0, 1.0],
                [1.0, -0.000369, -0.000178, 0.0, 0.000407, 0.944081, 0.329716, 0.375166, 4.6e-05, -0.329714, 0.94408, 0.0, 0.0, 0.0, 0.0, 1.0],
                [1.0, -0.000462, -0.000215, 0.0, 0.000509, 0.910765, 0.412926, 0.375166, 5e-06, -0.412924, 0.910764, 0.0, 0.0, 0.0, 0.0, 1.0],
                [1.0, -0.000561, -0.000266, 0.0, 0.000618, 0.865262, 0.501323, 0.375166, -5.1e-05, -0.50132, 0.865261, 0.0, 0.0, 0.0, 0.0, 1.0],
                [1.0, -0.000657, -0.000328, 0.0, 0.000724, 0.809366, 0.587307, 0.375166, -0.00012, -0.587304, 0.809365, 0.0, 0.0, 0.0, 0.0, 1.0],
                [1.0, -0.000745, -0.0004, 0.0, 0.000822, 0.745605, 0.66639, 0.375166, -0.000199, -0.666386, 0.745604, -0.0, 0.0, 0.0, 0.0, 1.0],
                [0.999999, -0.000823, -0.000476, 0.0, 0.000907, 0.677185, 0.735815, 0.375166, -0.000283, -0.735811, 0.677184, -0.0, 0.0, 0.0, 0.0, 1.0],
                [0.999999, -0.000888, -0.000554, -0.0, 0.000979, 0.60768, 0.794184, 0.375166, -0.000369, -0.79418, 0.607679, 0.0, 0.0, 0.0, 0.0, 1.0],
                [1.0, -0.000941, -0.000629, -0.0, 0.001037, 0.540787, 0.841161, 0.375166, -0.000451, -0.841157, 0.540786, 0.0, 0.0, 0.0, 0.0, 1.0],
                [0.999999, -0.000981, -0.000697, 0.0, 0.001082, 0.479506, 0.877541, 0.375166, -0.000527, -0.877536, 0.479505, -0.0, 0.0, 0.0, 0.0, 1.0],
                [0.999999, -0.001011, -0.000756, -0.0, 0.001115, 0.426638, 0.904424, 0.375166, -0.000592, -0.904419, 0.426637, 0.0, 0.0, 0.0, 0.0, 1.0],
                [0.999999, -0.001033, -0.000804, 0.0, 0.001139, 0.383909, 0.923372, 0.375166, -0.000645, -0.923368, 0.383909, 0.0, 0.0, 0.0, 0.0, 1.0],
                [0.999999, -0.001046, -0.000839, 0.0, 0.001154, 0.352541, 0.935798, 0.375166, -0.000684, -0.935793, 0.352541, -0.0, 0.0, 0.0, 0.0, 1.0],
                [0.999999, -0.001054, -0.000861, 0.0, 0.001163, 0.333059, 0.942907, 0.375166, -0.000707, -0.942903, 0.333058, -0.0, 0.0, 0.0, 0.0, 1.0],
                [0.999999, -0.001057, -0.000869, -0.0, 0.001166, 0.326102, 0.945336, 0.375166, -0.000716, -0.945332, 0.326102, 0.0, 0.0, 0.0, 0.0, 1.0],
                [0.999999, -0.001057, -0.000868, 0.0, 0.001166, 0.326787, 0.945099, 0.375166, -0.000715, -0.945095, 0.326786, 0.0, 0.0, 0.0, 0.0, 1.0],
                [0.999999, -0.001055, -0.000864, 0.0, 0.001164, 0.33052, 0.9438, 0.375166, -0.000711, -0.943796, 0.33052, -0.0, 0.0, 0.0, 0.0, 1.0],
                [0.999999, -0.001053, -0.000856, 0.0, 0.001161, 0.337629, 0.941281, 0.375166, -0.000702, -0.941277, 0.337628, 0.0, 0.0, 0.0, 0.0, 1.0],
                [0.999999, -0.001048, -0.000844, 0.0, 0.001156, 0.348556, 0.937289, 0.375166, -0.000688, -0.937285, 0.348556, -0.0, 0.0, 0.0, 0.0, 1.0],
                [0.999999, -0.001042, -0.000827, -0.0, 0.001149, 0.363112, 0.931747, 0.375166, -0.00067, -0.931743, 0.363111, -0.0, 0.0, 0.0, 0.0, 1.0],
                [0.999999, -0.001034, -0.000806, -0.0, 0.00114, 0.381658, 0.924305, 0.375166, -0.000647, -0.924301, 0.381657, 0.0, 0.0, 0.0, 0.0, 1.0],
                [0.999999, -0.001023, -0.000781, 0.0, 0.001128, 0.404179, 0.914681, 0.375166, -0.00062, -0.914677, 0.404178, 0.0, 0.0, 0.0, 0.0, 1.0],
                [0.999999, -0.001009, -0.000752, 0.0, 0.001113, 0.430608, 0.902541, 0.375166, -0.000587, -0.902537, 0.430607, 0.0, 0.0, 0.0, 0.0, 1.0],
                [0.999999, -0.000993, -0.000718, 0.0, 0.001095, 0.460782, 0.887515, 0.375166, -0.00055, -0.887511, 0.460781, 0.0, 0.0, 0.0, 0.0, 1.0],
                [0.999999, -0.000972, -0.00068, -0.0, 0.001072, 0.494449, 0.869208, 0.375166, -0.000508, -0.869204, 0.494448, -0.0, 0.0, 0.0, 0.0, 1.0],
                [0.999999, -0.000947, -0.000639, 0.0, 0.001045, 0.5314, 0.847122, 0.375166, -0.000463, -0.847118, 0.531399, 0.0, 0.0, 0.0, 0.0, 1.0],
                [0.999999, -0.000918, -0.000595, -0.0, 0.001013, 0.57099, 0.820958, 0.375166, -0.000414, -0.820954, 0.570989, -0.0, 0.0, 0.0, 0.0, 1.0],
                [0.999999, -0.000884, -0.000548, 0.0, 0.000975, 0.612834, 0.790213, 0.375166, -0.000362, -0.790209, 0.612833, -0.0, 0.0, 0.0, 0.0, 1.0],
                [0.999999, -0.000844, -0.000499, 0.0, 0.00093, 0.656503, 0.754325, 0.375166, -0.000308, -0.754321, 0.656502, 0.0, 0.0, 0.0, 0.0, 1.0],
                [0.999999, -0.000797, -0.000449, 0.0, 0.000879, 0.701234, 0.712933, 0.375166, -0.000253, -0.712929, 0.701232, -0.0, 0.0, 0.0, 0.0, 1.0],
                [1.0, -0.000751, -0.000405, 0.0, 0.000828, 0.740774, 0.671756, 0.375166, -0.000205, -0.671752, 0.740773, 0.0, 0.0, 0.0, 0.0, 1.0],
                [1.0, -0.000717, -0.000375, 0.0, 0.000791, 0.767468, 0.64109, 0.375166, -0.000172, -0.641086, 0.767467, 0.0, 0.0, 0.0, 0.0, 1.0],
                [1.0, -0.0007, -0.000361, -0.0, 0.000772, 0.780026, 0.625749, 0.375166, -0.000156, -0.625746, 0.780025, -0.0, 0.0, 0.0, 0.0, 1.0],
                [1.0, -0.000702, -0.000363, 0.0, 0.000775, 0.778112, 0.628128, 0.375166, -0.000159, -0.628125, 0.778111, 0.0, 0.0, 0.0, 0.0, 1.0],
                [0.999999, -0.000723, -0.00038, -0.0, 0.000797, 0.762923, 0.646491, 0.375166, -0.000177, -0.646487, 0.762922, 0.0, 0.0, 0.0, 0.0, 1.0],
                [0.999999, -0.000756, -0.000409, 0.0, 0.000833, 0.7372, 0.675677, 0.375166, -0.000209, -0.675673, 0.737199, 0.0, 0.0, 0.0, 0.0, 1.0],
                [1.0, -0.000794, -0.000446, 0.0, 0.000876, 0.704265, 0.709939, 0.375166, -0.00025, -0.709935, 0.704264, -0.0, 0.0, 0.0, 0.0, 1.0],
                [0.999999, -0.000832, -0.000486, -0.0, 0.000918, 0.66813, 0.744046, 0.375166, -0.000294, -0.744042, 0.668129, 0.0, 0.0, 0.0, 0.0, 1.0],
                [0.999999, -0.000866, -0.000526, -0.0, 0.000955, 0.632327, 0.774703, 0.375166, -0.000338, -0.774699, 0.632326, 0.0, 0.0, 0.0, 0.0, 1.0],
                [0.999999, -0.000895, -0.000563, 0.0, 0.000987, 0.599662, 0.800255, 0.375166, -0.000379, -0.800251, 0.599661, -0.0, 0.0, 0.0, 0.0, 1.0],
                [0.999999, -0.000917, -0.000593, 0.0, 0.001011, 0.572175, 0.820133, 0.375166, -0.000413, -0.820129, 0.572174, -0.0, 0.0, 0.0, 0.0, 1.0],
                [0.999999, -0.000933, -0.000617, -0.0, 0.001029, 0.550745, 0.834675, 0.375166, -0.000439, -0.834671, 0.550744, -0.0, 0.0, 0.0, 0.0, 1.0],
                [0.999999, -0.000944, -0.000634, 0.0, 0.001041, 0.535664, 0.844433, 0.375166, -0.000458, -0.844429, 0.535663, 0.0, 0.0, 0.0, 0.0, 1.0],
                [0.999999, -0.00095, -0.000644, -0.0, 0.001048, 0.52682, 0.849978, 0.375166, -0.000468, -0.849974, 0.526819, 0.0, 0.0, 0.0, 0.0, 1.0],
                [0.999999, -0.000952, -0.000647, 0.0, 0.00105, 0.523938, 0.851758, 0.375166, -0.000472, -0.851754, 0.523937, 0.0, 0.0, 0.0, 0.0, 1.0],
                [0.999999, -0.000952, -0.000647, 0.0, 0.00105, 0.523938, 0.851758, 0.375166, -0.000472, -0.851754, 0.523937, 0.0, 0.0, 0.0, 0.0, 1.0],
                [0.999999, -0.000952, -0.000647, 0.0, 0.00105, 0.523938, 0.851758, 0.375166, -0.000472, -0.851754, 0.523937, 0.0, 0.0, 0.0, 0.0, 1.0],
                [0.999999, -0.000952, -0.000647, 0.0, 0.00105, 0.523938, 0.851758, 0.375166, -0.000472, -0.851754, 0.523937, 0.0, 0.0, 0.0, 0.0, 1.0],
                [0.999999, -0.000952, -0.000647, 0.0, 0.00105, 0.523938, 0.851758, 0.375166, -0.000472, -0.851754, 0.523937, 0.0, 0.0, 0.0, 0.0, 1.0],
                [0.999999, -0.000952, -0.000647, 0.0, 0.00105, 0.523938, 0.851758, 0.375166, -0.000472, -0.851754, 0.523937, 0.0, 0.0, 0.0, 0.0, 1.0],
                [0.999999, -0.000952, -0.000647, 0.0, 0.00105, 0.523938, 0.851758, 0.375166, -0.000472, -0.851754, 0.523937, 0.0, 0.0, 0.0, 0.0, 1.0],
                [0.999999, -0.000952, -0.000647, 0.0, 0.00105, 0.523938, 0.851758, 0.375166, -0.000472, -0.851754, 0.523937, 0.0, 0.0, 0.0, 0.0, 1.0],
                [0.999999, -0.000952, -0.000647, 0.0, 0.00105, 0.523938, 0.851758, 0.375166, -0.000472, -0.851754, 0.523937, 0.0, 0.0, 0.0, 0.0, 1.0],
                [0.999999, -0.000952, -0.000647, 0.0, 0.00105, 0.523938, 0.851758, 0.375166, -0.000472, -0.851754, 0.523937, 0.0, 0.0, 0.0, 0.0, 1.0],
                [0.999999, -0.000952, -0.000647, 0.0, 0.00105, 0.523938, 0.851758, 0.375166, -0.000472, -0.851754, 0.523937, 0.0, 0.0, 0.0, 0.0, 1.0],
                [0.999999, -0.000952, -0.000647, 0.0, 0.00105, 0.523938, 0.851758, 0.375166, -0.000472, -0.851754, 0.523937, 0.0, 0.0, 0.0, 0.0, 1.0],
                [0.999999, -0.000952, -0.000647, 0.0, 0.00105, 0.523938, 0.851758, 0.375166, -0.000472, -0.851754, 0.523937, 0.0, 0.0, 0.0, 0.0, 1.0],
                [1.0, -0.000953, -0.000648, 0.0, 0.001051, 0.523414, 0.85208, 0.375166, -0.000473, -0.852076, 0.523413, -0.0, 0.0, 0.0, 0.0, 1.0],
                [0.999999, -0.000954, -0.00065, -0.0, 0.001052, 0.521902, 0.853007, 0.375166, -0.000475, -0.853003, 0.521901, -0.0, 0.0, 0.0, 0.0, 1.0],
                [0.999999, -0.000955, -0.000652, -0.0, 0.001054, 0.519602, 0.85441, 0.375166, -0.000477, -0.854406, 0.519601, 0.0, 0.0, 0.0, 0.0, 1.0],
                [1.0, -0.000957, -0.000655, -0.0, 0.001056, 0.516864, 0.85607, 0.375166, -0.000481, -0.856066, 0.516863, 0.0, 0.0, 0.0, 0.0, 1.0],
                [1.0, -0.000959, -0.000658, 0.0, 0.001058, 0.514185, 0.857681, 0.375166, -0.000484, -0.857677, 0.514185, 0.0, 0.0, 0.0, 0.0, 1.0],
                [0.999999, -0.00096, -0.000661, 0.0, 0.001059, 0.512195, 0.858871, 0.375166, -0.000487, -0.858867, 0.512194, 0.0, 0.0, 0.0, 0.0, 1.0],
                [0.999999, -0.000961, -0.000661, 0.0, 0.00106, 0.511621, 0.859213, 0.375166, -0.000487, -0.859209, 0.51162, 0.0, 0.0, 0.0, 0.0, 1.0],
                [1.0, -0.00096, -0.000659, -0.0, 0.001058, 0.513253, 0.858239, 0.375166, -0.000485, -0.858235, 0.513252, 0.0, 0.0, 0.0, 0.0, 1.0],
                [0.999999, -0.000957, -0.000654, 0.0, 0.001055, 0.517887, 0.85545, 0.375166, -0.00048, -0.855446, 0.517886, 0.0, 0.0, 0.0, 0.0, 1.0],
                [0.999999, -0.000951, -0.000645, -0.0, 0.001049, 0.52626, 0.850326, 0.375166, -0.000469, -0.850321, 0.526259, -0.0, 0.0, 0.0, 0.0, 1.0],
                [0.999999, -0.000942, -0.000631, 0.0, 0.001039, 0.538977, 0.842322, 0.375166, -0.000453, -0.842318, 0.538976, -0.0, 0.0, 0.0, 0.0, 1.0],
                [1.0, -0.000929, -0.000611, -0.0, 0.001025, 0.556445, 0.830887, 0.375166, -0.000432, -0.830882, 0.556444, 0.0, 0.0, 0.0, 0.0, 1.0],
                [1.0, -0.000912, -0.000586, 0.0, 0.001006, 0.57881, 0.815464, 0.375166, -0.000404, -0.81546, 0.578809, -0.0, 0.0, 0.0, 0.0, 1.0],
                [1.0, -0.00089, -0.000556, -0.0, 0.000981, 0.605927, 0.795523, 0.375166, -0.000371, -0.795519, 0.605926, 0.0, 0.0, 0.0, 0.0, 1.0],
                [0.999999, -0.000862, -0.00052, 0.0, 0.00095, 0.637431, 0.770509, 0.375166, -0.000332, -0.770506, 0.63743, 0.0, 0.0, 0.0, 0.0, 1.0],
                [1.0, -0.000828, -0.000481, 0.0, 0.000913, 0.672414, 0.740178, 0.375166, -0.000289, -0.740174, 0.672413, 0.0, 0.0, 0.0, 0.0, 1.0],
                [0.999999, -0.000787, -0.000439, -0.0, 0.000868, 0.710056, 0.704147, 0.375166, -0.000243, -0.704143, 0.710055, 0.0, 0.0, 0.0, 0.0, 1.0],
                [1.0, -0.000741, -0.000396, 0.0, 0.000817, 0.748935, 0.662646, 0.375166, -0.000195, -0.662642, 0.748933, 0.0, 0.0, 0.0, 0.0, 1.0],
                [1.0, -0.000688, -0.000352, 0.0, 0.000759, 0.788001, 0.615677, 0.375166, -0.000146, -0.615673, 0.788, 0.0, 0.0, 0.0, 0.0, 1.0],
                [1.0, -0.000631, -0.00031, 0.0, 0.000695, 0.825825, 0.563928, 0.375166, -0.0001, -0.563924, 0.825824, -0.0, 0.0, 0.0, 0.0, 1.0],
                [0.999999, -0.000568, -0.00027, 0.0, 0.000627, 0.861228, 0.508221, 0.375166, -5.6e-05, -0.508219, 0.861227, 0.0, 0.0, 0.0, 0.0, 1.0],
                [1.0, -0.000503, -0.000235, -0.0, 0.000555, 0.893027, 0.450005, 0.375166, -1.7e-05, -0.450002, 0.893026, 0.0, 0.0, 0.0, 0.0, 1.0],
                [1.0, -0.000437, -0.000204, -0.0, 0.000482, 0.920327, 0.391151, 0.375166, 1.7e-05, -0.391149, 0.920326, -0.0, 0.0, 0.0, 0.0, 1.0],
                [1.0, -0.000375, -0.00018, -0.0, 0.000413, 0.942122, 0.335273, 0.375166, 4.4e-05, -0.335272, 0.942121, -0.0, 0.0, 0.0, 0.0, 1.0],
                [1.0, -0.00032, -0.000162, -0.0, 0.000353, 0.958061, 0.286567, 0.375166, 6.3e-05, -0.286566, 0.958061, -0.0, 0.0, 0.0, 0.0, 1.0],
