{
    "animation": [
        {
            "name": "Root",
            "time": [0.0, 0.0167, 0.0333, 0.05, 0.0667, 0.0833, 0.1, 0.1167, 0.1333, 0.15, 0.1667, 0.1833, 0.2, 0.2167, 0.2333, 0.25, 0.2667, 0.2833, 0.3, 0.3167, 0.3333, 0.35, 0.3667, 0.3833, 0.4, 0.4167, 0.4333, 0.45, 0.4667, 0.4833, 0.5, 0.5167, 0.5333, 0.55, 0.5667, 0.5833, 0.6, 0.6167, 0.6333, 0.65, 0.6667, 0.6833, 0.7, 0.7167, 0.7333, 0.75, 0.7667, 0.7833, 0.8, 0.8167, 0.8333, 0.85, 0.8667, 0.8833, 0.9, 0.9167, 0.9333, 0.95, 0.9667, 0.9833, 1.0, 1.0167, 1.0333, 1.05, 1.0667, 1.0833, 1.1, 1.1167, 1.1333, 1.15, 1.1667, 1.1833, 1.2, 1.2167, 1.2333, 1.25, 1.2667, 1.2833, 1.3, 1.3167, 1.3333, 1.35, 1.3667, 1.3833, 1.4, 1.4167, 1.4333, 1.45, 1.4667, 1.4833, 1.5, 1.5167, 1.5333, 1.55, 1.5667, 1.5833, 1.6, 1.6167, 1.6333, 1.65, 1.6667, 1.6833, 1.7, 1.7167, 1.7333, 1.75, 1.7667, 1.7833, 1.8, 1.8167, 1.8333, 1.85, 1.8667, 1.8833, 1.9, 1.9167, 1.9333, 1.95, 1.9667, 1.9833, 2.0],
            "transform": [
                [0.900842, 0.0, -0.434148, -5e-06, -0.434148, 0.0, -0.900842, 0.000946, 0.0, 1.0, 0.0, 0.31744, 0.0, 0.0, 0.0, 1.0],
                [0.900842, 0.0, -0.434148, -5e-06, -0.434148, 0.0, -0.900842, 0.000946, 0.0, 1.0, 0.0, 0.317424, 0.0, 0.0, 0.0, 1.0],
                [0.900842, 0.0, -0.434148, -5e-06, -0.434148, 0.0, -0.900842, 0.000946, 0.0, 1.0, 0.0, 0.317377, 0.0, 0.0, 0.0, 1.0],
                [0.900842, 0.0, -0.434148, -5e-06, -0.434148, 0.0, -0.900842, 0.000946, 0.0, 1.0, 0.0, 0.317297, 0.0, 0.0, 0.0, 1.0],
                [0.900842, 0.0, -0.434148, -5e-06, -0.434148, 0.0, -0.900842, 0.000946, 0.0, 1.0, 0.0, 0.317184, 0.0, 0.0, 0.0, 1.0],
                [0.900842, 0.0, -0.434148, -5e-06, -0.434148, 0.0, -0.900842, 0.000946, 0.0, 1.0, 0.0, 0.31704, 0.0, 0.0, 0.0, 1.0],
                [0.900842, 0.0, -0.434148, -5e-06, -0.434148, 0.0, -0.900842, 0.000946, 0.0, 1.0, 0.0, 0.316863, 0.0, 0.0, 0.0, 1.0],
                [0.900842, 0.0, -0.434148, -5e-06, -0.434148, 0.0, -0.900842, 0.000946, 0.0, 1.0, 0.0, 0.316653, 0.0, 0.0, 0.0, 1.0],
                [0.900842, 0.0, -0.434148, -5e-06, -0.434148, 0.0, -0.900842, 0.000946, 0.0, 1.0, 0.0, 0.316411, 0.0, 0.0, 0.0, 1.0],
                [0.900842, 0.0, -0.434148, -5e-06, -0.434148, 0.0, -0.900842, 0.000946, 0.0, 1.0, 0.0, 0.316137, 0.0, 0.0, 0.0, 1.0],
                [0.900842, 0.0, -0.434148, -5e-06, -0.434148, 0.0, -0.900842, 0.000946, 0.0, 1.0, 0.0, 0.315831, 0.0, 0.0, 0.0, 1.0],
                [0.900842, 0.0, -0.434148, -5e-06, -0.434148, 0.0, -0.900842, 0.000946, 0.0, 1.0, 0.0, 0.315493, 0.0, 0.0, 0.0, 1.0],
                [0.900842, 0.0, -0.434148, -5e-06, -0.434148, 0.0, -0.900842, 0.000946, 0.0, 1.0, 0.0, 0.315125, 0.0, 0.0, 0.0, 1.0],
                [0.900842, 0.0, -0.434148, -5e-06, -0.434148, 0.0, -0.900842, 0.000946, 0.0, 1.0, 0.0, 0.314725, 0.0, 0.0, 0.0, 1.0],
                [0.900842, 0.0, -0.434148, -5e-06, -0.434148, 0.0, -0.900842, 0.000946, 0.0, 1.0, 0.0, 0.314296, 0.0, 0.0, 0.0, 1.0],
                [0.900842, 0.0, -0.434148, -5e-06, -0.434148, 0.0, -0.900842, 0.000946, 0.0, 1.0, 0.0, 0.313838, 0.0, 0.0, 0.0, 1.0],
                [0.900842, 0.0, -0.434148, -5e-06, -0.434148, 0.0, -0.900842, 0.000946, 0.0, 1.0, 0.0, 0.313352, 0.0, 0.0, 0.0, 1.0],
                [0.900842, 0.0, -0.434148, -5e-06, -0.434148, 0.0, -0.900842, 0.000946, 0.0, 1.0, 0.0, 0.312838, 0.0, 0.0, 0.0, 1.0],
                [0.900842, 0.0, -0.434148, -5e-06, -0.434148, 0.0, -0.900842, 0.000946, 0.0, 1.0, 0.0, 0.312299, 0.0, 0.0, 0.0, 1.0],
                [0.900842, 0.0, -0.434148, -5e-06, -0.434148, 0.0, -0.900842, 0.000946, 0.0, 1.0, 0.0, 0.311735, 0.0, 0.0, 0.0, 1.0],
                [0.900842, 0.0, -0.434148, -5e-06, -0.434148, 0.0, -0.900842, 0.000946, 0.0, 1.0, 0.0, 0.311148, 0.0, 0.0, 0.0, 1.0],
                [0.900842, 0.0, -0.434148, -5e-06, -0.434148, 0.0, -0.900842, 0.000946, 0.0, 1.0, 0.0, 0.31054, 0.0, 0.0, 0.0, 1.0],
                [0.900842, 0.0, -0.434148, -5e-06, -0.434148, 0.0, -0.900842, 0.000946, 0.0, 1.0, 0.0, 0.309911, 0.0, 0.0, 0.0, 1.0],
                [0.900842, 0.0, -0.434148, -5e-06, -0.434148, 0.0, -0.900842, 0.000946, 0.0, 1.0, 0.0, 0.309265, 0.0, 0.0, 0.0, 1.0],
                [0.900842, 0.0, -0.434148, -5e-06, -0.434148, 0.0, -0.900842, 0.000946, 0.0, 1.0, 0.0, 0.308603, 0.0, 0.0, 0.0, 1.0],
                [0.900842, 0.0, -0.434148, -5e-06, -0.434148, 0.0, -0.900842, 0.000946, 0.0, 1.0, 0.0, 0.307927, 0.0, 0.0, 0.0, 1.0],
                [0.900842, 0.0, -0.434148, -5e-06, -0.434148, 0.0, -0.900842, 0.000946, 0.0, 1.0, 0.0, 0.307239, 0.0, 0.0, 0.0, 1.0],
                [0.900842, 0.0, -0.434148, -5e-06, -0.434148, 0.0, -0.900842, 0.000946, 0.0, 1.0, 0.0, 0.306542, 0.0, 0.0, 0.0, 1.0],
                [0.900842, 0.0, -0.434148, -5e-06, -0.434148, 0.0, -0.900842, 0.000946, 0.0, 1.0, 0.0, 0.305837, 0.0, 0.0, 0.0, 1.0],
                [0.900842, 0.0, -0.434148, -5e-06, -0.434148, 0.0, -0.900842, 0.000946, 0.0, 1.0, 0.0, 0.305128, 0.0, 0.0, 0.0, 1.0],
                [0.900842, 0.0, -0.434148, -5e-06, -0.434148, 0.0, -0.900842, 0.000946, 0.0, 1.0, 0.0, 0.304416, 0.0, 0.0, 0.0, 1.0],
                [0.900842, 0.0, -0.434148, -5e-06, -0.434148, 0.0, -0.900842, 0.000946, 0.0, 1.0, 0.0, 0.303704, 0.0, 0.0, 0.0, 1.0],
                [0.900842, 0.0, -0.434148, -5e-06, -0.434148, 0.0, -0.900842, 0.000946, 0.0, 1.0, 0.0, 0.302995, 0.0, 0.0, 0.0, 1.0],
                [0.900842, 0.0, -0.434148, -5e-06, -0.434148, 0.0, -0.900842, 0.000946, 0.0, 1.0, 0.0, 0.30229, 0.0, 0.0, 0.0, 1.0],
                [0.900842, 0.0, -0.434148, -5e-06, -0.434148, 0.0, -0.900842, 0.000946, 0.0, 1.0, 0.0, 0.301593, 0.0, 0.0, 0.0, 1.0],
                [0.900842, 0.0, -0.434148, -5e-06, -0.434148, 0.0, -0.900842, 0.000946, 0.0, 1.0, 0.0, 0.300905, 0.0, 0.0, 0.0, 1.0],
                [0.900842, 0.0, -0.434148, -5e-06, -0.434148, 0.0, -0.900842, 0.000946, 0.0, 1.0, 0.0, 0.300229, 0.0, 0.0, 0.0, 1.0],
                [0.900842, 0.0, -0.434148, -5e-06, -0.434148, 0.0, -0.900842, 0.000946, 0.0, 1.0, 0.0, 0.299567, 0.0, 0.0, 0.0, 1.0],
                [0.900842, 0.0, -0.434148, -5e-06, -0.434148, 0.0, -0.900842, 0.000946, 0.0, 1.0, 0.0, 0.29892, 0.0, 0.0, 0.0, 1.0],
                [0.900842, 0.0, -0.434148, -5e-06, -0.434148, 0.0, -0.900842, 0.000946, 0.0, 1.0, 0.0, 0.298292, 0.0, 0.0, 0.0, 1.0],
                [0.900842, 0.0, -0.434148, -5e-06, -0.434148, 0.0, -0.900842, 0.000946, 0.0, 1.0, 0.0, 0.297684, 0.0, 0.0, 0.0, 1.0],
                [0.900842, 0.0, -0.434148, -5e-06, -0.434148, 0.0, -0.900842, 0.000946, 0.0, 1.0, 0.0, 0.297097, 0.0, 0.0, 0.0, 1.0],
                [0.900842, 0.0, -0.434148, -5e-06, -0.434148, 0.0, -0.900842, 0.000946, 0.0, 1.0, 0.0, 0.296533, 0.0, 0.0, 0.0, 1.0],
                [0.900842, 0.0, -0.434148, -5e-06, -0.434148, 0.0, -0.900842, 0.000946, 0.0, 1.0, 0.0, 0.295993, 0.0, 0.0, 0.0, 1.0],
                [0.900842, 0.0, -0.434148, -5e-06, -0.434148, 0.0, -0.900842, 0.000946, 0.0, 1.0, 0.0, 0.29548, 0.0, 0.0, 0.0, 1.0],
                [0.900842, 0.0, -0.434148, -5e-06, -0.434148, 0.0, -0.900842, 0.000946, 0.0, 1.0, 0.0, 0.294993, 0.0, 0.0, 0.0, 1.0],
                [0.900842, 0.0, -0.434148, -5e-06, -0.434148, 0.0, -0.900842, 0.000946, 0.0, 1.0, 0.0, 0.294535, 0.0, 0.0, 0.0, 1.0],
                [0.900842, 0.0, -0.434148, -5e-06, -0.434148, 0.0, -0.900842, 0.000946, 0.0, 1.0, 0.0, 0.294106, 0.0, 0.0, 0.0, 1.0],
                [0.900842, 0.0, -0.434148, -5e-06, -0.434148, 0.0, -0.900842, 0.000946, 0.0, 1.0, 0.0, 0.293707, 0.0, 0.0, 0.0, 1.0],
                [0.900842, 0.0, -0.434148, -5e-06, -0.434148, 0.0, -0.900842, 0.000946, 0.0, 1.0, 0.0, 0.293338, 0.0, 0.0, 0.0, 1.0],
                [0.900842, 0.0, -0.434148, -5e-06, -0.434148, 0.0, -0.900842, 0.000946, 0.0, 1.0, 0.0, 0.293, 0.0, 0.0, 0.0, 1.0],
                [0.900842, 0.0, -0.434148, -5e-06, -0.434148, 0.0, -0.900842, 0.000946, 0.0, 1.0, 0.0, 0.292694, 0.0, 0.0, 0.0, 1.0],
                [0.900842, 0.0, -0.434148, -5e-06, -0.434148, 0.0, -0.900842, 0.000946, 0.0, 1.0, 0.0, 0.29242, 0.0, 0.0, 0.0, 1.0],
                [0.900842, 0.0, -0.434148, -5e-06, -0.434148, 0.0, -0.900842, 0.000946, 0.0, 1.0, 0.0, 0.292178, 0.0, 0.0, 0.0, 1.0],
                [0.900842, 0.0, -0.434148, -5e-06, -0.434148, 0.0, -0.900842, 0.000946, 0.0, 1.0, 0.0, 0.291969, 0.0, 0.0, 0.0, 1.0],
                [0.900842, 0.0, -0.434148, -5e-06, -0.434148, 0.0, -0.900842, 0.000946, 0.0, 1.0, 0.0, 0.291792, 0.0, 0.0, 0.0, 1.0],
                [0.900842, 0.0, -0.434148, -5e-06, -0.434148, 0.0, -0.900842, 0.000946, 0.0, 1.0, 0.0, 0.291647, 0.0, 0.0, 0.0, 1.0],
                [0.900842, 0.0, -0.434148, -5e-06, -0.434148, 0.0, -0.900842, 0.000946, 0.0, 1.0, 0.0, 0.291535, 0.0, 0.0, 0.0, 1.0],
                [0.900842, 0.0, -0.434148, -5e-06, -0.434148, 0.0, -0.900842, 0.000946, 0.0, 1.0, 0.0, 0.291455, 0.0, 0.0, 0.0, 1.0],
                [0.900842, 0.0, -0.434148, -5e-06, -0.434148, 0.0, -0.900842, 0.000946, 0.0, 1.0, 0.0, 0.291407, 0.0, 0.0, 0.0, 1.0],
                [0.900842, 0.0, -0.434148, -5e-06, -0.434148, 0.0, -0.900842, 0.000946, 0.0, 1.0, 0.0, 0.291391, 0.0, 0.0, 0.0, 1.0],
                [0.900842, 0.0, -0.434148, -5e-06, -0.434148, 0.0, -0.900842, 0.000946, 0.0, 1.0, 0.0, 0.291407, 0.0, 0.0, 0.0, 1.0],
                [0.900842, 0.0, -0.434148, -5e-06, -0.434148, 0.0, -0.900842, 0.000946, 0.0, 1.0, 0.0, 0.291455, 0.0, 0.0, 0.0, 1.0],
                [0.900842, 0.0, -0.434148, -5e-06, -0.434148, 0.0, -0.900842, 0.000946, 0.0, 1.0, 0.0, 0.291535, 0.0, 0.0, 0.0, 1.0],
                [0.900842, 0.0, -0.434148, -5e-06, -0.434148, 0.0, -0.900842, 0.000946, 0.0, 1.0, 0.0, 0.291647, 0.0, 0.0, 0.0, 1.0],
                [0.900842, 0.0, -0.434148, -5e-06, -0.434148, 0.0, -0.900842, 0.000946, 0.0, 1.0, 0.0, 0.291792, 0.0, 0.0, 0.0, 1.0],
                [0.900842, 0.0, -0.434148, -5e-06, -0.434148, 0.0, -0.900842, 0.000946, 0.0, 1.0, 0.0, 0.291969, 0.0, 0.0, 0.0, 1.0],
                [0.900842, 0.0, -0.434148, -5e-06, -0.434148, 0.0, -0.900842, 0.000946, 0.0, 1.0, 0.0, 0.292178, 0.0, 0.0, 0.0, 1.0],
                [0.900842, 0.0, -0.434148, -5e-06, -0.434148, 0.0, -0.900842, 0.000946, 0.0, 1.0, 0.0, 0.29242, 0.0, 0.0, 0.0, 1.0],
                [0.900842, 0.0, -0.434148, -5e-06, -0.434148, 0.0, -0.900842, 0.000946, 0.0, 1.0, 0.0, 0.292694, 0.0, 0.0, 0.0, 1.0],
                [0.900842, 0.0, -0.434148, -5e-06, -0.434148, 0.0, -0.900842, 0.000946, 0.0, 1.0, 0.0, 0.293, 0.0, 0.0, 0.0, 1.0],
                [0.900842, 0.0, -0.434148, -5e-06, -0.434148, 0.0, -0.900842, 0.000946, 0.0, 1.0, 0.0, 0.293338, 0.0, 0.0, 0.0, 1.0],
                [0.900842, 0.0, -0.434148, -5e-06, -0.434148, 0.0, -0.900842, 0.000946, 0.0, 1.0, 0.0, 0.293707, 0.0, 0.0, 0.0, 1.0],
                [0.900842, 0.0, -0.434148, -5e-06, -0.434148, 0.0, -0.900842, 0.000946, 0.0, 1.0, 0.0, 0.294106, 0.0, 0.0, 0.0, 1.0],
                [0.900842, 0.0, -0.434148, -5e-06, -0.434148, 0.0, -0.900842, 0.000946, 0.0, 1.0, 0.0, 0.294535, 0.0, 0.0, 0.0, 1.0],
                [0.900842, 0.0, -0.434148, -5e-06, -0.434148, 0.0, -0.900842, 0.000946, 0.0, 1.0, 0.0, 0.294993, 0.0, 0.0, 0.0, 1.0],
                [0.900842, 0.0, -0.434148, -5e-06, -0.434148, 0.0, -0.900842, 0.000946, 0.0, 1.0, 0.0, 0.29548, 0.0, 0.0, 0.0, 1.0],
                [0.900842, 0.0, -0.434148, -5e-06, -0.434148, 0.0, -0.900842, 0.000946, 0.0, 1.0, 0.0, 0.295993, 0.0, 0.0, 0.0, 1.0],
                [0.900842, 0.0, -0.434148, -5e-06, -0.434148, 0.0, -0.900842, 0.000946, 0.0, 1.0, 0.0, 0.296533, 0.0, 0.0, 0.0, 1.0],
                [0.900842, 0.0, -0.434148, -5e-06, -0.434148, 0.0, -0.900842, 0.000946, 0.0, 1.0, 0.0, 0.297097, 0.0, 0.0, 0.0, 1.0],
                [0.900842, 0.0, -0.434148, -5e-06, -0.434148, 0.0, -0.900842, 0.000946, 0.0, 1.0, 0.0, 0.297684, 0.0, 0.0, 0.0, 1.0],
                [0.900842, 0.0, -0.434148, -5e-06, -0.434148, 0.0, -0.900842, 0.000946, 0.0, 1.0, 0.0, 0.298292, 0.0, 0.0, 0.0, 1.0],
                [0.900842, 0.0, -0.434148, -5e-06, -0.434148, 0.0, -0.900842, 0.000946, 0.0, 1.0, 0.0, 0.29892, 0.0, 0.0, 0.0, 1.0],
                [0.900842, 0.0, -0.434148, -5e-06, -0.434148, 0.0, -0.900842, 0.000946, 0.0, 1.0, 0.0, 0.299567, 0.0, 0.0, 0.0, 1.0],
                [0.900842, 0.0, -0.434148, -5e-06, -0.434148, 0.0, -0.900842, 0.000946, 0.0, 1.0, 0.0, 0.300229, 0.0, 0.0, 0.0, 1.0],
                [0.900842, 0.0, -0.434148, -5e-06, -0.434148, 0.0, -0.900842, 0.000946, 0.0, 1.0, 0.0, 0.300905, 0.0, 0.0, 0.0, 1.0],
                [0.900842, 0.0, -0.434148, -5e-06, -0.434148, 0.0, -0.900842, 0.000946, 0.0, 1.0, 0.0, 0.301593, 0.0, 0.0, 0.0, 1.0],
                [0.900842, 0.0, -0.434148, -5e-06, -0.434148, 0.0, -0.900842, 0.000946, 0.0, 1.0, 0.0, 0.30229, 0.0, 0.0, 0.0, 1.0],
                [0.900842, 0.0, -0.434148, -5e-06, -0.434148, 0.0, -0.900842, 0.000946, 0.0, 1.0, 0.0, 0.302995, 0.0, 0.0, 0.0, 1.0],
                [0.900842, 0.0, -0.434148, -5e-06, -0.434148, 0.0, -0.900842, 0.000946, 0.0, 1.0, 0.0, 0.303704, 0.0, 0.0, 0.0, 1.0],
                [0.900842, 0.0, -0.434148, -5e-06, -0.434148, 0.0, -0.900842, 0.000946, 0.0, 1.0, 0.0, 0.304416, 0.0, 0.0, 0.0, 1.0],
                [0.900842, 0.0, -0.434148, -5e-06, -0.434148, 0.0, -0.900842, 0.000946, 0.0, 1.0, 0.0, 0.305128, 0.0, 0.0, 0.0, 1.0],
                [0.900842, 0.0, -0.434148, -5e-06, -0.434148, 0.0, -0.900842, 0.000946, 0.0, 1.0, 0.0, 0.305837, 0.0, 0.0, 0.0, 1.0],
                [0.900842, 0.0, -0.434148, -5e-06, -0.434148, 0.0, -0.900842, 0.000946, 0.0, 1.0, 0.0, 0.306541, 0.0, 0.0, 0.0, 1.0],
                [0.900842, 0.0, -0.434148, -5e-06, -0.434148, 0.0, -0.900842, 0.000946, 0.0, 1.0, 0.0, 0.307239, 0.0, 0.0, 0.0, 1.0],
                [0.900842, 0.0, -0.434148, -5e-06, -0.434148, 0.0, -0.900842, 0.000946, 0.0, 1.0, 0.0, 0.307927, 0.0, 0.0, 0.0, 1.0],
                [0.900842, 0.0, -0.434148, -5e-06, -0.434148, 0.0, -0.900842, 0.000946, 0.0, 1.0, 0.0, 0.308603, 0.0, 0.0, 0.0, 1.0],
                [0.900842, 0.0, -0.434148, -5e-06, -0.434148, 0.0, -0.900842, 0.000946, 0.0, 1.0, 0.0, 0.309265, 0.0, 0.0, 0.0, 1.0],
                [0.900842, 0.0, -0.434148, -5e-06, -0.434148, 0.0, -0.900842, 0.000946, 0.0, 1.0, 0.0, 0.309911, 0.0, 0.0, 0.0, 1.0],
                [0.900842, 0.0, -0.434148, -5e-06, -0.434148, 0.0, -0.900842, 0.000946, 0.0, 1.0, 0.0, 0.31054, 0.0, 0.0, 0.0, 1.0],
                [0.900842, 0.0, -0.434148, -5e-06, -0.434148, 0.0, -0.900842, 0.000946, 0.0, 1.0, 0.0, 0.311148, 0.0, 0.0, 0.0, 1.0],
                [0.900842, 0.0, -0.434148, -5e-06, -0.434148, 0.0, -0.900842, 0.000946, 0.0, 1.0, 0.0, 0.311735, 0.0, 0.0, 0.0, 1.0],
                [0.900842, 0.0, -0.434148, -5e-06, -0.434148, 0.0, -0.900842, 0.000946, 0.0, 1.0, 0.0, 0.312299, 0.0, 0.0, 0.0, 1.0],
                [0.900842, 0.0, -0.434148, -5e-06, -0.434148, 0.0, -0.900842, 0.000946, 0.0, 1.0, 0.0, 0.312838, 0.0, 0.0, 0.0, 1.0],
                [0.900842, 0.0, -0.434148, -5e-06, -0.434148, 0.0, -0.900842, 0.000946, 0.0, 1.0, 0.0, 0.313352, 0.0, 0.0, 0.0, 1.0],
                [0.900842, 0.0, -0.434148, -5e-06, -0.434148, 0.0, -0.900842, 0.000946, 0.0, 1.0, 0.0, 0.313838, 0.0, 0.0, 0.0, 1.0],
                [0.900842, 0.0, -0.434148, -5e-06, -0.434148, 0.0, -0.900842, 0.000946, 0.0, 1.0, 0.0, 0.314296, 0.0, 0.0, 0.0, 1.0],
                [0.900842, 0.0, -0.434148, -5e-06, -0.434148, 0.0, -0.900842, 0.000946, 0.0, 1.0, 0.0, 0.314725, 0.0, 0.0, 0.0, 1.0],
                [0.900842, 0.0, -0.434148, -5e-06, -0.434148, 0.0, -0.900842, 0.000946, 0.0, 1.0, 0.0, 0.315125, 0.0, 0.0, 0.0, 1.0],
                [0.900842, 0.0, -0.434148, -5e-06, -0.434148, 0.0, -0.900842, 0.000946, 0.0, 1.0, 0.0, 0.315493, 0.0, 0.0, 0.0, 1.0],
                [0.900842, 0.0, -0.434148, -5e-06, -0.434148, 0.0, -0.900842, 0.000946, 0.0, 1.0, 0.0, 0.315831, 0.0, 0.0, 0.0, 1.0],
                [0.900842, 0.0, -0.434148, -5e-06, -0.434148, 0.0, -0.900842, 0.000946, 0.0, 1.0, 0.0, 0.316137, 0.0, 0.0, 0.0, 1.0],
                [0.900842, 0.0, -0.434148, -5e-06, -0.434148, 0.0, -0.900842, 0.000946, 0.0, 1.0, 0.0, 0.316411, 0.0, 0.0, 0.0, 1.0],
                [0.900842, 0.0, -0.434148, -5e-06, -0.434148, 0.0, -0.900842, 0.000946, 0.0, 1.0, 0.0, 0.316653, 0.0, 0.0, 0.0, 1.0],
                [0.900842, 0.0, -0.434148, -5e-06, -0.434148, 0.0, -0.900842, 0.000946, 0.0, 1.0, 0.0, 0.316863, 0.0, 0.0, 0.0, 1.0],
                [0.900842, 0.0, -0.434148, -5e-06, -0.434148, 0.0, -0.900842, 0.000946, 0.0, 1.0, 0.0, 0.31704, 0.0, 0.0, 0.0, 1.0],
                [0.900842, 0.0, -0.434148, -5e-06, -0.434148, 0.0, -0.900842, 0.000946, 0.0, 1.0, 0.0, 0.317184, 0.0, 0.0, 0.0, 1.0],
                [0.900842, 0.0, -0.434148, -5e-06, -0.434148, 0.0, -0.900842, 0.000946, 0.0, 1.0, 0.0, 0.317297, 0.0, 0.0, 0.0, 1.0],
                [0.900842, 0.0, -0.434148, -5e-06, -0.434148, 0.0, -0.900842, 0.000946, 0.0, 1.0, 0.0, 0.317377, 0.0, 0.0, 0.0, 1.0],
                [0.900842, 0.0, -0.434148, -5e-06, -0.434148, 0.0, -0.900842, 0.000946, 0.0, 1.0, 0.0, 0.317424, 0.0, 0.0, 0.0, 1.0],
                [0.900842, 0.0, -0.434148, -5e-06, -0.434148, 0.0, -0.900842, 0.000946, 0.0, 1.0, 0.0, 0.31744, 0.0, 0.0, 0.0, 1.0]
            ]
        },
        {
            "name": "Thigh_R",
            "time": [0.0, 0.0167, 0.0333, 0.05, 0.0667, 0.0833, 0.1, 0.1167, 0.1333, 0.15, 0.1667, 0.1833, 0.2, 0.2167, 0.2333, 0.25, 0.2667, 0.2833, 0.3, 0.3167, 0.3333, 0.35, 0.3667, 0.3833, 0.4, 0.4167, 0.4333, 0.45, 0.4667, 0.4833, 0.5, 0.5167, 0.5333, 0.55, 0.5667, 0.5833, 0.6, 0.6167, 0.6333, 0.65, 0.6667, 0.6833, 0.7, 0.7167, 0.7333, 0.75, 0.7667, 0.7833, 0.8, 0.8167, 0.8333, 0.85, 0.8667, 0.8833, 0.9, 0.9167, 0.9333, 0.95, 0.9667, 0.9833, 1.0, 1.0167, 1.0333, 1.05, 1.0667, 1.0833, 1.1, 1.1167, 1.1333, 1.15, 1.1667, 1.1833, 1.2, 1.2167, 1.2333, 1.25, 1.2667, 1.2833, 1.3, 1.3167, 1.3333, 1.35, 1.3667, 1.3833, 1.4, 1.4167, 1.4333, 1.45, 1.4667, 1.4833, 1.5, 1.5167, 1.5333, 1.55, 1.5667, 1.5833, 1.6, 1.6167, 1.6333, 1.65, 1.6667, 1.6833, 1.7, 1.7167, 1.7333, 1.75, 1.7667, 1.7833, 1.8, 1.8167, 1.8333, 1.85, 1.8667, 1.8833, 1.9, 1.9167, 1.9333, 1.95, 1.9667, 1.9833, 2.0],
            "transform": [
                [0.929909, -0.151128, -0.335296, 0.124994, 0.074093, -0.815988, 0.573284, -0.002831, -0.360251, -0.557926, -0.747587, -1.2e-05, 0.0, 0.0, 0.0, 1.0],
                [0.929896, -0.143766, -0.338553, 0.124994, 0.075666, -0.825978, 0.558585, -0.002831, -0.359957, -0.545024, -0.757184, -1.2e-05, 0.0, 0.0, 0.0, 1.0],
                [0.929909, -0.136267, -0.341603, 0.124994, 0.077309, -0.835638, 0.543795, -0.002831, -0.359572, -0.532071, -0.766522, -1.2e-05, 0.0, 0.0, 0.0, 1.0],
                [0.929949, -0.128631, -0.344443, 0.124994, 0.079029, -0.84497, 0.528924, -0.002831, -0.359094, -0.519075, -0.775604, -1.2e-05, 0.0, 0.0, 0.0, 1.0],
                [0.930016, -0.120857, -0.34707, 0.124994, 0.080831, -0.853976, 0.513977, -0.002831, -0.358521, -0.506042, -0.784431, -1.2e-05, 0.0, 0.0, 0.0, 1.0],
                [0.930107, -0.112945, -0.349481, 0.124994, 0.082724, -0.862655, 0.498962, -0.002831, -0.357851, -0.49298, -0.793009, -1.2e-05, 0.0, 0.0, 0.0, 1.0],
                [0.930224, -0.104894, -0.351673, 0.124994, 0.084714, -0.87101, 0.483885, -0.002831, -0.357082, -0.479894, -0.801338, -1.2e-05, 0.0, 0.0, 0.0, 1.0],
                [0.930365, -0.096632, -0.353663, 0.124994, 0.086808, -0.879135, 0.468578, -0.002831, -0.356211, -0.46663, -0.809518, -1.2e-05, 0.0, 0.0, 0.0, 1.0],
                [0.930529, -0.088302, -0.355406, 0.124994, 0.089014, -0.886837, 0.453405, -0.002831, -0.355237, -0.453522, -0.817357, -1.2e-05, 0.0, 0.0, 0.0, 1.0],
                [0.930714, -0.07983, -0.35692, 0.124994, 0.091339, -0.894218, 0.43819, -0.002831, -0.354159, -0.44041, -0.824961, -1.2e-05, 0.0, 0.0, 0.0, 1.0],
                [0.930921, -0.071215, -0.358202, 0.124994, 0.093789, -0.90128, 0.422939, -0.002831, -0.352973, -0.427298, -0.832331, -1.2e-05, 0.0, 0.0, 0.0, 1.0],
                [0.931147, -0.062456, -0.359248, 0.124994, 0.096372, -0.908022, 0.40766, -0.002831, -0.35168, -0.414193, -0.839473, -1.2e-05, 0.0, 0.0, 0.0, 1.0],
                [0.931389, -0.053552, -0.360056, 0.124994, 0.099096, -0.914448, 0.392357, -0.002831, -0.350277, -0.401097, -0.846391, -1.2e-05, 0.0, 0.0, 0.0, 1.0],
                [0.931648, -0.044502, -0.36062, 0.124994, 0.101967, -0.920556, 0.377038, -0.002831, -0.348763, -0.388018, -0.853086, -1.2e-05, 0.0, 0.0, 0.0, 1.0],
                [0.931919, -0.035307, -0.360937, 0.124994, 0.104992, -0.926349, 0.361708, -0.002831, -0.347138, -0.374957, -0.859565, -1.2e-05, 0.0, 0.0, 0.0, 1.0],
                [0.9322, -0.025967, -0.361004, 0.124994, 0.108177, -0.931826, 0.346374, -0.002831, -0.345401, -0.361921, -0.86583, -1.2e-05, 0.0, 0.0, 0.0, 1.0],
                [0.932488, -0.01648, -0.360816, 0.124994, 0.111529, -0.93699, 0.331041, -0.002831, -0.34355, -0.348913, -0.871885, -1.2e-05, 0.0, 0.0, 0.0, 1.0],
                [0.932781, -0.006849, -0.360371, 0.124994, 0.115055, -0.94184, 0.315717, -0.002831, -0.341587, -0.335936, -0.877733, -1.2e-05, 0.0, 0.0, 0.0, 1.0],
                [0.933075, 0.002926, -0.359663, 0.124994, 0.118759, -0.946377, 0.300407, -0.002831, -0.339511, -0.322994, -0.883379, -1.2e-05, 0.0, 0.0, 0.0, 1.0],
                [0.933366, 0.012844, -0.358689, 0.124994, 0.122646, -0.950601, 0.285117, -0.002831, -0.337322, -0.310089, -0.888825, -1.2e-05, 0.0, 0.0, 0.0, 1.0],
                [0.93365, 0.022901, -0.357447, 0.124994, 0.126722, -0.954514, 0.269855, -0.002831, -0.335021, -0.297225, -0.894074, -1.2e-05, 0.0, 0.0, 0.0, 1.0],
                [0.933923, 0.033095, -0.355933, 0.124994, 0.13099, -0.958114, 0.254626, -0.002831, -0.33261, -0.284403, -0.899131, -1.2e-05, 0.0, 0.0, 0.0, 1.0],
                [0.93418, 0.043422, -0.354143, 0.124994, 0.135454, -0.961404, 0.239438, -0.002831, -0.33009, -0.271626, -0.903997, -1.2e-05, 0.0, 0.0, 0.0, 1.0],
                [0.934417, 0.053879, -0.352076, 0.124994, 0.140115, -0.964383, 0.224297, -0.002831, -0.327464, -0.258896, -0.908676, -1.2e-05, 0.0, 0.0, 0.0, 1.0],
                [0.934629, 0.064459, -0.349729, 0.124994, 0.144976, -0.967051, 0.209211, -0.002831, -0.324733, -0.246214, -0.91317, -1.2e-05, 0.0, 0.0, 0.0, 1.0],
                [0.93481, 0.075159, -0.347099, 0.124994, 0.150036, -0.969412, 0.194177, -0.002831, -0.3219, -0.233574, -0.917483, -1.2e-05, 0.0, 0.0, 0.0, 1.0],
                [0.934955, 0.085969, -0.344187, 0.124994, 0.155296, -0.971463, 0.179211, -0.002831, -0.318971, -0.220982, -0.921616, -1.2e-05, 0.0, 0.0, 0.0, 1.0],
                [0.935059, 0.096883, -0.34099, 0.124994, 0.160755, -0.973207, 0.164319, -0.002831, -0.315947, -0.208441, -0.925571, -1.2e-05, 0.0, 0.0, 0.0, 1.0],
                [0.935117, 0.107889, -0.33751, 0.124994, 0.166409, -0.974643, 0.149509, -0.002831, -0.312833, -0.19595, -0.92935, -1.2e-05, 0.0, 0.0, 0.0, 1.0],
                [0.935123, 0.118979, -0.333746, 0.124994, 0.172254, -0.975774, 0.134787, -0.002831, -0.309636, -0.183508, -0.932954, -1.2e-05, 0.0, 0.0, 0.0, 1.0],
                [0.935071, 0.130142, -0.3297, 0.124994, 0.178287, -0.976601, 0.120159, -0.002831, -0.306359, -0.171115, -0.936385, -1.2e-05, 0.0, 0.0, 0.0, 1.0],
                [0.935275, 0.133446, -0.327796, 0.124994, 0.181832, -0.975771, 0.121577, -0.002831, -0.303642, -0.173288, -0.93687, -1.2e-05, 0.0, 0.0, 0.0, 1.0],
                [0.935367, 0.136533, -0.326258, 0.124994, 0.186141, -0.97441, 0.125894, -0.002831, -0.300732, -0.178464, -0.936837, -1.2e-05, 0.0, 0.0, 0.0, 1.0],
                [0.935339, 0.139368, -0.325139, 0.124994, 0.191196, -0.97246, 0.13319, -0.002831, -0.297633, -0.18672, -0.936217, -1.2e-05, 0.0, 0.0, 0.0, 1.0],
                [0.935179, 0.141911, -0.324498, 0.124994, 0.196972, -0.969832, 0.143533, -0.002831, -0.294351, -0.198123, -0.93491, -1.2e-05, 0.0, 0.0, 0.0, 1.0],
                [0.934876, 0.14411, -0.3244, 0.124994, 0.20344, -0.966408, 0.156976, -0.002831, -0.290893, -0.212727, -0.932781, -1.2e-05, 0.0, 0.0, 0.0, 1.0],
                [0.934421, 0.145902, -0.32491, 0.124994, 0.210558, -0.96204, 0.173547, -0.002831, -0.287267, -0.230556, -0.929663, -1.2e-05, 0.0, 0.0, 0.0, 1.0],
                [0.933805, 0.147207, -0.326092, 0.124994, 0.218278, -0.956547, 0.193256, -0.002831, -0.283485, -0.251619, -0.925351, -1.2e-05, 0.0, 0.0, 0.0, 1.0],
                [0.93302, 0.147917, -0.328012, 0.124994, 0.226536, -0.949713, 0.216103, -0.002831, -0.279563, -0.275913, -0.919602, -1.2e-05, 0.0, 0.0, 0.0, 1.0],
                [0.932064, 0.147903, -0.330724, 0.124994, 0.235256, -0.941297, 0.242054, -0.002831, -0.27552, -0.303393, -0.912136, -1.2e-05, 0.0, 0.0, 0.0, 1.0],
                [0.930939, 0.147008, -0.334272, 0.124994, 0.244346, -0.931024, 0.271044, -0.002831, -0.271381, -0.333982, -0.90264, -1.2e-05, 0.0, 0.0, 0.0, 1.0],
                [0.929653, 0.144975, -0.33871, 0.124994, 0.253696, -0.918535, 0.303163, -0.002831, -0.267176, -0.367745, -0.890691, -1.2e-05, 0.0, 0.0, 0.0, 1.0],
                [0.928222, 0.141705, -0.343977, 0.124994, 0.263182, -0.903608, 0.33794, -0.002831, -0.262943, -0.404192, -0.876036, -1.2e-05, 0.0, 0.0, 0.0, 1.0],
                [0.926669, 0.136897, -0.350056, 0.124994, 0.272664, -0.885855, 0.375357, -0.002831, -0.258724, -0.443259, -0.858214, -1.2e-05, 0.0, 0.0, 0.0, 1.0],
                [0.925029, 0.130282, -0.356855, 0.124994, 0.281989, -0.864914, 0.415192, -0.002831, -0.254567, -0.484674, -0.8368, -1.2e-05, 0.0, 0.0, 0.0, 1.0],
                [0.92334, 0.121578, -0.364223, 0.124994, 0.290998, -0.840413, 0.457169, -0.002831, -0.250526, -0.528092, -0.811359, -1.2e-05, 0.0, 0.0, 0.0, 1.0],
                [0.921653, 0.110513, -0.371939, 0.124994, 0.299527, -0.811981, 0.500948, -0.002831, -0.246656, -0.573088, -0.781459, -1.2e-05, 0.0, 0.0, 0.0, 1.0],
                [0.920022, 0.096842, -0.379708, 0.124994, 0.307415, -0.779262, 0.546101, -0.002831, -0.243016, -0.619134, -0.746702, -1.2e-05, 0.0, 0.0, 0.0, 1.0],
                [0.918503, 0.080388, -0.387151, 0.124994, 0.314507, -0.741956, 0.592087, -0.002831, -0.239662, -0.665578, -0.706764, -1.2e-05, 0.0, 0.0, 0.0, 1.0],
                [0.917154, 0.061058, -0.393822, 0.124994, 0.320665, -0.699836, 0.638266, -0.002831, -0.236649, -0.711657, -0.661429, -1.2e-05, 0.0, 0.0, 0.0, 1.0],
                [0.916029, 0.038789, -0.399227, 0.124994, 0.325767, -0.652632, 0.684053, -0.002831, -0.234024, -0.756651, -0.610458, -1.2e-05, 0.0, 0.0, 0.0, 1.0],
                [0.915173, 0.013953, -0.402813, 0.124994, 0.329716, -0.60073, 0.72828, -0.002831, -0.231829, -0.799301, -0.554365, -1.2e-05, 0.0, 0.0, 0.0, 1.0],
                [0.914626, -0.013129, -0.404082, 0.124994, 0.332438, -0.544387, 0.770135, -0.002831, -0.230097, -0.838703, -0.493537, -1.2e-05, 0.0, 0.0, 0.0, 1.0],
                [0.914411, -0.041869, -0.402609, 0.124994, 0.333886, -0.4843, 0.808674, -0.002831, -0.228851, -0.873872, -0.428862, -1.2e-05, 0.0, 0.0, 0.0, 1.0],
                [0.914542, -0.071514, -0.398111, 0.124994, 0.334038, -0.421505, 0.84305, -0.002831, -0.228105, -0.903975, -0.361587, -1.2e-05, 0.0, 0.0, 0.0, 1.0],
                [0.915019, -0.101207, -0.390501, 0.124994, 0.332896, -0.357324, 0.872628, -0.002831, -0.227861, -0.928455, -0.293257, -1.2e-05, 0.0, 0.0, 0.0, 1.0],
                [0.91583, -0.130075, -0.379908, 0.124994, 0.330486, -0.293272, 0.897078, -0.002831, -0.228113, -0.947113, -0.22559, -1.2e-05, 0.0, 0.0, 0.0, 1.0],
                [0.91695, -0.157322, -0.366668, 0.124994, 0.326851, -0.230903, 0.916423, -0.002831, -0.228847, -0.960149, -0.160295, -1.2e-05, 0.0, 0.0, 0.0, 1.0],
                [0.918348, -0.182314, -0.351271, 0.124994, 0.322053, -0.171645, 0.931019, -0.002831, -0.230041, -0.968117, -0.098904, -1.2e-05, 0.0, 0.0, 0.0, 1.0],
                [0.919985, -0.204622, -0.334291, 0.124994, 0.316163, -0.116683, 0.941489, -0.002831, -0.231665, -0.971837, -0.042641, -1.2e-05, 0.0, 0.0, 0.0, 1.0],
                [0.921817, -0.224037, -0.316313, 0.124994, 0.309265, -0.066874, 0.948608, -0.002831, -0.233686, -0.972259, 0.007654, -1.2e-05, 0.0, 0.0, 0.0, 1.0],
                [0.925489, -0.240291, -0.292785, 0.124994, 0.294527, -0.02951, 0.955174, -0.002831, -0.23817, -0.970227, 0.043474, -1.2e-05, 0.0, 0.0, 0.0, 1.0],
                [0.928821, -0.254505, -0.269279, 0.124994, 0.280086, 0.006473, 0.959939, -0.002831, -0.242576, -0.967025, 0.077309, -1.2e-05, 0.0, 0.0, 0.0, 1.0],
                [0.931828, -0.266785, -0.246, 0.124994, 0.265963, 0.040843, 0.963103, -0.002831, -0.246904, -0.962866, 0.109027, -1.2e-05, 0.0, 0.0, 0.0, 1.0],
                [0.934522, -0.277264, -0.223129, 0.124994, 0.252172, 0.073421, 0.964877, -0.002831, -0.251153, -0.95796, 0.138546, -1.2e-05, 0.0, 0.0, 0.0, 1.0],
                [0.93692, -0.286091, -0.200815, 0.124994, 0.238729, 0.104078, 0.965476, -0.002831, -0.255324, -0.952509, 0.165825, -1.2e-05, 0.0, 0.0, 0.0, 1.0],
                [0.939036, -0.293427, -0.179181, 0.124994, 0.225644, 0.132732, 0.965108, -0.002831, -0.259416, -0.946697, 0.190865, -1.2e-05, 0.0, 0.0, 0.0, 1.0],
                [0.940885, -0.299437, -0.158321, 0.124994, 0.212929, 0.159341, 0.96397, -0.002831, -0.263432, -0.940692, 0.213696, -1.2e-05, 0.0, 0.0, 0.0, 1.0],
                [0.942484, -0.304284, -0.138306, 0.124994, 0.20059, 0.1839, 0.962242, -0.002831, -0.267371, -0.934637, 0.234374, -1.2e-05, 0.0, 0.0, 0.0, 1.0],
                [0.943848, -0.308125, -0.119182, 0.124994, 0.188635, 0.20643, 0.960087, -0.002831, -0.271234, -0.928655, 0.252977, -1.2e-05, 0.0, 0.0, 0.0, 1.0],
                [0.944991, -0.311109, -0.100978, 0.124994, 0.177069, 0.226977, 0.957648, -0.002831, -0.275024, -0.922847, 0.269595, -1.2e-05, 0.0, 0.0, 0.0, 1.0],
                [0.94593, -0.313377, -0.083707, 0.124994, 0.165893, 0.245605, 0.955049, -0.002831, -0.278742, -0.917294, 0.284327, -1.2e-05, 0.0, 0.0, 0.0, 1.0],
                [0.946677, -0.315041, -0.067427, 0.124994, 0.155109, 0.262209, 0.952443, -0.002831, -0.282389, -0.912114, 0.297109, -1.2e-05, 0.0, 0.0, 0.0, 1.0],
                [0.947249, -0.316245, -0.052001, 0.124994, 0.144717, 0.277255, 0.949813, -0.002831, -0.285967, -0.907235, 0.308411, -1.2e-05, 0.0, 0.0, 0.0, 1.0],
                [0.947657, -0.317074, -0.03748, 0.124994, 0.134715, 0.290623, 0.947284, -0.002831, -0.289478, -0.90275, 0.318142, -1.2e-05, 0.0, 0.0, 0.0, 1.0],
                [0.947917, -0.317618, -0.023841, 0.124994, 0.125101, 0.302398, 0.944914, -0.002831, -0.292923, -0.898683, 0.326399, -1.2e-05, 0.0, 0.0, 0.0, 1.0],
                [0.948039, -0.317954, -0.011059, 0.124994, 0.115869, 0.312661, 0.942747, -0.002831, -0.296304, -0.895045, 0.333273, -1.2e-05, 0.0, 0.0, 0.0, 1.0],
                [0.948037, -0.318152, 0.000899, 0.124994, 0.107015, 0.321515, 0.940814, -0.002831, -0.299623, -0.891832, 0.338873, -1.2e-05, 0.0, 0.0, 0.0, 1.0],
                [0.947922, -0.318269, 0.012067, 0.124994, 0.098533, 0.329044, 0.939135, -0.002831, -0.30288, -0.889041, 0.343285, -1.2e-05, 0.0, 0.0, 0.0, 1.0],
                [0.947704, -0.318352, 0.022476, 0.124994, 0.090414, 0.335328, 0.937727, -0.002831, -0.306076, -0.88666, 0.346593, -1.2e-05, 0.0, 0.0, 0.0, 1.0],
                [0.947394, -0.318443, 0.032158, 0.124994, 0.08265, 0.340446, 0.936599, -0.002831, -0.309214, -0.884675, 0.348873, -1.2e-05, 0.0, 0.0, 0.0, 1.0],
                [0.947002, -0.318575, 0.041146, 0.124994, 0.075233, 0.344467, 0.935753, -0.002831, -0.312293, -0.883069, 0.350197, -1.2e-05, 0.0, 0.0, 0.0, 1.0],
                [0.946537, -0.318773, 0.049469, 0.124994, 0.068151, 0.347461, 0.935188, -0.002831, -0.315314, -0.881824, 0.350627, -1.2e-05, 0.0, 0.0, 0.0, 1.0],
                [0.946008, -0.319059, 0.057158, 0.124994, 0.061393, 0.349488, 0.9349, -0.002831, -0.318277, -0.88092, 0.350224, -1.2e-05, 0.0, 0.0, 0.0, 1.0],
                [0.945422, -0.319449, 0.064242, 0.124994, 0.054949, 0.350607, 0.934882, -0.002831, -0.321183, -0.880334, 0.349043, -1.2e-05, 0.0, 0.0, 0.0, 1.0],
                [0.944786, -0.319953, 0.070748, 0.124994, 0.048807, 0.350871, 0.935123, -0.002831, -0.324032, -0.880046, 0.347132, -1.2e-05, 0.0, 0.0, 0.0, 1.0],
                [0.944109, -0.320595, 0.076641, 0.124994, 0.042952, 0.350147, 0.935681, -0.002831, -0.326823, -0.880101, 0.344366, -1.2e-05, 0.0, 0.0, 0.0, 1.0],
                [0.943396, -0.321347, 0.082079, 0.124994, 0.037373, 0.34887, 0.936397, -0.002831, -0.329556, -0.880334, 0.341151, -1.2e-05, 0.0, 0.0, 0.0, 1.0],
                [0.942654, -0.322226, 0.087014, 0.124994, 0.032055, 0.346872, 0.937336, -0.002831, -0.33223, -0.880803, 0.337328, -1.2e-05, 0.0, 0.0, 0.0, 1.0],
                [0.941887, -0.323232, 0.09147, 0.124994, 0.026985, 0.34419, 0.938483, -0.002831, -0.334844, -0.881486, 0.332929, -1.2e-05, 0.0, 0.0, 0.0, 1.0],
                [0.941102, -0.324362, 0.095469, 0.124994, 0.022149, 0.340858, 0.939825, -0.002831, -0.337398, -0.882366, 0.327985, -1.2e-05, 0.0, 0.0, 0.0, 1.0],
                [0.940578, -0.32688, 0.091982, 0.124994, 0.023976, 0.334098, 0.942204, -0.002831, -0.338732, -0.884021, 0.322101, -1.2e-05, 0.0, 0.0, 0.0, 1.0],
                [0.940059, -0.329492, 0.08787, 0.124994, 0.026073, 0.326343, 0.944863, -0.002831, -0.340014, -0.885945, 0.315391, -1.2e-05, 0.0, 0.0, 0.0, 1.0],
                [0.939545, -0.332191, 0.083076, 0.124994, 0.0284, 0.317348, 0.947855, -0.002831, -0.341247, -0.888202, 0.307615, -1.2e-05, 0.0, 0.0, 0.0, 1.0],
                [0.939034, -0.334973, 0.077495, 0.124994, 0.030919, 0.306726, 0.951268, -0.002831, -0.342432, -0.890885, 0.298402, -1.2e-05, 0.0, 0.0, 0.0, 1.0],
                [0.938526, -0.337832, 0.070965, 0.124994, 0.033591, 0.293945, 0.955204, -0.002831, -0.343571, -0.894108, 0.287243, -1.2e-05, 0.0, 0.0, 0.0, 1.0],
                [0.93802, -0.340753, 0.063269, 0.124994, 0.036378, 0.278322, 0.959772, -0.002831, -0.344668, -0.89799, 0.273486, -1.2e-05, 0.0, 0.0, 0.0, 1.0],
                [0.937516, -0.343701, 0.054136, 0.124994, 0.039242, 0.259021, 0.965049, -0.002831, -0.345724, -0.902629, 0.256342, -1.2e-05, 0.0, 0.0, 0.0, 1.0],
                [0.937014, -0.346591, 0.043319, 0.124994, 0.042147, 0.235281, 0.970989, -0.002831, -0.346741, -0.908008, 0.235088, -1.2e-05, 0.0, 0.0, 0.0, 1.0],
                [0.936514, -0.34931, 0.030329, 0.124994, 0.045058, 0.205654, 0.977564, -0.002831, -0.347724, -0.914139, 0.208356, -1.2e-05, 0.0, 0.0, 0.0, 1.0],
                [0.936018, -0.351632, 0.014871, 0.124994, 0.04794, 0.169217, 0.98439, -0.002831, -0.348673, -0.920695, 0.175265, -1.2e-05, 0.0, 0.0, 0.0, 1.0],
                [0.935525, -0.353236, -0.00337, 0.124994, 0.05076, 0.124955, 0.990842, -0.002831, -0.349594, -0.92713, 0.134847, -1.2e-05, 0.0, 0.0, 0.0, 1.0],
                [0.935039, -0.353684, -0.024596, 0.124994, 0.053488, 0.072121, 0.995941, -0.002831, -0.350488, -0.932558, 0.086372, -1.2e-05, 0.0, 0.0, 0.0, 1.0],
                [0.934559, -0.352437, -0.048809, 0.124994, 0.056096, 0.010462, 0.998353, -0.002831, -0.351359, -0.935754, 0.029565, -1.2e-05, 0.0, 0.0, 0.0, 1.0],
                [0.934088, -0.348912, -0.075727, 0.124994, 0.058557, -0.059535, 0.996491, -0.002831, -0.352209, -0.93524, -0.035163, -1.2e-05, 0.0, 0.0, 0.0, 1.0],
                [0.933628, -0.342583, -0.104732, 0.124994, 0.060849, -0.136469, 0.988759, -0.002831, -0.353039, -0.929499, -0.106549, -1.2e-05, 0.0, 0.0, 0.0, 1.0],
                [0.933182, -0.33312, -0.134888, 0.124994, 0.062954, -0.218019, 0.973898, -0.002831, -0.353847, -0.917309, -0.182465, -1.2e-05, 0.0, 0.0, 0.0, 1.0],
                [0.932755, -0.320499, -0.165052, 0.124994, 0.064859, -0.301186, 0.951345, -0.002831, -0.35463, -0.898066, -0.26013, -1.2e-05, 0.0, 0.0, 0.0, 1.0],
                [0.932348, -0.305063, -0.194054, 0.124994, 0.066556, -0.382745, 0.921442, -0.002831, -0.355385, -0.872009, -0.336534, -1.2e-05, 0.0, 0.0, 0.0, 1.0],
                [0.931966, -0.287472, -0.220889, 0.124994, 0.068044, -0.459763, 0.885419, -0.002831, -0.356104, -0.840198, -0.40891, -1.2e-05, 0.0, 0.0, 0.0, 1.0],
                [0.931612, -0.268588, -0.244851, 0.124994, 0.069328, -0.53, 0.845147, -0.002831, -0.356781, -0.804311, -0.475121, -1.2e-05, 0.0, 0.0, 0.0, 1.0],
                [0.931289, -0.249325, -0.265575, 0.124994, 0.070418, -0.592084, 0.802782, -0.002831, -0.357411, -0.766309, -0.533832, -1.2e-05, 0.0, 0.0, 0.0, 1.0],
                [0.930998, -0.230531, -0.283002, 0.124994, 0.071329, -0.645466, 0.760439, -0.002831, -0.357987, -0.728139, -0.584472, -1.2e-05, 0.0, 0.0, 0.0, 1.0],
                [0.930741, -0.212909, -0.297293, 0.124994, 0.072076, -0.690239, 0.71997, -0.002831, -0.358505, -0.691518, -0.627077, -1.2e-05, 0.0, 0.0, 0.0, 1.0],
                [0.930519, -0.196996, -0.308739, 0.124994, 0.072678, -0.72691, 0.682862, -0.002831, -0.358961, -0.657838, -0.662075, -1.2e-05, 0.0, 0.0, 0.0, 1.0],
                [0.930331, -0.183172, -0.317686, 0.124994, 0.073151, -0.756195, 0.65023, -0.002831, -0.359351, -0.628152, -0.690102, -1.2e-05, 0.0, 0.0, 0.0, 1.0],
                [0.930178, -0.171688, -0.324476, 0.124994, 0.073512, -0.778863, 0.622856, -0.002831, -0.359674, -0.603203, -0.711849, -1.2e-05, 0.0, 0.0, 0.0, 1.0],
                [0.93006, -0.162691, -0.329414, 0.124994, 0.073776, -0.795636, 0.601251, -0.002831, -0.359926, -0.583484, -0.727975, -1.2e-05, 0.0, 0.0, 0.0, 1.0],
                [0.929975, -0.156255, -0.332751, 0.124994, 0.073955, -0.807127, 0.585712, -0.002831, -0.360106, -0.569289, -0.739042, -1.2e-05, 0.0, 0.0, 0.0, 1.0],
                [0.929925, -0.152404, -0.334671, 0.124994, 0.074059, -0.813806, 0.576382, -0.002831, -0.360215, -0.56076, -0.745481, -1.2e-05, 0.0, 0.0, 0.0, 1.0],
                [0.929909, -0.151128, -0.335296, 0.124994, 0.074093, -0.815988, 0.573284, -0.002831, -0.360251, -0.557926, -0.747587, -1.2e-05, 0.0, 0.0, 0.0, 1.0]
            ]
        },
        {
            "name": "Leg_R",
            "time": [0.0, 0.0167, 0.0333, 0.05, 0.0667, 0.0833, 0.1, 0.1167, 0.1333, 0.15, 0.1667, 0.1833, 0.2, 0.2167, 0.2333, 0.25, 0.2667, 0.2833, 0.3, 0.3167, 0.3333, 0.35, 0.3667, 0.3833, 0.4, 0.4167, 0.4333, 0.45, 0.4667, 0.4833, 0.5, 0.5167, 0.5333, 0.55, 0.5667, 0.5833, 0.6, 0.6167, 0.6333, 0.65, 0.6667, 0.6833, 0.7, 0.7167, 0.7333, 0.75, 0.7667, 0.7833, 0.8, 0.8167, 0.8333, 0.85, 0.8667, 0.8833, 0.9, 0.9167, 0.9333, 0.95, 0.9667, 0.9833, 1.0, 1.0167, 1.0333, 1.05, 1.0667, 1.0833, 1.1, 1.1167, 1.1333, 1.15, 1.1667, 1.1833, 1.2, 1.2167, 1.2333, 1.25, 1.2667, 1.2833, 1.3, 1.3167, 1.3333, 1.35, 1.3667, 1.3833, 1.4, 1.4167, 1.4333, 1.45, 1.4667, 1.4833, 1.5, 1.5167, 1.5333, 1.55, 1.5667, 1.5833, 1.6, 1.6167, 1.6333, 1.65, 1.6667, 1.6833, 1.7, 1.7167, 1.7333, 1.75, 1.7667, 1.7833, 1.8, 1.8167, 1.8333, 1.85, 1.8667, 1.8833, 1.9, 1.9167, 1.9333, 1.95, 1.9667, 1.9833, 2.0],
            "transform": [
                [0.999998, -0.000914, -0.001878, -0.0, 0.001008, -0.576148, 0.817337, 0.375166, -0.001829, -0.81735, -0.576135, -0.0, 0.0, 0.0, 0.0, 1.0],
                [0.999998, -0.000919, -0.00187, -0.0, 0.001014, -0.569783, 0.821786, 0.375166, -0.001821, -0.8218, -0.56977, 0.0, 0.0, 0.0, 0.0, 1.0],
                [0.999998, -0.000924, -0.001863, -0.0, 0.001019, -0.563272, 0.826262, 0.375166, -0.001813, -0.826276, -0.56326, 0.0, 0.0, 0.0, 0.0, 1.0],
                [0.999998, -0.000929, -0.001856, -0.0, 0.001025, -0.556616, 0.83076, 0.375166, -0.001805, -0.830775, -0.556604, -0.0, 0.0, 0.0, 0.0, 1.0],
                [0.999998, -0.000934, -0.001848, -0.0, 0.00103, -0.549815, 0.835277, 0.375166, -0.001796, -0.835292, -0.549803, -0.0, 0.0, 0.0, 0.0, 1.0],
                [0.999998, -0.000939, -0.00184, -0.0, 0.001036, -0.542869, 0.839808, 0.375166, -0.001788, -0.839823, -0.542857, -0.0, 0.0, 0.0, 0.0, 1.0],
                [0.999998, -0.000944, -0.001832, 0.0, 0.001041, -0.535778, 0.844349, 0.375166, -0.001779, -0.844365, -0.535766, -0.0, 0.0, 0.0, 0.0, 1.0],
