{
    "animation": [
        {
            "name": "Root",
            "time": [0.0, 0.0167, 0.0333, 0.05, 0.0667, 0.0833, 0.1, 0.1167, 0.1333, 0.15, 0.1667, 0.1833, 0.2, 0.2167, 0.2333, 0.25, 0.2667, 0.2833, 0.3, 0.3167, 0.3333, 0.35, 0.3667, 0.3833, 0.4, 0.4167, 0.4333, 0.45, 0.4667, 0.4833, 0.5, 0.5167, 0.5333, 0.55, 0.5667, 0.5833, 0.6, 0.6167, 0.6333, 0.65, 0.6667, 0.6833, 0.7, 0.7167, 0.7333, 0.75, 0.7667, 0.7833, 0.8, 0.8167, 0.8333, 0.85],
            "transform": [
                [0.997526, 0.0, 0.070304, -5e-06, 0.070304, 0.0, -0.997526, 0.000946, 0.0, 1.0, 0.0, 0.561197, 0.0, 0.0, 0.0, 1.0],
                [0.998202, 0.0, -0.059938, -5e-06, -0.059938, 0.0, -0.998202, 0.000946, 0.0, 1.0, 0.0, 0.561804, 0.0, 0.0, 0.0, 1.0],
                [0.874283, 0.0, -0.485417, -5e-06, -0.485417, 0.0, -0.874283, 0.000946, 0.0, 1.0, 0.0, 0.563637, 0.0, 0.0, 0.0, 1.0],
                [0.2613, 0.0, -0.965258, -5e-06, -0.965258, 0.0, -0.2613, 0.000946, 0.0, 1.0, 0.0, 0.5667, 0.0, 0.0, 0.0, 1.0],
                [-0.551788, 0.0, -0.833984, -5e-06, -0.833984, 0.0, 0.551788, 0.000946, 0.0, 1.0, 0.0, 0.570958, 0.0, 0.0, 0.0, 1.0],
                [-0.91487, 0.0, -0.403748, -5e-06, -0.403748, 0.0, 0.91487, 0.000946, 0.0, 1.0, 0.0, 0.576338, 0.0, 0.0, 0.0, 1.0],
                [-0.996147, 0.0, -0.087703, -5e-06, -0.087703, 0.0, 0.996147, 0.000946, 0.0, 1.0, 0.0, 0.582713, 0.0, 0.0, 0.0, 1.0],
                [-0.98651, 0.0, 0.1637, -5e-06, 0.1637, 0.0, 0.98651, 0.077607, 0.0, 1.0, 0.0, 0.589901, 0.0, 0.0, 0.0, 1.0],
                [-0.905877, 0.0, 0.42354, -5e-06, 0.42354, 0.0, 0.905877, 0.309031, 0.0, 1.0, 0.0, 0.597667, 0.0, 0.0, 0.0, 1.0],
                [-0.73727, 0.0, 0.675598, -5e-06, 0.675598, 0.0, 0.73727, 0.690633, 0.0, 1.0, 0.0, 0.605734, 0.0, 0.0, 0.0, 1.0],
                [-0.4679, 0.0, 0.883781, -5e-06, 0.883781, 0.0, 0.4679, 1.205681, 0.0, 1.0, 0.0, 0.613801, 0.0, 0.0, 0.0, 1.0],
                [-0.111966, 0.0, 0.993712, -5e-06, 0.993712, 0.0, 0.111966, 1.822449, 0.0, 1.0, 0.0, 0.621567, 0.0, 0.0, 0.0, 1.0],
                [0.270011, 0.0, 0.962857, -5e-06, 0.962857, 0.0, -0.270011, 2.494672, 0.0, 1.0, 0.0, 0.628755, 0.0, 0.0, 0.0, 1.0],
                [0.593849, 0.0, 0.804576, -5e-06, 0.804576, 0.0, -0.593849, 3.166896, 0.0, 1.0, 0.0, 0.63513, 0.0, 0.0, 0.0, 1.0],
                [0.809681, 0.0, 0.58687, -5e-06, 0.58687, 0.0, -0.809681, 3.783664, 0.0, 1.0, 0.0, 0.64051, 0.0, 0.0, 0.0, 1.0],
                [0.92457, 0.0, 0.381013, -5e-06, 0.381013, 0.0, -0.92457, 4.298711, 0.0, 1.0, 0.0, 0.644769, 0.0, 0.0, 0.0, 1.0],
                [0.974001, 0.0, 0.226545, -5e-06, 0.226545, 0.0, -0.974001, 4.680314, 0.0, 1.0, 0.0, 0.647831, 0.0, 0.0, 0.0, 1.0],
                [0.990861, 0.0, 0.134884, -5e-06, 0.134884, 0.0, -0.990861, 4.911737, 0.0, 1.0, 0.0, 0.649665, 0.0, 0.0, 0.0, 1.0],
                [0.994464, 0.0, 0.105075, -5e-06, 0.105075, 0.0, -0.994464, 4.988398, 0.0, 1.0, 0.0, 0.650272, 0.0, 0.0, 0.0, 1.0],
                [0.994464, 0.0, 0.105075, -5e-06, 0.105075, 0.0, -0.994464, 4.988398, 0.0, 1.0, 0.0, 0.650272, 0.0, 0.0, 0.0, 1.0],
                [0.994464, 0.0, 0.105075, -5e-06, 0.105075, 0.0, -0.994464, 4.988398, 0.0, 1.0, 0.0, 0.650272, 0.0, 0.0, 0.0, 1.0],
                [0.994464, 0.0, 0.105075, -5e-06, 0.105075, 0.0, -0.994464, 4.988398, 0.0, 1.0, 0.0, 0.650272, 0.0, 0.0, 0.0, 1.0],
                [0.994464, 0.0, 0.105075, -5e-06, 0.105075, 0.0, -0.994464, 4.988398, 0.0, 1.0, 0.0, 0.650272, 0.0, 0.0, 0.0, 1.0],
                [0.994464, 0.0, 0.105075, -5e-06, 0.105075, 0.0, -0.994464, 4.988398, 0.0, 1.0, 0.0, 0.650272, 0.0, 0.0, 0.0, 1.0],
                [0.994464, 0.0, 0.105075, -5e-06, 0.105075, 0.0, -0.994464, 4.988398, 0.0, 1.0, 0.0, 0.650272, 0.0, 0.0, 0.0, 1.0],
                [0.994464, 0.0, 0.105075, -5e-06, 0.105075, 0.0, -0.994464, 4.988398, 0.0, 1.0, 0.0, 0.650272, 0.0, 0.0, 0.0, 1.0],
                [0.994464, 0.0, 0.105075, -5e-06, 0.105075, 0.0, -0.994464, 4.988398, 0.0, 1.0, 0.0, 0.650272, 0.0, 0.0, 0.0, 1.0],
                [0.994464, 0.0, 0.105075, -5e-06, 0.105075, 0.0, -0.994464, 4.988398, 0.0, 1.0, 0.0, 0.650272, 0.0, 0.0, 0.0, 1.0],
                [0.994464, 0.0, 0.105075, -5e-06, 0.105075, 0.0, -0.994464, 4.988398, 0.0, 1.0, 0.0, 0.650272, 0.0, 0.0, 0.0, 1.0],
                [0.994464, 0.0, 0.105075, -5e-06, 0.105075, 0.0, -0.994464, 4.988398, 0.0, 1.0, 0.0, 0.650272, 0.0, 0.0, 0.0, 1.0],
                [0.994464, 0.0, 0.105075, -5e-06, 0.105075, 0.0, -0.994464, 4.988398, 0.0, 1.0, 0.0, 0.650272, 0.0, 0.0, 0.0, 1.0],
                [0.994464, 0.0, 0.105075, -5e-06, 0.105075, 0.0, -0.994464, 4.988398, 0.0, 1.0, 0.0, 0.650272, 0.0, 0.0, 0.0, 1.0],
                [0.994464, 0.0, 0.105075, -5e-06, 0.105075, 0.0, -0.994464, 4.988398, 0.0, 1.0, 0.0, 0.650272, 0.0, 0.0, 0.0, 1.0],
                [0.994464, 0.0, 0.105075, -5e-06, 0.105075, 0.0, -0.994464, 4.988398, 0.0, 1.0, 0.0, 0.650272, 0.0, 0.0, 0.0, 1.0],
                [0.994733, 0.0, 0.102499, -5e-06, 0.102499, 0.0, -0.994733, 4.988398, 0.0, 1.0, 0.0, 0.650878, 0.0, 0.0, 0.0, 1.0],
                [0.995506, 0.0, 0.094703, -5e-06, 0.094703, 0.0, -0.995506, 4.988398, 0.0, 1.0, 0.0, 0.652712, 0.0, 0.0, 0.0, 1.0],
                [0.99666, 0.0, 0.081659, -5e-06, 0.081659, 0.0, -0.99666, 4.988398, 0.0, 1.0, 0.0, 0.655774, 0.0, 0.0, 0.0, 1.0],
                [0.997984, 0.0, 0.063471, -5e-06, 0.063471, 0.0, -0.997984, 4.988398, 0.0, 1.0, 0.0, 0.660033, 0.0, 0.0, 0.0, 1.0],
                [0.999182, 0.0, 0.04043, -5e-06, 0.04043, 0.0, -0.999182, 4.988398, 0.0, 1.0, 0.0, 0.665413, 0.0, 0.0, 0.0, 1.0],
                [0.999915, 0.0, 0.013058, -5e-06, 0.013058, 0.0, -0.999915, 4.988398, 0.0, 1.0, 0.0, 0.671788, 0.0, 0.0, 0.0, 1.0],
                [0.99984, 0.0, -0.01786, -5e-06, -0.01786, 0.0, -0.99984, 4.988398, 0.0, 1.0, 0.0, 0.678976, 0.0, 0.0, 0.0, 1.0],
                [0.998684, 0.0, -0.05128, -5e-06, -0.05128, 0.0, -0.998684, 4.988398, 0.0, 1.0, 0.0, 0.686742, 0.0, 0.0, 0.0, 1.0],
                [0.996299, 0.0, -0.085954, -5e-06, -0.085954, 0.0, -0.996299, 4.988398, 0.0, 1.0, 0.0, 0.694809, 0.0, 0.0, 0.0, 1.0],
                [0.99271, 0.0, -0.120525, -5e-06, -0.120525, 0.0, -0.99271, 4.988398, 0.0, 1.0, 0.0, 0.702876, 0.0, 0.0, 0.0, 1.0],
                [0.988126, 0.0, -0.153649, -5e-06, -0.153649, 0.0, -0.988126, 4.988398, 0.0, 1.0, 0.0, 0.710642, 0.0, 0.0, 0.0, 1.0],
                [0.982903, 0.0, -0.184123, -5e-06, -0.184123, 0.0, -0.982903, 4.988398, 0.0, 1.0, 0.0, 0.71783, 0.0, 0.0, 0.0, 1.0],
                [0.977494, 0.0, -0.210965, -5e-06, -0.210965, 0.0, -0.977494, 4.988398, 0.0, 1.0, 0.0, 0.724205, 0.0, 0.0, 0.0, 1.0],
                [0.972366, 0.0, -0.23346, -5e-06, -0.23346, 0.0, -0.972366, 4.988398, 0.0, 1.0, 0.0, 0.729585, 0.0, 0.0, 0.0, 1.0],
                [0.967947, 0.0, -0.251153, -5e-06, -0.251153, 0.0, -0.967947, 4.988398, 0.0, 1.0, 0.0, 0.733844, 0.0, 0.0, 0.0, 1.0],
                [0.964576, 0.0, -0.263806, -5e-06, -0.263806, 0.0, -0.964576, 4.988398, 0.0, 1.0, 0.0, 0.736906, 0.0, 0.0, 0.0, 1.0],
                [0.962479, 0.0, -0.271355, -5e-06, -0.271355, 0.0, -0.962479, 4.988398, 0.0, 1.0, 0.0, 0.738739, 0.0, 0.0, 0.0, 1.0],
                [0.961773, 0.0, -0.273846, -5e-06, -0.273846, 0.0, -0.961773, 4.988398, 0.0, 1.0, 0.0, 0.739346, 0.0, 0.0, 0.0, 1.0],
                [0.961773, 0.0, -0.273846, -5e-06, -0.273846, 0.0, -0.961773, 4.988398, 0.0, 1.0, 0.0, 0.739346, 0.0, 0.0, 0.0, 1.0]
            ]
        },
        {
            "name": "Thigh_R",
            "time": [0.0, 0.0167, 0.0333, 0.05, 0.0667, 0.0833, 0.1, 0.1167, 0.1333, 0.15, 0.1667, 0.1833, 0.2, 0.2167, 0.2333, 0.25, 0.2667, 0.2833, 0.3, 0.3167, 0.3333, 0.35, 0.3667, 0.3833, 0.4, 0.4167, 0.4333, 0.45, 0.4667, 0.4833, 0.5, 0.5167, 0.5333, 0.55, 0.5667, 0.5833, 0.6, 0.6167, 0.6333, 0.65, 0.6667, 0.6833, 0.7, 0.7167, 0.7333, 0.75, 0.7667, 0.7833, 0.8, 0.8167, 0.8333, 0.85],
            "transform": [
                [0.999843, 0.015665, -0.008269, 0.124994, 0.015997, -0.598027, 0.801306, -0.002831, 0.007607, -0.801303, -0.598159, -1.2e-05, 0.0, 0.0, 0.0, 1.0],
                [0.999774, 0.020635, -0.005224, 0.124994, 0.016196, -0.578199, 0.815724, -0.002831, 0.013812, -0.815615, -0.578378, -1.2e-05, 0.0, 0.0, 0.0, 1.0],
                [0.999327, 0.036599, 0.002623, 0.124994, 0.0168, -0.519942, 0.854025, -0.002831, 0.032621, -0.853396, -0.520185, -1.2e-05, 0.0, 0.0, 0.0, 1.0],
                [0.997766, 0.065659, 0.012271, 0.124994, 0.017577, -0.435326, 0.90009, -0.002831, 0.064443, -0.897853, -0.435489, -1.2e-05, 0.0, 0.0, 0.0, 1.0],
                [0.993758, 0.109332, 0.022134, 0.124994, 0.0176, -0.349618, 0.936715, -0.002831, 0.110155, -0.930468, -0.349344, -1.2e-05, 0.0, 0.0, 0.0, 1.0],
                [0.985182, 0.167819, 0.035383, 0.124994, 0.01522, -0.291044, 0.956576, -0.002831, 0.170836, -0.941852, -0.289272, -1.2e-05, 0.0, 0.0, 0.0, 1.0],
                [0.969419, 0.23821, 0.058983, 0.124994, 0.009687, -0.277313, 0.960718, -0.002831, 0.245219, -0.930757, -0.271127, -1.2e-05, 0.0, 0.0, 0.0, 1.0],
                [0.954856, 0.289342, 0.067288, 0.124994, 0.027646, -0.312087, 0.949639, -0.002831, 0.295781, -0.904897, -0.305984, -1.2e-05, 0.0, 0.0, 0.0, 1.0],
                [0.951501, 0.305218, 0.038503, 0.124994, 0.087795, -0.389364, 0.916878, -0.002831, 0.294851, -0.869019, -0.397263, -1.2e-05, 0.0, 0.0, 0.0, 1.0],
                [0.949708, 0.313092, -0.004984, 0.124994, 0.168576, -0.497799, 0.85074, -0.002831, 0.263889, -0.808782, -0.525528, -1.2e-05, 0.0, 0.0, 0.0, 1.0],
                [0.942087, 0.333174, -0.038265, 0.124994, 0.248746, -0.617666, 0.746056, -0.002831, 0.22494, -0.712353, -0.664754, -1.2e-05, 0.0, 0.0, 0.0, 1.0],
                [0.928979, 0.367394, -0.044912, 0.124994, 0.317103, -0.727415, 0.608525, -0.002831, 0.190906, -0.579531, -0.792235, -1.2e-05, 0.0, 0.0, 0.0, 1.0],
                [0.913675, 0.405973, -0.019486, 0.124993, 0.371033, -0.813538, 0.447752, -0.002831, 0.165928, -0.416311, -0.893917, -1.2e-05, 0.0, 0.0, 0.0, 1.0],
                [0.89891, 0.436713, 0.035184, 0.124994, 0.411834, -0.869626, 0.272281, -0.002831, 0.149511, -0.230246, -0.961544, -1.2e-05, 0.0, 0.0, 0.0, 1.0],
                [0.886203, 0.449132, 0.113662, 0.124994, 0.44175, -0.89311, 0.084892, -0.002831, 0.139645, -0.025, -0.989852, -1.2e-05, 0.0, 0.0, 0.0, 1.0],
                [0.876229, 0.430924, 0.21569, 0.124994, 0.462819, -0.877225, -0.127549, -0.002831, 0.13425, 0.211608, -0.968057, -1.3e-05, 0.0, 0.0, 0.0, 1.0],
                [0.869187, 0.368044, 0.330225, 0.124994, 0.476629, -0.801418, -0.361309, -0.002831, 0.131674, 0.471459, -0.871968, -1.2e-05, 0.0, 0.0, 0.0, 1.0],
                [0.864951, 0.372779, 0.335987, 0.124994, 0.484578, -0.794533, -0.365912, -0.002831, 0.130553, 0.479327, -0.867839, -1.2e-05, 0.0, 0.0, 0.0, 1.0],
                [0.86356, 0.374123, 0.338065, 0.124994, 0.487128, -0.792174, -0.367636, -0.002831, 0.130269, 0.482175, -0.866302, -1.1e-05, 0.0, 0.0, 0.0, 1.0],
                [0.86356, 0.374123, 0.338065, 0.124994, 0.487128, -0.792174, -0.367636, -0.002831, 0.130269, 0.482175, -0.866302, -1.1e-05, 0.0, 0.0, 0.0, 1.0],
                [0.86356, 0.374123, 0.338065, 0.124994, 0.487128, -0.792174, -0.367636, -0.002831, 0.130269, 0.482175, -0.866302, -1.1e-05, 0.0, 0.0, 0.0, 1.0],
                [0.86356, 0.374123, 0.338065, 0.124994, 0.487128, -0.792174, -0.367636, -0.002831, 0.130269, 0.482175, -0.866302, -1.1e-05, 0.0, 0.0, 0.0, 1.0],
                [0.86356, 0.374123, 0.338065, 0.124994, 0.487128, -0.792174, -0.367636, -0.002831, 0.130269, 0.482175, -0.866302, -1.1e-05, 0.0, 0.0, 0.0, 1.0],
                [0.86356, 0.374123, 0.338065, 0.124994, 0.487128, -0.792174, -0.367636, -0.002831, 0.130269, 0.482175, -0.866302, -1.1e-05, 0.0, 0.0, 0.0, 1.0],
                [0.86356, 0.374123, 0.338065, 0.124994, 0.487128, -0.792174, -0.367636, -0.002831, 0.130269, 0.482175, -0.866302, -1.1e-05, 0.0, 0.0, 0.0, 1.0],
                [0.86356, 0.374123, 0.338065, 0.124994, 0.487128, -0.792174, -0.367636, -0.002831, 0.130269, 0.482175, -0.866302, -1.1e-05, 0.0, 0.0, 0.0, 1.0],
                [0.86356, 0.374123, 0.338065, 0.124994, 0.487128, -0.792174, -0.367636, -0.002831, 0.130269, 0.482175, -0.866302, -1.1e-05, 0.0, 0.0, 0.0, 1.0],
                [0.86356, 0.374123, 0.338065, 0.124994, 0.487128, -0.792174, -0.367636, -0.002831, 0.130269, 0.482175, -0.866302, -1.1e-05, 0.0, 0.0, 0.0, 1.0],
                [0.86356, 0.374123, 0.338065, 0.124994, 0.487128, -0.792174, -0.367636, -0.002831, 0.130269, 0.482175, -0.866302, -1.1e-05, 0.0, 0.0, 0.0, 1.0],
                [0.86356, 0.374123, 0.338065, 0.124994, 0.487128, -0.792174, -0.367636, -0.002831, 0.130269, 0.482175, -0.866302, -1.1e-05, 0.0, 0.0, 0.0, 1.0],
                [0.86356, 0.374123, 0.338065, 0.124994, 0.487128, -0.792174, -0.367636, -0.002831, 0.130269, 0.482175, -0.866302, -1.1e-05, 0.0, 0.0, 0.0, 1.0],
                [0.86356, 0.374123, 0.338065, 0.124994, 0.487128, -0.792174, -0.367636, -0.002831, 0.130269, 0.482175, -0.866302, -1.1e-05, 0.0, 0.0, 0.0, 1.0],
                [0.86356, 0.374123, 0.338065, 0.124994, 0.487128, -0.792174, -0.367636, -0.002831, 0.130269, 0.482175, -0.866302, -1.1e-05, 0.0, 0.0, 0.0, 1.0],
                [0.86356, 0.374123, 0.338065, 0.124994, 0.487128, -0.792174, -0.367636, -0.002831, 0.130269, 0.482175, -0.866302, -1.1e-05, 0.0, 0.0, 0.0, 1.0],
                [0.864527, 0.372654, 0.337215, 0.124994, 0.485196, -0.79382, -0.366639, -0.002831, 0.131063, 0.480604, -0.867055, -1.3e-05, 0.0, 0.0, 0.0, 1.0],
                [0.867466, 0.368177, 0.334576, 0.124994, 0.479284, -0.798783, -0.363625, -0.002831, 0.13338, 0.475808, -0.869344, -1.2e-05, 0.0, 0.0, 0.0, 1.0],
                [0.872422, 0.360578, 0.329932, 0.124994, 0.469169, -0.807022, -0.35859, -0.002831, 0.136967, 0.467654, -0.873201, -1.1e-05, 0.0, 0.0, 0.0, 1.0],
                [0.879404, 0.349896, 0.322821, 0.124994, 0.454609, -0.818512, -0.351226, -0.002831, 0.141345, 0.455645, -0.878835, -1.1e-05, 0.0, 0.0, 0.0, 1.0],
                [0.888342, 0.335808, 0.313168, 0.124994, 0.435419, -0.832607, -0.342297, -0.002831, 0.145805, 0.440453, -0.885822, -1.2e-05, 0.0, 0.0, 0.0, 1.0],
                [0.899037, 0.318529, 0.300442, 0.124994, 0.411581, -0.848919, -0.331556, -0.002831, 0.149446, 0.421754, -0.894275, -1.3e-05, 0.0, 0.0, 0.0, 1.0],
                [0.911118, 0.298308, 0.284376, 0.124994, 0.383375, -0.86671, -0.319109, -0.002831, 0.151284, 0.399785, -0.904004, -1.2e-05, 0.0, 0.0, 0.0, 1.0],
                [0.924027, 0.275628, 0.264949, 0.124994, 0.351492, -0.885087, -0.305071, -0.002831, 0.150422, 0.375036, -0.914689, -1.1e-05, 0.0, 0.0, 0.0, 1.0],
                [0.937053, 0.25122, 0.242521, 0.124994, 0.317075, -0.9031, -0.2896, -0.002831, 0.146272, 0.348281, -0.925872, -1.2e-05, 0.0, 0.0, 0.0, 1.0],
                [0.949434, 0.226036, 0.217897, 0.124994, 0.28165, -0.919866, -0.272974, -0.002831, 0.138739, 0.320554, -0.936979, -1.2e-05, 0.0, 0.0, 0.0, 1.0],
                [0.96048, 0.217914, 0.173172, 0.124994, 0.247031, -0.954056, -0.169555, -0.002831, 0.128272, 0.205647, -0.970147, -1.2e-05, 0.0, 0.0, 0.0, 1.0],
                [0.969778, 0.196135, 0.14512, 0.124994, 0.214709, -0.968544, -0.125774, -0.002831, 0.115891, 0.153144, -0.981348, -1.2e-05, 0.0, 0.0, 0.0, 1.0],
                [0.977135, 0.17374, 0.122557, 0.124994, 0.186101, -0.977649, -0.097808, -0.002831, 0.102828, 0.118391, -0.987591, -1.2e-05, 0.0, 0.0, 0.0, 1.0],
                [0.982617, 0.153518, 0.104383, 0.124994, 0.162166, -0.983507, -0.080087, -0.002831, 0.09037, 0.095633, -0.991269, -1.2e-05, 0.0, 0.0, 0.0, 1.0],
                [0.986449, 0.136958, 0.090336, 0.124994, 0.143445, -0.987201, -0.069687, -0.002831, 0.079638, 0.081711, -0.993432, -1.1e-05, 0.0, 0.0, 0.0, 1.0],
                [0.988915, 0.124855, 0.080357, 0.124994, 0.130144, -0.989406, -0.064319, -0.002831, 0.071477, 0.074074, -0.99465, -1.2e-05, 0.0, 0.0, 0.0, 1.0],
                [0.990274, 0.117557, 0.074416, 0.124994, 0.122255, -0.990557, -0.062048, -0.002831, 0.066422, 0.070552, -0.995257, -1.2e-05, 0.0, 0.0, 0.0, 1.0],
                [0.990703, 0.115138, 0.072456, 0.124994, 0.119659, -0.99091, -0.061467, -0.002831, 0.064723, 0.069575, -0.995437, -1.2e-05, 0.0, 0.0, 0.0, 1.0],
                [0.990703, 0.115138, 0.072456, 0.124994, 0.119659, -0.99091, -0.061467, -0.002831, 0.064723, 0.069575, -0.995437, -1.2e-05, 0.0, 0.0, 0.0, 1.0]
            ]
        },
        {
            "name": "Leg_R",
            "time": [0.0, 0.0167, 0.0333, 0.05, 0.0667, 0.0833, 0.1, 0.1167, 0.1333, 0.15, 0.1667, 0.1833, 0.2, 0.2167, 0.2333, 0.25, 0.2667, 0.2833, 0.3, 0.3167, 0.3333, 0.35, 0.3667, 0.3833, 0.4, 0.4167, 0.4333, 0.45, 0.4667, 0.4833, 0.5, 0.5167, 0.5333, 0.55, 0.5667, 0.5833, 0.6, 0.6167, 0.6333, 0.65, 0.6667, 0.6833, 0.7, 0.7167, 0.7333, 0.75, 0.7667, 0.7833, 0.8, 0.8167, 0.8333, 0.85],
            "transform": [
                [0.999998, -0.001095, -0.001461, 0.0, 0.001208, -0.203262, 0.97911, 0.375166, -0.001369, -0.979136, -0.203253, -0.0, 0.0, 0.0, 0.0, 1.0],
                [0.999998, -0.001083, -0.001511, -0.0, 0.001195, -0.248436, 0.968634, 0.375166, -0.001425, -0.96866, -0.248426, -0.0, 0.0, 0.0, 0.0, 1.0],
                [0.999998, -0.001038, -0.00165, -0.0, 0.001145, -0.372451, 0.928039, 0.375166, -0.001578, -0.928061, -0.372441, -0.0, 0.0, 0.0, 0.0, 1.0],
                [0.999998, -0.000948, -0.001826, 0.0, 0.001046, -0.529842, 0.848087, 0.375166, -0.001772, -0.848102, -0.52983, 0.0, 0.0, 0.0, 0.0, 1.0],
                [0.999998, -0.000838, -0.001973, 0.0, 0.000925, -0.661843, 0.749636, 0.375166, -0.001934, -0.749644, -0.661831, 0.0, 0.0, 0.0, 0.0, 1.0],
                [0.999998, -0.000757, -0.002057, 0.0, 0.000835, -0.736172, 0.676791, 0.375166, -0.002026, -0.676796, -0.736159, -0.0, 0.0, 0.0, 0.0, 1.0],
                [0.999998, -0.000738, -0.002073, 0.0, 0.000814, -0.751156, 0.660122, 0.375166, -0.002045, -0.660126, -0.751144, -0.0, 0.0, 0.0, 0.0, 1.0],
                [0.999998, -0.000766, -0.002048, -0.0, 0.000844, -0.728862, 0.684657, 0.375166, -0.002017, -0.684663, -0.728849, 0.0, 0.0, 0.0, 0.0, 1.0],
                [0.999997, -0.000817, -0.001997, 0.0, 0.000901, -0.68301, 0.730403, 0.375166, -0.001961, -0.730411, -0.682997, -0.0, 0.0, 0.0, 0.0, 1.0],
                [0.999998, -0.000892, -0.001907, 0.0, 0.000984, -0.602683, 0.797973, 0.375166, -0.001862, -0.797985, -0.60267, -0.0, 0.0, 0.0, 0.0, 1.0],
                [0.999998, -0.000985, -0.001763, 0.0, 0.001086, -0.473823, 0.880609, 0.375166, -0.001703, -0.880627, -0.473811, -0.0, 0.0, 0.0, 0.0, 1.0],
                [0.999998, -0.001072, -0.001553, -0.0, 0.001182, -0.285557, 0.958348, 0.375166, -0.001471, -0.958373, -0.285547, 0.0, 0.0, 0.0, 0.0, 1.0],
                [0.999999, -0.001117, -0.001274, -0.0, 0.001233, -0.036306, 0.999325, 0.375166, -0.001163, -0.999357, -0.036296, 0.0, 0.0, 0.0, 0.0, 1.0],
                [0.999999, -0.00108, -0.000944, -0.0, 0.001191, 0.25884, 0.965904, 0.375166, -0.000799, -0.96594, 0.258852, -0.0, 0.0, 0.0, 0.0, 1.0],
                [1.0, -0.000918, -0.000595, 0.0, 0.001013, 0.57055, 0.821244, 0.375166, -0.000415, -0.821282, 0.570563, -0.0, 0.0, 0.0, 0.0, 1.0],
                [1.0, -0.000569, -0.00027, 0.0, 0.000627, 0.860969, 0.508641, 0.375166, -5.6e-05, -0.508667, 0.860977, -0.0, 0.0, 0.0, 0.0, 1.0],
                [1.0, -6e-06, -0.000115, -0.0, 7e-06, 0.999986, 0.005384, 0.375166, 0.000115, -0.005372, 0.999986, -0.0, 0.0, 0.0, 0.0, 1.0],
                [1.0, -6e-06, -0.000115, 0.0, 7e-06, 0.999986, 0.005401, 0.375166, 0.000115, -0.005389, 0.999986, -1e-06, 0.0, 0.0, 0.0, 1.0],
                [1.0, -5e-06, -0.000115, 0.0, 6e-06, 0.999991, 0.004562, 0.375166, 0.000115, -0.00455, 0.999989, 0.0, 0.0, 0.0, 0.0, 1.0],
                [1.0, -5e-06, -0.000115, 0.0, 6e-06, 0.999991, 0.004562, 0.375166, 0.000115, -0.00455, 0.999989, 0.0, 0.0, 0.0, 0.0, 1.0],
                [1.0, -5e-06, -0.000115, 0.0, 6e-06, 0.999991, 0.004562, 0.375166, 0.000115, -0.00455, 0.999989, 0.0, 0.0, 0.0, 0.0, 1.0],
                [1.0, -5e-06, -0.000115, 0.0, 6e-06, 0.999991, 0.004562, 0.375166, 0.000115, -0.00455, 0.999989, 0.0, 0.0, 0.0, 0.0, 1.0],
                [1.0, -5e-06, -0.000115, 0.0, 6e-06, 0.999991, 0.004562, 0.375166, 0.000115, -0.00455, 0.999989, 0.0, 0.0, 0.0, 0.0, 1.0],
                [1.0, -5e-06, -0.000115, 0.0, 6e-06, 0.999991, 0.004562, 0.375166, 0.000115, -0.00455, 0.999989, 0.0, 0.0, 0.0, 0.0, 1.0],
                [1.0, -5e-06, -0.000115, 0.0, 6e-06, 0.999991, 0.004562, 0.375166, 0.000115, -0.00455, 0.999989, 0.0, 0.0, 0.0, 0.0, 1.0],
                [1.0, -5e-06, -0.000115, 0.0, 6e-06, 0.999991, 0.004562, 0.375166, 0.000115, -0.00455, 0.999989, 0.0, 0.0, 0.0, 0.0, 1.0],
                [1.0, -5e-06, -0.000115, 0.0, 6e-06, 0.999991, 0.004562, 0.375166, 0.000115, -0.00455, 0.999989, 0.0, 0.0, 0.0, 0.0, 1.0],
                [1.0, -5e-06, -0.000115, 0.0, 6e-06, 0.999991, 0.004562, 0.375166, 0.000115, -0.00455, 0.999989, 0.0, 0.0, 0.0, 0.0, 1.0],
                [1.0, -5e-06, -0.000115, 0.0, 6e-06, 0.999991, 0.004562, 0.375166, 0.000115, -0.00455, 0.999989, 0.0, 0.0, 0.0, 0.0, 1.0],
                [1.0, -5e-06, -0.000115, 0.0, 6e-06, 0.999991, 0.004562, 0.375166, 0.000115, -0.00455, 0.999989, 0.0, 0.0, 0.0, 0.0, 1.0],
                [1.0, -5e-06, -0.000115, 0.0, 6e-06, 0.999991, 0.004562, 0.375166, 0.000115, -0.00455, 0.999989, 0.0, 0.0, 0.0, 0.0, 1.0],
                [1.0, -5e-06, -0.000115, 0.0, 6e-06, 0.999991, 0.004562, 0.375166, 0.000115, -0.00455, 0.999989, 0.0, 0.0, 0.0, 0.0, 1.0],
                [1.0, -5e-06, -0.000115, 0.0, 6e-06, 0.999991, 0.004562, 0.375166, 0.000115, -0.00455, 0.999989, 0.0, 0.0, 0.0, 0.0, 1.0],
                [1.0, -5e-06, -0.000115, 0.0, 6e-06, 0.999991, 0.004562, 0.375166, 0.000115, -0.00455, 0.999989, 0.0, 0.0, 0.0, 0.0, 1.0],
                [1.0, -5e-06, -0.000115, 0.0, 6e-06, 0.99999, 0.004562, 0.375167, 0.000115, -0.00455, 0.99999, 1e-06, 0.0, 0.0, 0.0, 1.0],
                [1.0, -5e-06, -0.000115, 0.0, 6e-06, 0.999991, 0.00456, 0.375167, 0.000115, -0.004548, 0.99999, -0.0, 0.0, 0.0, 0.0, 1.0],
                [1.0, -5e-06, -0.000115, -0.0, 6e-06, 0.99999, 0.004558, 0.375166, 0.000115, -0.004546, 0.99999, 0.0, 0.0, 0.0, 0.0, 1.0],
                [1.0, -6e-06, -0.000115, -0.0, 7e-06, 0.999986, 0.005398, 0.375166, 0.000115, -0.005386, 0.999985, 0.0, 0.0, 0.0, 0.0, 1.0],
                [1.0, -6e-06, -0.000115, -0.0, 7e-06, 0.999986, 0.005394, 0.375166, 0.000115, -0.005382, 0.999986, -0.0, 0.0, 0.0, 0.0, 1.0],
                [1.0, -6e-06, -0.000115, -0.0, 7e-06, 0.999986, 0.005389, 0.375167, 0.000115, -0.005377, 0.999986, -0.0, 0.0, 0.0, 0.0, 1.0],
                [1.0, -6e-06, -0.000115, -0.0, 7e-06, 0.999987, 0.005384, 0.375166, 0.000115, -0.005372, 0.999986, 0.0, 0.0, 0.0, 0.0, 1.0],
                [1.0, -6e-06, -0.000115, 0.0, 7e-06, 0.999986, 0.00538, 0.375167, 0.000115, -0.005368, 0.999986, -0.0, 0.0, 0.0, 0.0, 1.0],
                [1.0, -6e-06, -0.000115, 0.0, 7e-06, 0.999987, 0.005376, 0.375166, 0.000115, -0.005364, 0.999985, 1e-06, 0.0, 0.0, 0.0, 1.0],
                [1.0, -6e-06, -0.000115, -0.0, 7e-06, 0.999987, 0.005373, 0.375166, 0.000115, -0.005361, 0.999986, -0.0, 0.0, 0.0, 0.0, 1.0],
                [1.0, -0.000208, -0.000135, 0.0, 0.00023, 0.982472, 0.186408, 0.375166, 9.3e-05, -0.18641, 0.982472, 0.0, 0.0, 0.0, 0.0, 1.0],
                [1.0, -0.000266, -0.000147, -0.0, 0.000293, 0.971346, 0.237665, 0.375166, 8e-05, -0.237671, 0.971347, -0.0, 0.0, 0.0, 0.0, 1.0],
                [1.0, -0.000289, -0.000153, 0.0, 0.000318, 0.966086, 0.258214, 0.375166, 7.3e-05, -0.258222, 0.966088, -0.0, 0.0, 0.0, 0.0, 1.0],
                [1.0, -0.000293, -0.000154, 0.0, 0.000323, 0.965015, 0.262186, 0.375166, 7.2e-05, -0.262195, 0.965017, -0.0, 0.0, 0.0, 0.0, 1.0],
                [1.0, -0.000288, -0.000153, -0.0, 0.000317, 0.966355, 0.257205, 0.375166, 7.4e-05, -0.257212, 0.966357, 1e-06, 0.0, 0.0, 0.0, 1.0],
                [1.0, -0.000278, -0.00015, -0.0, 0.000307, 0.968512, 0.248962, 0.375166, 7.6e-05, -0.248969, 0.968513, -1e-06, 0.0, 0.0, 0.0, 1.0],
                [1.0, -0.000271, -0.000148, -0.0, 0.000298, 0.970282, 0.241971, 0.375166, 7.8e-05, -0.241978, 0.970284, -0.0, 0.0, 0.0, 0.0, 1.0],
                [1.0, -0.000268, -0.000147, -0.0, 0.000295, 0.970946, 0.239291, 0.375166, 7.9e-05, -0.239298, 0.970948, -0.0, 0.0, 0.0, 0.0, 1.0],
                [1.0, -0.000268, -0.000147, -0.0, 0.000295, 0.970946, 0.239291, 0.375166, 7.9e-05, -0.239298, 0.970948, -0.0, 0.0, 0.0, 0.0, 1.0]
            ]
        },
        {
            "name": "Knee_R",
            "time": [0.0, 0.0167, 0.0333, 0.05, 0.0667, 0.0833, 0.1, 0.1167, 0.1333, 0.15, 0.1667, 0.1833, 0.2, 0.2167, 0.2333, 0.25, 0.2667, 0.2833, 0.3, 0.3167, 0.3333, 0.35, 0.3667, 0.3833, 0.4, 0.4167, 0.4333, 0.45, 0.4667, 0.4833, 0.5, 0.5167, 0.5333, 0.55, 0.5667, 0.5833, 0.6, 0.6167, 0.6333, 0.65, 0.6667, 0.6833, 0.7, 0.7167, 0.7333, 0.75, 0.7667, 0.7833, 0.8, 0.8167, 0.8333, 0.85],
            "transform": [
                [1.0, -5.7e-05, 5.4e-05, 0.0, 5.7e-05, 0.048757, -0.998811, 0.375166, 5.4e-05, 0.998811, 0.048757, -0.0, 0.0, 0.0, 0.0, 1.0],
                [1.0, -5.7e-05, 5.4e-05, -0.0, 5.7e-05, 0.048757, -0.998811, 0.375166, 5.4e-05, 0.998811, 0.048757, -0.0, 0.0, 0.0, 0.0, 1.0],
                [1.0, -5.7e-05, 5.4e-05, -0.0, 5.7e-05, 0.048757, -0.998811, 0.375166, 5.4e-05, 0.998811, 0.048757, -0.0, 0.0, 0.0, 0.0, 1.0],
                [1.0, -5.7e-05, 5.4e-05, 0.0, 5.7e-05, 0.048757, -0.998811, 0.375166, 5.4e-05, 0.998811, 0.048757, 0.0, 0.0, 0.0, 0.0, 1.0],
                [1.0, -5.7e-05, 5.4e-05, 0.0, 5.7e-05, 0.048757, -0.998811, 0.375166, 5.4e-05, 0.998811, 0.048757, 0.0, 0.0, 0.0, 0.0, 1.0],
                [1.0, -5.7e-05, 5.4e-05, 0.0, 5.7e-05, 0.048757, -0.998811, 0.375166, 5.4e-05, 0.998811, 0.048757, -0.0, 0.0, 0.0, 0.0, 1.0],
                [1.0, -5.7e-05, 5.4e-05, 0.0, 5.7e-05, 0.048757, -0.998811, 0.375166, 5.4e-05, 0.998811, 0.048757, -0.0, 0.0, 0.0, 0.0, 1.0],
                [1.0, -5.7e-05, 5.4e-05, -0.0, 5.7e-05, 0.048757, -0.998811, 0.375166, 5.4e-05, 0.998811, 0.048757, 0.0, 0.0, 0.0, 0.0, 1.0],
                [1.0, -5.7e-05, 5.4e-05, 0.0, 5.7e-05, 0.048757, -0.998811, 0.375166, 5.4e-05, 0.998811, 0.048757, -0.0, 0.0, 0.0, 0.0, 1.0],
                [1.0, -5.7e-05, 5.4e-05, 0.0, 5.7e-05, 0.048757, -0.998811, 0.375166, 5.4e-05, 0.998811, 0.048757, -0.0, 0.0, 0.0, 0.0, 1.0],
                [1.0, -5.7e-05, 5.4e-05, 0.0, 5.7e-05, 0.048757, -0.998811, 0.375166, 5.4e-05, 0.998811, 0.048757, -0.0, 0.0, 0.0, 0.0, 1.0],
                [1.0, -5.7e-05, 5.4e-05, -0.0, 5.7e-05, 0.048757, -0.998811, 0.375166, 5.4e-05, 0.998811, 0.048757, 0.0, 0.0, 0.0, 0.0, 1.0],
                [1.0, -5.7e-05, 5.4e-05, -0.0, 5.7e-05, 0.048757, -0.998811, 0.375166, 5.4e-05, 0.998811, 0.048757, 0.0, 0.0, 0.0, 0.0, 1.0],
                [1.0, -5.7e-05, 5.4e-05, -0.0, 5.7e-05, 0.048757, -0.998811, 0.375166, 5.4e-05, 0.998811, 0.048757, -0.0, 0.0, 0.0, 0.0, 1.0],
                [1.0, -5.7e-05, 5.4e-05, 0.0, 5.7e-05, 0.048757, -0.998811, 0.375166, 5.4e-05, 0.998811, 0.048757, -0.0, 0.0, 0.0, 0.0, 1.0],
                [1.0, -5.7e-05, 5.4e-05, 0.0, 5.7e-05, 0.048757, -0.998811, 0.375166, 5.4e-05, 0.998811, 0.048757, -0.0, 0.0, 0.0, 0.0, 1.0],
                [1.0, -5.7e-05, 5.4e-05, -0.0, 5.7e-05, 0.048757, -0.998811, 0.375166, 5.4e-05, 0.998811, 0.048757, -0.0, 0.0, 0.0, 0.0, 1.0],
                [1.0, -5.7e-05, 5.4e-05, 0.0, 5.7e-05, 0.048757, -0.998811, 0.375166, 5.4e-05, 0.998811, 0.048757, -1e-06, 0.0, 0.0, 0.0, 1.0],
                [1.0, -5.7e-05, 5.4e-05, 0.0, 5.7e-05, 0.048757, -0.998811, 0.375166, 5.4e-05, 0.998811, 0.048757, 0.0, 0.0, 0.0, 0.0, 1.0],
                [1.0, -5.7e-05, 5.4e-05, 0.0, 5.7e-05, 0.048757, -0.998811, 0.375166, 5.4e-05, 0.998811, 0.048757, 0.0, 0.0, 0.0, 0.0, 1.0],
                [1.0, -5.7e-05, 5.4e-05, 0.0, 5.7e-05, 0.048757, -0.998811, 0.375166, 5.4e-05, 0.998811, 0.048757, 0.0, 0.0, 0.0, 0.0, 1.0],
                [1.0, -5.7e-05, 5.4e-05, 0.0, 5.7e-05, 0.048757, -0.998811, 0.375166, 5.4e-05, 0.998811, 0.048757, 0.0, 0.0, 0.0, 0.0, 1.0],
                [1.0, -5.7e-05, 5.4e-05, 0.0, 5.7e-05, 0.048757, -0.998811, 0.375166, 5.4e-05, 0.998811, 0.048757, 0.0, 0.0, 0.0, 0.0, 1.0],
                [1.0, -5.7e-05, 5.4e-05, 0.0, 5.7e-05, 0.048757, -0.998811, 0.375166, 5.4e-05, 0.998811, 0.048757, 0.0, 0.0, 0.0, 0.0, 1.0],
                [1.0, -5.7e-05, 5.4e-05, 0.0, 5.7e-05, 0.048757, -0.998811, 0.375166, 5.4e-05, 0.998811, 0.048757, 0.0, 0.0, 0.0, 0.0, 1.0],
                [1.0, -5.7e-05, 5.4e-05, 0.0, 5.7e-05, 0.048757, -0.998811, 0.375166, 5.4e-05, 0.998811, 0.048757, 0.0, 0.0, 0.0, 0.0, 1.0],
                [1.0, -5.7e-05, 5.4e-05, 0.0, 5.7e-05, 0.048757, -0.998811, 0.375166, 5.4e-05, 0.998811, 0.048757, 0.0, 0.0, 0.0, 0.0, 1.0],
                [1.0, -5.7e-05, 5.4e-05, 0.0, 5.7e-05, 0.048757, -0.998811, 0.375166, 5.4e-05, 0.998811, 0.048757, 0.0, 0.0, 0.0, 0.0, 1.0],
                [1.0, -5.7e-05, 5.4e-05, 0.0, 5.7e-05, 0.048757, -0.998811, 0.375166, 5.4e-05, 0.998811, 0.048757, 0.0, 0.0, 0.0, 0.0, 1.0],
                [1.0, -5.7e-05, 5.4e-05, 0.0, 5.7e-05, 0.048757, -0.998811, 0.375166, 5.4e-05, 0.998811, 0.048757, 0.0, 0.0, 0.0, 0.0, 1.0],
                [1.0, -5.7e-05, 5.4e-05, 0.0, 5.7e-05, 0.048757, -0.998811, 0.375166, 5.4e-05, 0.998811, 0.048757, 0.0, 0.0, 0.0, 0.0, 1.0],
                [1.0, -5.7e-05, 5.4e-05, 0.0, 5.7e-05, 0.048757, -0.998811, 0.375166, 5.4e-05, 0.998811, 0.048757, 0.0, 0.0, 0.0, 0.0, 1.0],
                [1.0, -5.7e-05, 5.4e-05, 0.0, 5.7e-05, 0.048757, -0.998811, 0.375166, 5.4e-05, 0.998811, 0.048757, 0.0, 0.0, 0.0, 0.0, 1.0],
                [1.0, -5.7e-05, 5.4e-05, 0.0, 5.7e-05, 0.048757, -0.998811, 0.375166, 5.4e-05, 0.998811, 0.048757, 0.0, 0.0, 0.0, 0.0, 1.0],
                [1.0, -5.7e-05, 5.4e-05, 0.0, 5.7e-05, 0.048757, -0.998811, 0.375167, 5.4e-05, 0.998811, 0.048757, 1e-06, 0.0, 0.0, 0.0, 1.0],
                [1.0, -5.7e-05, 5.4e-05, 0.0, 5.7e-05, 0.048757, -0.998811, 0.375167, 5.4e-05, 0.998811, 0.048757, -0.0, 0.0, 0.0, 0.0, 1.0],
                [1.0, -5.7e-05, 5.4e-05, -0.0, 5.7e-05, 0.048757, -0.998811, 0.375166, 5.4e-05, 0.998811, 0.048757, 0.0, 0.0, 0.0, 0.0, 1.0],
                [1.0, -5.7e-05, 5.4e-05, -0.0, 5.7e-05, 0.048757, -0.998811, 0.375166, 5.4e-05, 0.998811, 0.048757, 0.0, 0.0, 0.0, 0.0, 1.0],
                [1.0, -5.7e-05, 5.4e-05, -0.0, 5.7e-05, 0.048757, -0.998811, 0.375166, 5.4e-05, 0.998811, 0.048757, -0.0, 0.0, 0.0, 0.0, 1.0],
                [1.0, -5.7e-05, 5.4e-05, -0.0, 5.7e-05, 0.048757, -0.998811, 0.375167, 5.4e-05, 0.998811, 0.048757, -0.0, 0.0, 0.0, 0.0, 1.0],
                [1.0, -5.7e-05, 5.4e-05, -0.0, 5.7e-05, 0.048757, -0.998811, 0.375166, 5.4e-05, 0.998811, 0.048757, 0.0, 0.0, 0.0, 0.0, 1.0],
                [1.0, -5.7e-05, 5.4e-05, 0.0, 5.7e-05, 0.048757, -0.998811, 0.375167, 5.4e-05, 0.998811, 0.048757, -0.0, 0.0, 0.0, 0.0, 1.0],
                [1.0, -5.7e-05, 5.4e-05, 0.0, 5.7e-05, 0.048757, -0.998811, 0.375166, 5.4e-05, 0.998811, 0.048757, 1e-06, 0.0, 0.0, 0.0, 1.0],
                [1.0, -5.7e-05, 5.4e-05, -0.0, 5.7e-05, 0.048757, -0.998811, 0.375166, 5.4e-05, 0.998811, 0.048757, -0.0, 0.0, 0.0, 0.0, 1.0],
                [1.0, -5.7e-05, 5.4e-05, 0.0, 5.7e-05, 0.048757, -0.998811, 0.375166, 5.4e-05, 0.998811, 0.048757, 0.0, 0.0, 0.0, 0.0, 1.0],
                [1.0, -5.7e-05, 5.4e-05, -0.0, 5.7e-05, 0.048757, -0.998811, 0.375166, 5.4e-05, 0.998811, 0.048757, -0.0, 0.0, 0.0, 0.0, 1.0],
                [1.0, -5.7e-05, 5.4e-05, 0.0, 5.7e-05, 0.048757, -0.998811, 0.375166, 5.4e-05, 0.998811, 0.048757, -0.0, 0.0, 0.0, 0.0, 1.0],
                [1.0, -5.7e-05, 5.4e-05, 0.0, 5.7e-05, 0.048757, -0.998811, 0.375166, 5.4e-05, 0.998811, 0.048757, -0.0, 0.0, 0.0, 0.0, 1.0],
                [1.0, -5.7e-05, 5.4e-05, -0.0, 5.7e-05, 0.048757, -0.998811, 0.375166, 5.4e-05, 0.998811, 0.048757, 1e-06, 0.0, 0.0, 0.0, 1.0],
                [1.0, -5.7e-05, 5.4e-05, -0.0, 5.7e-05, 0.048757, -0.998811, 0.375166, 5.4e-05, 0.998811, 0.048757, -1e-06, 0.0, 0.0, 0.0, 1.0],
                [1.0, -5.7e-05, 5.4e-05, -0.0, 5.7e-05, 0.048757, -0.998811, 0.375166, 5.4e-05, 0.998811, 0.048757, -0.0, 0.0, 0.0, 0.0, 1.0],
                [1.0, -5.7e-05, 5.4e-05, -0.0, 5.7e-05, 0.048757, -0.998811, 0.375166, 5.4e-05, 0.998811, 0.048757, -0.0, 0.0, 0.0, 0.0, 1.0],
                [1.0, -5.7e-05, 5.4e-05, -0.0, 5.7e-05, 0.048757, -0.998811, 0.375166, 5.4e-05, 0.998811, 0.048757, -0.0, 0.0, 0.0, 0.0, 1.0]
            ]
        },
        {
            "name": "Thigh_L",
            "time": [0.0, 0.0167, 0.0333, 0.05, 0.0667, 0.0833, 0.1, 0.1167, 0.1333, 0.15, 0.1667, 0.1833, 0.2, 0.2167, 0.2333, 0.25, 0.2667, 0.2833, 0.3, 0.3167, 0.3333, 0.35, 0.3667, 0.3833, 0.4, 0.4167, 0.4333, 0.45, 0.4667, 0.4833, 0.5, 0.5167, 0.5333, 0.55, 0.5667, 0.5833, 0.6, 0.6167, 0.6333, 0.65, 0.6667, 0.6833, 0.7, 0.7167, 0.7333, 0.75, 0.7667, 0.7833, 0.8, 0.8167, 0.8333, 0.85],
            "transform": [
                [0.997993, 0.036512, -0.051735, -0.125006, 0.061081, -0.770533, 0.634457, -0.002831, -0.0167, -0.63633, -0.771183, -1.2e-05, 0.0, 0.0, 0.0, 1.0],
                [0.997272, 0.042804, -0.060134, -0.125006, 0.071225, -0.771892, 0.631741, -0.002831, -0.019377, -0.634287, -0.772802, -1.2e-05, 0.0, 0.0, 0.0, 1.0],
                [0.994569, 0.06113, -0.084229, -0.125006, 0.10043, -0.776032, 0.622636, -0.002831, -0.027304, -0.627701, -0.777924, -1.2e-05, 0.0, 0.0, 0.0, 1.0],
                [0.989175, 0.087312, -0.117938, -0.125006, 0.141354, -0.782754, 0.606056, -0.002831, -0.039403, -0.616153, -0.786588, -1.2e-05, 0.0, 0.0, 0.0, 1.0],
                [0.982132, 0.112719, -0.150695, -0.125006, 0.180459, -0.791266, 0.584228, -0.002831, -0.053389, -0.600971, -0.797434, -1.2e-05, 0.0, 0.0, 0.0, 1.0],
                [0.976354, 0.128426, -0.173895, -0.125006, 0.205557, -0.800581, 0.562855, -0.002831, -0.066935, -0.585278, -0.808014, -1.2e-05, 0.0, 0.0, 0.0, 1.0],
                [0.974153, 0.129765, -0.184893, -0.125006, 0.211725, -0.809797, 0.547168, -0.002831, -0.078726, -0.572159, -0.816305, -1.2e-05, 0.0, 0.0, 0.0, 1.0],
                [0.974866, 0.118177, -0.188863, -0.125006, 0.204163, -0.813206, 0.54498, -0.002831, -0.089185, -0.569829, -0.816858, -1.2e-05, 0.0, 0.0, 0.0, 1.0],
                [0.977061, 0.096318, -0.18993, -0.125006, 0.188642, -0.805317, 0.562022, -0.002831, -0.098826, -0.584947, -0.804977, -1.2e-05, 0.0, 0.0, 0.0, 1.0],
                [0.980268, 0.06612, -0.186283, -0.125006, 0.166113, -0.786373, 0.594989, -0.002831, -0.107152, -0.614184, -0.781803, -1.2e-05, 0.0, 0.0, 0.0, 1.0],
                [0.983907, 0.030946, -0.175974, -0.125006, 0.137826, -0.758222, 0.637251, -0.002831, -0.113713, -0.651244, -0.750248, -1.2e-05, 0.0, 0.0, 0.0, 1.0],
                [0.987377, -0.004892, -0.158309, -0.125006, 0.105426, -0.725644, 0.679934, -0.002831, -0.118208, -0.688038, -0.715929, -1.2e-05, 0.0, 0.0, 0.0, 1.0],
                [0.990159, -0.037447, -0.134834, -0.125007, 0.070997, -0.695902, 0.714605, -0.002831, -0.120596, -0.717147, -0.686356, -1.2e-05, 0.0, 0.0, 0.0, 1.0],
                [0.991946, -0.064372, -0.109077, -0.125006, 0.036971, -0.676564, 0.735439, -0.002831, -0.121145, -0.733554, -0.668695, -1.2e-05, 0.0, 0.0, 0.0, 1.0],
                [0.99271, -0.085272, -0.085167, -0.125006, 0.005846, -0.671789, 0.740701, -0.002831, -0.120381, -0.735809, -0.666353, -1.2e-05, 0.0, 0.0, 0.0, 1.0],
                [0.992694, -0.100775, -0.066356, -0.125006, -0.020184, -0.680906, 0.732073, -0.002831, -0.118963, -0.725397, -0.677925, -1.3e-05, 0.0, 0.0, 0.0, 1.0],
                [0.992285, -0.111553, -0.054093, -0.125006, -0.039523, -0.698206, 0.714785, -0.002831, -0.11751, -0.707147, -0.697187, -1.2e-05, 0.0, 0.0, 0.0, 1.0],
                [0.991868, -0.117886, -0.047955, -0.125006, -0.051273, -0.715041, 0.697178, -0.002831, -0.116483, -0.689067, -0.71523, -1.2e-05, 0.0, 0.0, 0.0, 1.0],
                [0.991702, -0.11995, -0.046256, -0.125006, -0.055168, -0.722062, 0.689604, -0.002831, -0.116123, -0.681347, -0.722646, -1.2e-05, 0.0, 0.0, 0.0, 1.0],
                [0.991702, -0.11995, -0.046256, -0.125006, -0.055168, -0.722062, 0.689604, -0.002831, -0.116123, -0.681347, -0.722646, -1.2e-05, 0.0, 0.0, 0.0, 1.0],
                [0.991702, -0.11995, -0.046256, -0.125006, -0.055168, -0.722062, 0.689604, -0.002831, -0.116123, -0.681347, -0.722646, -1.2e-05, 0.0, 0.0, 0.0, 1.0],
                [0.991702, -0.11995, -0.046256, -0.125006, -0.055168, -0.722062, 0.689604, -0.002831, -0.116123, -0.681347, -0.722646, -1.2e-05, 0.0, 0.0, 0.0, 1.0],
                [0.991702, -0.11995, -0.046256, -0.125006, -0.055168, -0.722062, 0.689604, -0.002831, -0.116123, -0.681347, -0.722646, -1.2e-05, 0.0, 0.0, 0.0, 1.0],
                [0.991702, -0.11995, -0.046256, -0.125006, -0.055168, -0.722062, 0.689604, -0.002831, -0.116123, -0.681347, -0.722646, -1.2e-05, 0.0, 0.0, 0.0, 1.0],
                [0.991702, -0.11995, -0.046256, -0.125006, -0.055168, -0.722062, 0.689604, -0.002831, -0.116123, -0.681347, -0.722646, -1.2e-05, 0.0, 0.0, 0.0, 1.0],
                [0.991702, -0.11995, -0.046256, -0.125006, -0.055168, -0.722062, 0.689604, -0.002831, -0.116123, -0.681347, -0.722646, -1.2e-05, 0.0, 0.0, 0.0, 1.0],
                [0.991702, -0.11995, -0.046256, -0.125006, -0.055168, -0.722062, 0.689604, -0.002831, -0.116123, -0.681347, -0.722646, -1.2e-05, 0.0, 0.0, 0.0, 1.0],
                [0.991702, -0.11995, -0.046256, -0.125006, -0.055168, -0.722062, 0.689604, -0.002831, -0.116123, -0.681347, -0.722646, -1.2e-05, 0.0, 0.0, 0.0, 1.0],
                [0.991702, -0.11995, -0.046256, -0.125006, -0.055168, -0.722062, 0.689604, -0.002831, -0.116123, -0.681347, -0.722646, -1.2e-05, 0.0, 0.0, 0.0, 1.0],
                [0.991702, -0.11995, -0.046256, -0.125006, -0.055168, -0.722062, 0.689604, -0.002831, -0.116123, -0.681347, -0.722646, -1.2e-05, 0.0, 0.0, 0.0, 1.0],
                [0.991702, -0.11995, -0.046256, -0.125006, -0.055168, -0.722062, 0.689604, -0.002831, -0.116123, -0.681347, -0.722646, -1.2e-05, 0.0, 0.0, 0.0, 1.0],
                [0.991702, -0.11995, -0.046256, -0.125006, -0.055168, -0.722062, 0.689604, -0.002831, -0.116123, -0.681347, -0.722646, -1.2e-05, 0.0, 0.0, 0.0, 1.0],
                [0.991702, -0.11995, -0.046256, -0.125006, -0.055168, -0.722062, 0.689604, -0.002831, -0.116123, -0.681347, -0.722646, -1.2e-05, 0.0, 0.0, 0.0, 1.0],
                [0.991702, -0.11995, -0.046256, -0.125006, -0.055168, -0.722062, 0.689604, -0.002831, -0.116123, -0.681347, -0.722646, -1.2e-05, 0.0, 0.0, 0.0, 1.0],
                [0.991623, -0.119904, -0.048031, -0.125006, -0.05408, -0.723107, 0.688594, -0.002831, -0.117302, -0.680245, -0.723493, -1.2e-05, 0.0, 0.0, 0.0, 1.0],
                [0.991367, -0.119759, -0.053381, -0.125006, -0.050829, -0.726323, 0.68545, -0.002831, -0.120867, -0.676836, -0.726099, -1.2e-05, 0.0, 0.0, 0.0, 1.0],
                [0.99088, -0.119492, -0.062266, -0.125006, -0.04553, -0.731876, 0.679894, -0.002831, -0.126819, -0.670875, -0.730601, -1.2e-05, 0.0, 0.0, 0.0, 1.0],
                [0.990088, -0.119052, -0.074515, -0.125006, -0.038429, -0.739954, 0.671539, -0.002831, -0.135092, -0.662035, -0.737153, -1.2e-05, 0.0, 0.0, 0.0, 1.0],
                [0.988903, -0.118348, -0.089803, -0.125006, -0.029906, -0.750703, 0.659943, -0.002831, -0.145525, -0.649949, -0.74587, -1.2e-05, 0.0, 0.0, 0.0, 1.0],
                [0.987252, -0.11724, -0.107641, -0.125006, -0.020449, -0.764152, 0.644693, -0.002831, -0.157845, -0.634287, -0.756767, -1.3e-05, 0.0, 0.0, 0.0, 1.0],
                [0.9851, -0.115544, -0.127383, -0.125006, -0.010612, -0.780132, 0.625507, -0.002831, -0.171657, -0.614848, -0.769692, -1.2e-05, 0.0, 0.0, 0.0, 1.0],
