{
    "animation": [
        {
            "name": "Root",
            "time": [0.0, 0.0167, 0.0333, 0.05, 0.0667, 0.0833, 0.1, 0.1167, 0.1333, 0.15, 0.1667, 0.1833, 0.2, 0.2167, 0.2333, 0.25, 0.2667, 0.2833, 0.3, 0.3167, 0.3333, 0.35, 0.3667, 0.3833, 0.4, 0.4167, 0.4333, 0.45, 0.4667, 0.4833, 0.5, 0.5167, 0.5333, 0.55, 0.5667, 0.5833, 0.6, 0.6167, 0.6333, 0.65, 0.6667, 0.6833, 0.7, 0.7167, 0.7333, 0.75, 0.7667, 0.7833, 0.8, 0.8167, 0.8333, 0.85, 0.8667, 0.8833, 0.9, 0.9167, 0.9333, 0.95, 0.9667, 0.9833, 1.0, 1.0167, 1.0333, 1.05, 1.0667, 1.0833, 1.1, 1.1167, 1.1333, 1.15, 1.1667, 1.1833, 1.2, 2.0],
            "transform": [
                [0.154036, -0.985273, -0.074236, -0.338968, -0.434148, 0.0, -0.900842, -0.015222, 0.887575, 0.170991, -0.427754, 0.439612, 0.0, 0.0, 0.0, 1.0],
                [0.15402, -0.985302, -0.073871, -0.338984, -0.459008, -0.005144, -0.888417, -0.019129, 0.874979, 0.170742, -0.453054, 0.443457, 0.0, 0.0, 0.0, 1.0],
                [0.154036, -0.985381, -0.072782, -0.339026, -0.534203, -0.021087, -0.845093, -0.031208, 0.831204, 0.169055, -0.529642, 0.454332, 0.0, 0.0, 0.0, 1.0],
                [0.154283, -0.985472, -0.071001, -0.339066, -0.655965, -0.048428, -0.753236, -0.051727, 0.738855, 0.162786, -0.653907, 0.469579, 0.0, 0.0, 0.0, 1.0],
                [0.155092, -0.985508, -0.068706, -0.339053, -0.805709, -0.08594, -0.586045, -0.079383, 0.571647, 0.146248, -0.807361, 0.484106, 0.0, 0.0, 0.0, 1.0],
                [0.156772, -0.9854, -0.066403, -0.338928, -0.93806, -0.127532, -0.322147, -0.109173, 0.308975, 0.112794, -0.944358, 0.491669, 0.0, 0.0, 0.0, 1.0],
                [0.159236, -0.985103, -0.064923, -0.338671, -0.986688, -0.161001, 0.022902, -0.131951, -0.033014, 0.060412, -0.997627, 0.489171, 0.0, 0.0, 0.0, 1.0],
                [0.16172, -0.984698, -0.064934, -0.338354, -0.908447, -0.174252, 0.379947, -0.139551, -0.385448, -0.002456, -0.922726, 0.480727, 0.0, 0.0, 0.0, 1.0],
                [0.163201, -0.984359, -0.066351, -0.338114, -0.725135, -0.165282, 0.668477, -0.131817, -0.668988, -0.060983, -0.740767, 0.474284, 0.0, 0.0, 0.0, 1.0],
                [0.163106, -0.984228, -0.068494, -0.338049, -0.499655, -0.142266, 0.854462, -0.115663, -0.85073, -0.105144, -0.514978, 0.473845, 0.0, 0.0, 0.0, 1.0],
                [0.161423, -0.984349, -0.070711, -0.338183, -0.283839, -0.114931, 0.951959, -0.098337, -0.945186, -0.133598, -0.297949, 0.477674, 0.0, 0.0, 0.0, 1.0],
                [0.158356, -0.984705, -0.072657, -0.338496, -0.100372, -0.089258, 0.990938, -0.083868, -0.982267, -0.149628, -0.112971, 0.48182, 0.0, 0.0, 0.0, 1.0],
                [0.154036, -0.985273, -0.074236, -0.338968, 0.047762, -0.06762, 0.996567, -0.073555, -0.98691, -0.157053, 0.036643, 0.482972, 0.0, 0.0, 0.0, 1.0],
                [0.149437, -0.985908, -0.075192, -0.339483, 0.180424, -0.04758, 0.982437, -0.065944, -0.972171, -0.160379, 0.170771, 0.480938, 0.0, 0.0, 0.0, 1.0],
                [0.145619, -0.986466, -0.075361, -0.339924, 0.313069, -0.026312, 0.949366, -0.059558, -0.9385, -0.161838, 0.305001, 0.477107, 0.0, 0.0, 0.0, 1.0],
                [0.14271, -0.986927, -0.074899, -0.340277, 0.442737, -0.004028, 0.896642, -0.054499, -0.885222, -0.16112, 0.436374, 0.471696, 0.0, 0.0, 0.0, 1.0],
                [0.140804, -0.987268, -0.073999, -0.34053, 0.565816, 0.018911, 0.824314, -0.050878, -0.81242, -0.157936, 0.561275, 0.465034, 0.0, 0.0, 0.0, 1.0],
                [0.139937, -0.987475, -0.072879, -0.340672, 0.678241, 0.04197, 0.73364, -0.048794, -0.721392, -0.152093, 0.675619, 0.457555, 0.0, 0.0, 0.0, 1.0],
                [0.140066, -0.987538, -0.071769, -0.340702, 0.775969, 0.064458, 0.627469, -0.048307, -0.615023, -0.143578, 0.775327, 0.449759, 0.0, 0.0, 0.0, 1.0],
                [0.14106, -0.987461, -0.070874, -0.340625, 0.855705, 0.08561, 0.510333, -0.049388, -0.497866, -0.132635, 0.857051, 0.442156, 0.0, 0.0, 0.0, 1.0],
                [0.142705, -0.987262, -0.070344, -0.340459, 0.915662, 0.104705, 0.388072, -0.051871, -0.375763, -0.119791, 0.918941, 0.435213, 0.0, 0.0, 0.0, 1.0],
                [0.144745, -0.986973, -0.070244, -0.340229, 0.956046, 0.121207, 0.266994, -0.055429, -0.255002, -0.105802, 0.961135, 0.429308, 0.0, 0.0, 0.0, 1.0],
                [0.146916, -0.98663, -0.07055, -0.339966, 0.979004, 0.13485, 0.152861, -0.059592, -0.141303, -0.091527, 0.985726, 0.42472, 0.0, 0.0, 0.0, 1.0],
                [0.148998, -0.986273, -0.071171, -0.339697, 0.988067, 0.145655, 0.050079, -0.063809, -0.039025, -0.077783, 0.996206, 0.421639, 0.0, 0.0, 0.0, 1.0],
                [0.150827, -0.985937, -0.071975, -0.339447, 0.987337, 0.153862, -0.038636, -0.067538, 0.049166, -0.065236, 0.996658, 0.420183, 0.0, 0.0, 0.0, 1.0],
                [0.152304, -0.985647, -0.072827, -0.339235, 0.980755, 0.159833, -0.112128, -0.070307, 0.122159, -0.054348, 0.991021, 0.42042, 0.0, 0.0, 0.0, 1.0],
                [0.153379, -0.985422, -0.073611, -0.339073, 0.971636, 0.163963, -0.170409, -0.071765, 0.179994, -0.045386, 0.98262, 0.422373, 0.0, 0.0, 0.0, 1.0],
                [0.154036, -0.985273, -0.074236, -0.338968, 0.962478, 0.166611, -0.214192, -0.071689, 0.223406, -0.038457, 0.973967, 0.42603, 0.0, 0.0, 0.0, 1.0],
                [0.153936, -0.98524, -0.074869, -0.338954, 0.954052, 0.167921, -0.248169, -0.071275, 0.257078, -0.033227, 0.965819, 0.430007, 0.0, 0.0, 0.0, 1.0],
                [0.152768, -0.98536, -0.075676, -0.339062, 0.946293, 0.16793, -0.276276, -0.071733, 0.28494, -0.029406, 0.958094, 0.432911, 0.0, 0.0, 0.0, 1.0],
                [0.150628, -0.985619, -0.076587, -0.339282, 0.939706, 0.166809, -0.298542, -0.072931, 0.307024, -0.027001, 0.951319, 0.434742, 0.0, 0.0, 0.0, 1.0],
                [0.147683, -0.98599, -0.077541, -0.33959, 0.934598, 0.164776, -0.315238, -0.07471, 0.323599, -0.025914, 0.945839, 0.43558, 0.0, 0.0, 0.0, 1.0],
                [0.144184, -0.986434, -0.07848, -0.339956, 0.931044, 0.162098, -0.326928, -0.076882, 0.335214, -0.025931, 0.941785, 0.435591, 0.0, 0.0, 0.0, 1.0],
                [0.140462, -0.986902, -0.079344, -0.34034, 0.928874, 0.159095, -0.334489, -0.079224, 0.342731, -0.026718, 0.939054, 0.435023, 0.0, 0.0, 0.0, 1.0],
                [0.136907, -0.987343, -0.080065, -0.340701, 0.927701, 0.156135, -0.339106, -0.081484, 0.347315, -0.02785, 0.937335, 0.434194, 0.0, 0.0, 0.0, 1.0],
                [0.133939, -0.987709, -0.080565, -0.340999, 0.926986, 0.153617, -0.342198, -0.083392, 0.350368, -0.028849, 0.936168, 0.433462, 0.0, 0.0, 0.0, 1.0],
                [0.13196, -0.987959, -0.080765, -0.341201, 0.92612, 0.151927, -0.345283, -0.084691, 0.353396, -0.029234, 0.935017, 0.433182, 0.0, 0.0, 0.0, 1.0],
                [0.131313, -0.988059, -0.080597, -0.341277, 0.924503, 0.151401, -0.349818, -0.085156, 0.357844, -0.028577, 0.933344, 0.433674, 0.0, 0.0, 0.0, 1.0],
                [0.132255, -0.98798, -0.08002, -0.341203, 0.921588, 0.152286, -0.35705, -0.084629, 0.364945, -0.026524, 0.930651, 0.435199, 0.0, 0.0, 0.0, 1.0],
                [0.134949, -0.987696, -0.079032, -0.34096, 0.916894, 0.154715, -0.367924, -0.083027, 0.375625, -0.022813, 0.926491, 0.437953, 0.0, 0.0, 0.0, 1.0],
                [0.139477, -0.987174, -0.077674, -0.340523, 0.909989, 0.158711, -0.383054, -0.080347, 0.390468, -0.017255, 0.920455, 0.442071, 0.0, 0.0, 0.0, 1.0],
                [0.145851, -0.98638, -0.076033, -0.339869, 0.900467, 0.164192, -0.40274, -0.076656, 0.409738, -0.009725, 0.912151, 0.447643, 0.0, 0.0, 0.0, 1.0],
                [0.154036, -0.985273, -0.074236, -0.338968, 0.887929, 0.170991, -0.427017, -0.072079, 0.433422, -0.00014, 0.901191, 0.454724, 0.0, 0.0, 0.0, 1.0],
                [0.165708, -0.983572, -0.071608, -0.338541, 0.87237, 0.180061, -0.454476, -0.065407, 0.459904, 0.012842, 0.887876, 0.463193, 0.0, 0.0, 0.0, 1.0],
                [0.18274, -0.980839, -0.067534, -0.339208, 0.853752, 0.192376, -0.483838, -0.055407, 0.487559, 0.030759, 0.872548, 0.473055, 0.0, 0.0, 0.0, 1.0],
                [0.205362, -0.976701, -0.062295, -0.340714, 0.831555, 0.2077, -0.515147, -0.042248, 0.516083, 0.05399, 0.854835, 0.484562, 0.0, 0.0, 0.0, 1.0],
                [0.233774, -0.970663, -0.056246, -0.342698, 0.80518, 0.225697, -0.548403, -0.026182, 0.545009, 0.082914, 0.83432, 0.497982, 0.0, 0.0, 0.0, 1.0],
                [0.268103, -0.962101, -0.049828, -0.344691, 0.773962, 0.245897, -0.583539, -0.007566, 0.573676, 0.117884, 0.810555, 0.513582, 0.0, 0.0, 0.0, 1.0],
                [0.308354, -0.950273, -0.043584, -0.346115, 0.737207, 0.26767, -0.620385, 0.013112, 0.601201, 0.159168, 0.783085, 0.531591, 0.0, 0.0, 0.0, 1.0],
                [0.354337, -0.934339, -0.038166, -0.3463, 0.69425, 0.29019, -0.65864, 0.035211, 0.626468, 0.206884, 0.75149, 0.552153, 0.0, 0.0, 0.0, 1.0],
                [0.405598, -0.913407, -0.034322, -0.344514, 0.644529, 0.312424, -0.697835, 0.057926, 0.64813, 0.260919, 0.715436, 0.575274, 0.0, 0.0, 0.0, 1.0],
                [0.461347, -0.88661, -0.032874, -0.340014, 0.587692, 0.333143, -0.737315, 0.080297, 0.664663, 0.320839, 0.674748, 0.600758, 0.0, 0.0, 0.0, 1.0],
                [0.520409, -0.853213, -0.034662, -0.332129, 0.523714, 0.350969, -0.776238, 0.10124, 0.674461, 0.385809, 0.629487, 0.628153, 0.0, 0.0, 0.0, 1.0],
                [0.581221, -0.812739, -0.040461, -0.320347, 0.453011, 0.36447, -0.813599, 0.119623, 0.675991, 0.454551, 0.580017, 0.656723, 0.0, 0.0, 0.0, 1.0],
                [0.641889, -0.765107, -0.050886, -0.304418, 0.376522, 0.372303, -0.848305, 0.134371, 0.667989, 0.525358, 0.527057, 0.685457, 0.0, 0.0, 0.0, 1.0],
                [0.70033, -0.710736, -0.066277, -0.284431, 0.295725, 0.373388, -0.879277, 0.144586, 0.64968, 0.596184, 0.471677, 0.713133, 0.0, 0.0, 0.0, 1.0],
                [0.754474, -0.650589, -0.08662, -0.260849, 0.212562, 0.367073, -0.90558, 0.14968, 0.620956, 0.664825, 0.415237, 0.738449, 0.0, 0.0, 0.0, 1.0],
                [0.802506, -0.586131, -0.111508, -0.234482, 0.129269, 0.35326, -0.926551, 0.149466, 0.582472, 0.729148, 0.359262, 0.760184, 0.0, 0.0, 0.0, 1.0],
                [0.843084, -0.519195, -0.140162, -0.206392, 0.048144, 0.33245, -0.941891, 0.144184, 0.535622, 0.787346, 0.30528, 0.777367, 0.0, 0.0, 0.0, 1.0],
                [0.875486, -0.451778, -0.171523, -0.177758, -0.028713, 0.305681, -0.951701, 0.134468, 0.482389, 0.838126, 0.254648, 0.789414, 0.0, 0.0, 0.0, 1.0],
                [0.899648, -0.385827, -0.204379, -0.149719, -0.099607, 0.27439, -0.956446, 0.121238, 0.425102, 0.880822, 0.208423, 0.796188, 0.0, 0.0, 0.0, 1.0],
                [0.916096, -0.323044, -0.237508, -0.123249, -0.163371, 0.240218, -0.956873, 0.105572, 0.366166, 0.915389, 0.167287, 0.797989, 0.0, 0.0, 0.0, 1.0],
                [0.925802, -0.264771, -0.269792, -0.099075, -0.2194, 0.204826, -0.953892, 0.08856, 0.307823, 0.942307, 0.131537, 0.79547, 0.0, 0.0, 0.0, 1.0],
                [0.930001, -0.211938, -0.300301, -0.077648, -0.267583, 0.169735, -0.948467, 0.071204, 0.251988, 0.96243, 0.101142, 0.789522, 0.0, 0.0, 0.0, 1.0],
                [0.930026, -0.165089, -0.328325, -0.059169, -0.308199, 0.136234, -0.941517, 0.054347, 0.200163, 0.976824, 0.075821, 0.781149, 0.0, 0.0, 0.0, 1.0],
                [0.927169, -0.124442, -0.353372, -0.043633, -0.341783, 0.105339, -0.933857, 0.038645, 0.153435, 0.986619, 0.055135, 0.771361, 0.0, 0.0, 0.0, 1.0],
                [0.922591, -0.089977, -0.375141, -0.030892, -0.369007, 0.077792, -0.926165, 0.024572, 0.112517, 0.992901, 0.038568, 0.761097, 0.0, 0.0, 0.0, 1.0],
                [0.917273, -0.061517, -0.39348, -0.020719, -0.390583, 0.0541, -0.918977, 0.012442, 0.07782, 0.996639, 0.025597, 0.751169, 0.0, 0.0, 0.0, 1.0],
                [0.912002, -0.038802, -0.408346, -0.012854, -0.407184, 0.034573, -0.912691, 0.002442, 0.049532, 0.998649, 0.015731, 0.742245, 0.0, 0.0, 0.0, 1.0],
                [0.907375, -0.021544, -0.419769, -0.007043, -0.419409, 0.019375, -0.907591, -0.005333, 0.027686, 0.99958, 0.008545, 0.734843, 0.0, 0.0, 0.0, 1.0],
                [0.903816, -0.009469, -0.427817, -0.003068, -0.427748, 0.008564, -0.903858, -0.010856, 0.012222, 0.999919, 0.00369, 0.729332, 0.0, 0.0, 0.0, 1.0],
                [0.901592, -0.002346, -0.43258, -0.000759, -0.432576, 0.002127, -0.901595, -0.014139, 0.003035, 0.999995, 0.000902, 0.72595, 0.0, 0.0, 0.0, 1.0],
                [0.900842, -0.0, -0.434148, -5e-06, -0.434148, 0.0, -0.900842, -0.015222, 0.0, 1.0, -0.0, 0.724815, 0.0, 0.0, 0.0, 1.0],
                [0.900842, -0.0, -0.434148, -5e-06, -0.434148, 0.0, -0.900842, -0.015222, 0.0, 1.0, -0.0, 0.724815, 0.0, 0.0, 0.0, 1.0]
            ]
        },
        {
            "name": "Thigh_R",
            "time": [0.0, 0.0167, 0.0333, 0.05, 0.0667, 0.0833, 0.1, 0.1167, 0.1333, 0.15, 0.1667, 0.1833, 0.2, 0.2167, 0.2333, 0.25, 0.2667, 0.2833, 0.3, 0.3167, 0.3333, 0.35, 0.3667, 0.3833, 0.4, 0.4167, 0.4333, 0.45, 0.4667, 0.4833, 0.5, 0.5167, 0.5333, 0.55, 0.5667, 0.5833, 0.6, 0.6167, 0.6333, 0.65, 0.6667, 0.6833, 0.7, 0.7167, 0.7333, 0.75, 0.7667, 0.7833, 0.8, 0.8167, 0.8333, 0.85, 0.8667, 0.8833, 0.9, 0.9167, 0.9333, 0.95, 0.9667, 0.9833, 1.0, 1.0167, 1.0333, 1.05, 1.0667, 1.0833, 1.1, 1.1167, 1.1333, 1.15, 1.1667, 1.1833, 1.2, 2.0],
            "transform": [
                [0.939903, -0.044191, 0.33857, 0.086814, -0.135933, -0.958049, 0.252318, -0.002831, 0.313216, -0.283176, -0.906485, -0.089076, 0.0, 0.0, 0.0, 1.0],
                [0.939903, -0.044191, 0.33857, 0.086814, -0.135932, -0.95805, 0.252315, -0.002831, 0.313215, -0.283174, -0.906485, -0.089076, 0.0, 0.0, 0.0, 1.0],
                [0.939903, -0.04419, 0.33857, 0.086814, -0.135932, -0.958049, 0.252319, -0.002831, 0.313216, -0.283177, -0.906485, -0.089076, 0.0, 0.0, 0.0, 1.0],
                [0.939903, -0.044191, 0.33857, 0.086814, -0.135932, -0.95805, 0.252317, -0.002831, 0.313215, -0.283176, -0.906485, -0.089076, 0.0, 0.0, 0.0, 1.0],
                [0.939903, -0.044191, 0.33857, 0.086814, -0.135932, -0.95805, 0.252317, -0.002831, 0.313216, -0.283176, -0.906485, -0.089076, 0.0, 0.0, 0.0, 1.0],
                [0.939903, -0.044191, 0.33857, 0.086814, -0.135932, -0.95805, 0.252316, -0.002831, 0.313216, -0.283175, -0.906485, -0.089076, 0.0, 0.0, 0.0, 1.0],
                [0.939903, -0.044191, 0.33857, 0.086814, -0.135932, -0.958049, 0.252317, -0.002831, 0.313215, -0.283176, -0.906485, -0.089076, 0.0, 0.0, 0.0, 1.0],
                [0.939903, -0.044191, 0.33857, 0.086814, -0.135932, -0.958049, 0.252317, -0.002831, 0.313215, -0.283176, -0.906485, -0.089076, 0.0, 0.0, 0.0, 1.0],
                [0.939903, -0.044191, 0.33857, 0.086814, -0.135932, -0.958049, 0.252317, -0.002831, 0.313216, -0.283175, -0.906484, -0.089075, 0.0, 0.0, 0.0, 1.0],
                [0.939904, -0.044191, 0.33857, 0.086814, -0.135932, -0.95805, 0.252316, -0.002831, 0.313215, -0.283175, -0.906485, -0.089076, 0.0, 0.0, 0.0, 1.0],
                [0.939904, -0.044191, 0.33857, 0.086814, -0.135932, -0.95805, 0.252317, -0.002831, 0.313216, -0.283176, -0.906485, -0.089076, 0.0, 0.0, 0.0, 1.0],
                [0.939903, -0.044191, 0.33857, 0.086814, -0.135932, -0.95805, 0.252315, -0.002831, 0.313216, -0.283174, -0.906485, -0.089076, 0.0, 0.0, 0.0, 1.0],
                [0.939904, -0.044191, 0.33857, 0.086814, -0.135932, -0.95805, 0.252316, -0.002831, 0.313216, -0.283175, -0.906485, -0.089076, 0.0, 0.0, 0.0, 1.0],
                [0.939903, -0.044191, 0.33857, 0.086814, -0.135933, -0.95805, 0.252316, -0.002831, 0.313216, -0.283175, -0.906485, -0.089076, 0.0, 0.0, 0.0, 1.0],
                [0.939904, -0.044191, 0.33857, 0.086814, -0.135932, -0.95805, 0.252317, -0.002831, 0.313216, -0.283176, -0.906485, -0.089076, 0.0, 0.0, 0.0, 1.0],
                [0.939903, -0.044191, 0.33857, 0.086814, -0.135932, -0.95805, 0.252316, -0.002831, 0.313216, -0.283174, -0.906485, -0.089076, 0.0, 0.0, 0.0, 1.0],
                [0.939903, -0.044191, 0.33857, 0.086814, -0.135932, -0.95805, 0.252316, -0.002831, 0.313216, -0.283175, -0.906485, -0.089076, 0.0, 0.0, 0.0, 1.0],
                [0.939903, -0.044191, 0.33857, 0.086814, -0.135932, -0.95805, 0.252317, -0.002831, 0.313216, -0.283175, -0.906485, -0.089076, 0.0, 0.0, 0.0, 1.0],
                [0.939903, -0.044191, 0.33857, 0.086814, -0.135933, -0.95805, 0.252316, -0.002831, 0.313215, -0.283175, -0.906485, -0.089076, 0.0, 0.0, 0.0, 1.0],
                [0.939903, -0.044191, 0.33857, 0.086814, -0.135932, -0.95805, 0.252316, -0.002831, 0.313216, -0.283175, -0.906485, -0.089076, 0.0, 0.0, 0.0, 1.0],
                [0.939903, -0.044191, 0.33857, 0.086814, -0.135932, -0.95805, 0.252315, -0.002831, 0.313216, -0.283174, -0.906485, -0.089076, 0.0, 0.0, 0.0, 1.0],
                [0.939903, -0.04419, 0.33857, 0.086814, -0.135932, -0.958049, 0.252318, -0.002831, 0.313216, -0.283177, -0.906485, -0.089076, 0.0, 0.0, 0.0, 1.0],
                [0.939903, -0.044191, 0.33857, 0.086814, -0.135932, -0.95805, 0.252317, -0.002831, 0.313216, -0.283176, -0.906485, -0.089076, 0.0, 0.0, 0.0, 1.0],
                [0.939903, -0.044191, 0.33857, 0.086814, -0.135932, -0.95805, 0.252317, -0.002831, 0.313216, -0.283175, -0.906485, -0.089075, 0.0, 0.0, 0.0, 1.0],
                [0.939903, -0.044191, 0.33857, 0.086814, -0.135932, -0.95805, 0.252317, -0.002831, 0.313216, -0.283175, -0.906485, -0.089076, 0.0, 0.0, 0.0, 1.0],
                [0.939903, -0.044191, 0.33857, 0.086814, -0.135932, -0.95805, 0.252315, -0.002831, 0.313216, -0.283174, -0.906485, -0.089076, 0.0, 0.0, 0.0, 1.0],
                [0.939904, -0.04419, 0.33857, 0.086814, -0.135932, -0.958049, 0.252318, -0.002831, 0.313216, -0.283177, -0.906485, -0.089076, 0.0, 0.0, 0.0, 1.0],
                [0.939903, -0.044191, 0.33857, 0.086814, -0.135933, -0.95805, 0.252316, -0.002831, 0.313215, -0.283175, -0.906485, -0.089076, 0.0, 0.0, 0.0, 1.0],
                [0.939903, -0.044191, 0.33857, 0.086814, -0.135932, -0.958049, 0.252317, -0.002831, 0.313215, -0.283176, -0.906485, -0.089076, 0.0, 0.0, 0.0, 1.0],
                [0.939903, -0.044191, 0.33857, 0.086814, -0.135932, -0.95805, 0.252317, -0.002831, 0.313215, -0.283175, -0.906485, -0.089075, 0.0, 0.0, 0.0, 1.0],
                [0.939903, -0.044191, 0.33857, 0.086814, -0.135932, -0.95805, 0.252316, -0.002831, 0.313215, -0.283174, -0.906485, -0.089076, 0.0, 0.0, 0.0, 1.0],
                [0.939903, -0.044191, 0.33857, 0.086814, -0.135932, -0.95805, 0.252315, -0.002831, 0.313215, -0.283174, -0.906485, -0.089076, 0.0, 0.0, 0.0, 1.0],
                [0.939903, -0.044191, 0.33857, 0.086814, -0.135932, -0.958049, 0.252317, -0.002831, 0.313216, -0.283175, -0.906485, -0.089075, 0.0, 0.0, 0.0, 1.0],
                [0.939903, -0.044191, 0.33857, 0.086814, -0.135932, -0.95805, 0.252317, -0.002831, 0.313215, -0.283176, -0.906485, -0.089076, 0.0, 0.0, 0.0, 1.0],
                [0.939903, -0.04419, 0.33857, 0.086814, -0.135933, -0.958049, 0.252318, -0.002831, 0.313215, -0.283176, -0.906484, -0.089076, 0.0, 0.0, 0.0, 1.0],
                [0.939903, -0.044191, 0.33857, 0.086814, -0.135932, -0.95805, 0.252315, -0.002831, 0.313216, -0.283174, -0.906486, -0.089076, 0.0, 0.0, 0.0, 1.0],
                [0.939903, -0.044191, 0.33857, 0.086814, -0.135932, -0.95805, 0.252315, -0.002831, 0.313215, -0.283174, -0.906485, -0.089076, 0.0, 0.0, 0.0, 1.0],
                [0.939903, -0.044191, 0.33857, 0.086814, -0.135932, -0.958049, 0.252316, -0.002831, 0.313216, -0.283175, -0.906485, -0.089076, 0.0, 0.0, 0.0, 1.0],
                [0.939903, -0.044191, 0.33857, 0.086814, -0.135932, -0.95805, 0.252316, -0.002831, 0.313216, -0.283174, -0.906485, -0.089076, 0.0, 0.0, 0.0, 1.0],
                [0.939904, -0.044191, 0.33857, 0.086814, -0.135932, -0.95805, 0.252317, -0.002831, 0.313216, -0.283175, -0.906485, -0.089076, 0.0, 0.0, 0.0, 1.0],
                [0.939903, -0.044191, 0.33857, 0.086814, -0.135932, -0.958049, 0.252317, -0.002831, 0.313215, -0.283176, -0.906484, -0.089076, 0.0, 0.0, 0.0, 1.0],
                [0.939904, -0.044191, 0.33857, 0.086814, -0.135932, -0.95805, 0.252316, -0.002831, 0.313216, -0.283175, -0.906485, -0.089076, 0.0, 0.0, 0.0, 1.0],
                [0.939903, -0.044191, 0.33857, 0.086814, -0.135932, -0.958049, 0.252318, -0.002831, 0.313216, -0.283176, -0.906485, -0.089076, 0.0, 0.0, 0.0, 1.0],
                [0.939903, -0.04419, 0.33857, 0.086814, -0.135932, -0.958049, 0.252318, -0.002831, 0.313215, -0.283177, -0.906485, -0.089075, 0.0, 0.0, 0.0, 1.0],
                [0.939903, -0.044191, 0.33857, 0.086814, -0.135932, -0.958049, 0.252317, -0.002831, 0.313216, -0.283175, -0.906485, -0.089076, 0.0, 0.0, 0.0, 1.0],
                [0.939903, -0.044191, 0.33857, 0.086814, -0.135932, -0.95805, 0.252316, -0.002831, 0.313215, -0.283174, -0.906485, -0.089076, 0.0, 0.0, 0.0, 1.0],
                [0.939903, -0.044191, 0.33857, 0.086814, -0.135932, -0.95805, 0.252316, -0.002831, 0.313216, -0.283175, -0.906485, -0.089076, 0.0, 0.0, 0.0, 1.0],
                [0.939903, -0.044191, 0.33857, 0.086814, -0.135933, -0.95805, 0.252316, -0.002831, 0.313216, -0.283175, -0.906485, -0.089076, 0.0, 0.0, 0.0, 1.0],
                [0.939903, -0.044191, 0.33857, 0.086814, -0.135932, -0.958049, 0.252316, -0.002831, 0.313215, -0.283175, -0.906485, -0.089076, 0.0, 0.0, 0.0, 1.0],
                [0.939903, -0.044191, 0.33857, 0.086814, -0.135932, -0.958049, 0.252317, -0.002831, 0.313216, -0.283176, -0.906485, -0.089076, 0.0, 0.0, 0.0, 1.0],
                [0.939903, -0.044191, 0.33857, 0.086814, -0.135932, -0.958049, 0.252316, -0.002831, 0.313216, -0.283175, -0.906485, -0.089076, 0.0, 0.0, 0.0, 1.0],
                [0.939903, -0.044191, 0.33857, 0.086814, -0.135932, -0.958049, 0.252317, -0.002831, 0.313216, -0.283175, -0.906485, -0.089076, 0.0, 0.0, 0.0, 1.0],
                [0.939903, -0.04419, 0.33857, 0.086814, -0.135932, -0.95805, 0.252318, -0.002831, 0.313216, -0.283176, -0.906485, -0.089076, 0.0, 0.0, 0.0, 1.0],
                [0.939903, -0.04419, 0.33857, 0.086814, -0.135932, -0.958049, 0.252317, -0.002831, 0.313216, -0.283176, -0.906485, -0.089076, 0.0, 0.0, 0.0, 1.0],
                [0.939904, -0.044191, 0.33857, 0.086814, -0.135932, -0.95805, 0.252317, -0.002831, 0.313216, -0.283175, -0.906485, -0.089076, 0.0, 0.0, 0.0, 1.0],
                [0.939903, -0.044191, 0.33857, 0.086814, -0.135932, -0.95805, 0.252316, -0.002831, 0.313216, -0.283175, -0.906485, -0.089076, 0.0, 0.0, 0.0, 1.0],
                [0.939903, -0.04419, 0.33857, 0.086814, -0.135932, -0.95805, 0.252318, -0.002831, 0.313216, -0.283177, -0.906485, -0.089076, 0.0, 0.0, 0.0, 1.0],
                [0.939903, -0.044191, 0.33857, 0.086814, -0.135932, -0.95805, 0.252317, -0.002831, 0.313216, -0.283176, -0.906485, -0.089076, 0.0, 0.0, 0.0, 1.0],
                [0.939903, -0.044191, 0.33857, 0.086814, -0.135932, -0.95805, 0.252317, -0.002831, 0.313216, -0.283175, -0.906485, -0.089075, 0.0, 0.0, 0.0, 1.0],
                [0.939903, -0.044191, 0.33857, 0.086814, -0.135933, -0.95805, 0.252317, -0.002831, 0.313216, -0.283176, -0.906485, -0.089076, 0.0, 0.0, 0.0, 1.0],
                [0.939904, -0.044191, 0.33857, 0.086814, -0.135932, -0.958049, 0.252318, -0.002831, 0.313216, -0.283176, -0.906484, -0.089076, 0.0, 0.0, 0.0, 1.0],
                [0.939903, -0.04419, 0.33857, 0.086814, -0.135932, -0.958049, 0.252318, -0.002831, 0.313216, -0.283177, -0.906485, -0.089076, 0.0, 0.0, 0.0, 1.0],
                [0.939903, -0.044191, 0.33857, 0.086814, -0.135933, -0.958049, 0.252317, -0.002831, 0.313215, -0.283176, -0.906485, -0.089076, 0.0, 0.0, 0.0, 1.0],
                [0.939904, -0.04419, 0.33857, 0.086814, -0.135932, -0.95805, 0.252318, -0.002831, 0.313215, -0.283176, -0.906484, -0.089076, 0.0, 0.0, 0.0, 1.0],
                [0.939904, -0.044191, 0.33857, 0.086814, -0.135932, -0.95805, 0.252316, -0.002831, 0.313216, -0.283175, -0.906485, -0.089076, 0.0, 0.0, 0.0, 1.0],
                [0.939903, -0.044191, 0.33857, 0.086814, -0.135932, -0.95805, 0.252317, -0.002831, 0.313215, -0.283176, -0.906485, -0.089076, 0.0, 0.0, 0.0, 1.0],
                [0.939903, -0.044191, 0.33857, 0.086814, -0.135932, -0.958049, 0.252317, -0.002831, 0.313215, -0.283175, -0.906484, -0.089076, 0.0, 0.0, 0.0, 1.0],
                [0.939903, -0.044191, 0.33857, 0.086814, -0.135932, -0.95805, 0.252315, -0.002831, 0.313216, -0.283174, -0.906485, -0.089076, 0.0, 0.0, 0.0, 1.0],
                [0.939903, -0.044191, 0.33857, 0.086814, -0.135932, -0.95805, 0.252317, -0.002831, 0.313216, -0.283175, -0.906485, -0.089076, 0.0, 0.0, 0.0, 1.0],
                [0.939904, -0.044191, 0.33857, 0.086814, -0.135932, -0.95805, 0.252315, -0.002831, 0.313216, -0.283174, -0.906485, -0.089076, 0.0, 0.0, 0.0, 1.0],
                [0.939903, -0.044191, 0.33857, 0.086814, -0.135932, -0.95805, 0.252316, -0.002831, 0.313216, -0.283175, -0.906485, -0.089076, 0.0, 0.0, 0.0, 1.0],
                [0.939903, -0.044191, 0.33857, 0.086814, -0.135932, -0.95805, 0.252317, -0.002831, 0.313215, -0.283176, -0.906485, -0.089076, 0.0, 0.0, 0.0, 1.0],
                [0.939904, -0.044191, 0.33857, 0.086814, -0.135932, -0.958049, 0.252317, -0.002831, 0.313215, -0.283176, -0.906485, -0.089076, 0.0, 0.0, 0.0, 1.0],
                [0.939904, -0.044191, 0.33857, 0.086814, -0.135932, -0.958049, 0.252317, -0.002831, 0.313215, -0.283176, -0.906485, -0.089076, 0.0, 0.0, 0.0, 1.0]
            ]
        },
        {
            "name": "Leg_R",
            "time": [0.0, 0.0167, 0.0333, 0.05, 0.0667, 0.0833, 0.1, 0.1167, 0.1333, 0.15, 0.1667, 0.1833, 0.2, 0.2167, 0.2333, 0.25, 0.2667, 0.2833, 0.3, 0.3167, 0.3333, 0.35, 0.3667, 0.3833, 0.4, 0.4167, 0.4333, 0.45, 0.4667, 0.4833, 0.5, 0.5167, 0.5333, 0.55, 0.5667, 0.5833, 0.6, 0.6167, 0.6333, 0.65, 0.6667, 0.6833, 0.7, 0.7167, 0.7333, 0.75, 0.7667, 0.7833, 0.8, 0.8167, 0.8333, 0.85, 0.8667, 0.8833, 0.9, 0.9167, 0.9333, 0.95, 0.9667, 0.9833, 1.0, 1.0167, 1.0333, 1.05, 1.0667, 1.0833, 1.1, 1.1167, 1.1333, 1.15, 1.1667, 1.1833, 1.2, 2.0],
            "transform": [
                [1.0, -0.00024, -0.000141, -0.0, 0.000265, 0.976705, 0.214589, 0.375166, 8.6e-05, -0.214589, 0.976704, 0.0, 0.0, 0.0, 0.0, 1.0],
                [1.0, -0.00024, -0.000141, -0.0, 0.000265, 0.976706, 0.214584, 0.375166, 8.6e-05, -0.214584, 0.976705, -0.0, 0.0, 0.0, 0.0, 1.0],
                [1.0, -0.00024, -0.000141, 0.0, 0.000265, 0.976705, 0.214591, 0.375166, 8.6e-05, -0.21459, 0.976704, -0.0, 0.0, 0.0, 0.0, 1.0],
                [1.0, -0.00024, -0.000141, 0.0, 0.000265, 0.976705, 0.214588, 0.375166, 8.6e-05, -0.214588, 0.976705, -0.0, 0.0, 0.0, 0.0, 1.0],
                [1.0, -0.00024, -0.000141, 0.0, 0.000265, 0.976705, 0.214588, 0.375166, 8.6e-05, -0.214587, 0.976705, -0.0, 0.0, 0.0, 0.0, 1.0],
                [1.0, -0.00024, -0.000141, 0.0, 0.000265, 0.976705, 0.214586, 0.375166, 8.6e-05, -0.214585, 0.976705, 0.0, 0.0, 0.0, 0.0, 1.0],
                [1.0, -0.00024, -0.000141, -0.0, 0.000265, 0.976705, 0.214588, 0.375166, 8.6e-05, -0.214588, 0.976705, -0.0, 0.0, 0.0, 0.0, 1.0],
                [1.0, -0.00024, -0.000141, 0.0, 0.000265, 0.976705, 0.214588, 0.375166, 8.6e-05, -0.214588, 0.976705, -0.0, 0.0, 0.0, 0.0, 1.0],
                [1.0, -0.00024, -0.000141, 0.0, 0.000265, 0.976705, 0.214587, 0.375166, 8.6e-05, -0.214587, 0.976705, 0.0, 0.0, 0.0, 0.0, 1.0],
                [1.0, -0.00024, -0.000141, -0.0, 0.000265, 0.976706, 0.214586, 0.375166, 8.6e-05, -0.214585, 0.976705, 0.0, 0.0, 0.0, 0.0, 1.0],
                [1.0, -0.00024, -0.000141, 0.0, 0.000265, 0.976705, 0.214587, 0.375166, 8.6e-05, -0.214587, 0.976705, -0.0, 0.0, 0.0, 0.0, 1.0],
                [1.0, -0.00024, -0.000141, -0.0, 0.000265, 0.976706, 0.214584, 0.375166, 8.6e-05, -0.214584, 0.976705, 0.0, 0.0, 0.0, 0.0, 1.0],
                [1.0, -0.00024, -0.000141, -0.0, 0.000265, 0.976705, 0.214586, 0.375166, 8.6e-05, -0.214586, 0.976705, -0.0, 0.0, 0.0, 0.0, 1.0],
                [1.0, -0.00024, -0.000141, 0.0, 0.000265, 0.976705, 0.214585, 0.375166, 8.6e-05, -0.214585, 0.976705, 0.0, 0.0, 0.0, 0.0, 1.0],
                [1.0, -0.00024, -0.000141, -0.0, 0.000265, 0.976705, 0.214588, 0.375166, 8.6e-05, -0.214587, 0.976704, 0.0, 0.0, 0.0, 0.0, 1.0],
                [1.0, -0.00024, -0.000141, -0.0, 0.000265, 0.976706, 0.214584, 0.375166, 8.6e-05, -0.214584, 0.976705, 0.0, 0.0, 0.0, 0.0, 1.0],
                [1.0, -0.00024, -0.000141, -0.0, 0.000265, 0.976706, 0.214585, 0.375166, 8.6e-05, -0.214585, 0.976705, 0.0, 0.0, 0.0, 0.0, 1.0],
                [1.0, -0.00024, -0.000141, -0.0, 0.000265, 0.976705, 0.214587, 0.375166, 8.6e-05, -0.214586, 0.976705, -0.0, 0.0, 0.0, 0.0, 1.0],
                [1.0, -0.00024, -0.000141, 0.0, 0.000265, 0.976705, 0.214586, 0.375166, 8.6e-05, -0.214586, 0.976705, -0.0, 0.0, 0.0, 0.0, 1.0],
                [1.0, -0.00024, -0.000141, -0.0, 0.000265, 0.976705, 0.214585, 0.375166, 8.6e-05, -0.214585, 0.976705, 0.0, 0.0, 0.0, 0.0, 1.0],
                [1.0, -0.00024, -0.000141, -0.0, 0.000265, 0.976706, 0.214584, 0.375166, 8.6e-05, -0.214584, 0.976705, 0.0, 0.0, 0.0, 0.0, 1.0],
                [1.0, -0.00024, -0.000141, -0.0, 0.000265, 0.976705, 0.214589, 0.375166, 8.6e-05, -0.214589, 0.976705, -0.0, 0.0, 0.0, 0.0, 1.0],
                [1.0, -0.00024, -0.000141, -0.0, 0.000265, 0.976705, 0.214587, 0.375166, 8.6e-05, -0.214587, 0.976705, 0.0, 0.0, 0.0, 0.0, 1.0],
                [1.0, -0.00024, -0.000141, 0.0, 0.000265, 0.976705, 0.214586, 0.375166, 8.6e-05, -0.214586, 0.976705, -0.0, 0.0, 0.0, 0.0, 1.0],
                [1.0, -0.00024, -0.000141, 0.0, 0.000265, 0.976705, 0.214587, 0.375166, 8.6e-05, -0.214586, 0.976705, -0.0, 0.0, 0.0, 0.0, 1.0],
                [1.0, -0.00024, -0.000141, 0.0, 0.000265, 0.976706, 0.214584, 0.375166, 8.6e-05, -0.214583, 0.976705, 0.0, 0.0, 0.0, 0.0, 1.0],
                [1.0, -0.00024, -0.000141, -0.0, 0.000265, 0.976705, 0.21459, 0.375166, 8.6e-05, -0.214589, 0.976704, 0.0, 0.0, 0.0, 0.0, 1.0],
                [1.0, -0.00024, -0.000141, 0.0, 0.000265, 0.976705, 0.214586, 0.375166, 8.6e-05, -0.214586, 0.976705, -0.0, 0.0, 0.0, 0.0, 1.0],
                [1.0, -0.00024, -0.000141, -0.0, 0.000265, 0.976705, 0.214588, 0.375166, 8.6e-05, -0.214587, 0.976705, 0.0, 0.0, 0.0, 0.0, 1.0],
                [1.0, -0.00024, -0.000141, 0.0, 0.000265, 0.976705, 0.214587, 0.375166, 8.6e-05, -0.214586, 0.976705, -0.0, 0.0, 0.0, 0.0, 1.0],
                [1.0, -0.00024, -0.000141, -0.0, 0.000265, 0.976705, 0.214585, 0.375166, 8.6e-05, -0.214584, 0.976705, 0.0, 0.0, 0.0, 0.0, 1.0],
                [1.0, -0.00024, -0.000141, 0.0, 0.000265, 0.976705, 0.214584, 0.375166, 8.6e-05, -0.214584, 0.976705, -0.0, 0.0, 0.0, 0.0, 1.0],
                [1.0, -0.00024, -0.000141, 0.0, 0.000265, 0.976705, 0.214587, 0.375166, 8.6e-05, -0.214586, 0.976705, 0.0, 0.0, 0.0, 0.0, 1.0],
                [1.0, -0.00024, -0.000141, -0.0, 0.000265, 0.976705, 0.214587, 0.375166, 8.6e-05, -0.214587, 0.976705, 0.0, 0.0, 0.0, 0.0, 1.0],
                [1.0, -0.00024, -0.000141, -0.0, 0.000265, 0.976705, 0.214589, 0.375166, 8.6e-05, -0.214588, 0.976705, -0.0, 0.0, 0.0, 0.0, 1.0],
                [1.0, -0.00024, -0.000141, -0.0, 0.000265, 0.976706, 0.214583, 0.375166, 8.6e-05, -0.214583, 0.976705, -0.0, 0.0, 0.0, 0.0, 1.0],
                [1.0, -0.00024, -0.000141, 0.0, 0.000265, 0.976706, 0.214584, 0.375166, 8.6e-05, -0.214584, 0.976705, 0.0, 0.0, 0.0, 0.0, 1.0],
                [1.0, -0.00024, -0.000141, 0.0, 0.000265, 0.976705, 0.214586, 0.375166, 8.6e-05, -0.214585, 0.976705, 0.0, 0.0, 0.0, 0.0, 1.0],
                [1.0, -0.00024, -0.000141, 0.0, 0.000265, 0.976706, 0.214584, 0.375166, 8.6e-05, -0.214584, 0.976705, -0.0, 0.0, 0.0, 0.0, 1.0],
                [1.0, -0.00024, -0.000141, -0.0, 0.000265, 0.976705, 0.214586, 0.375166, 8.6e-05, -0.214586, 0.976705, -0.0, 0.0, 0.0, 0.0, 1.0],
                [1.0, -0.00024, -0.000141, -0.0, 0.000265, 0.976705, 0.214587, 0.375166, 8.6e-05, -0.214587, 0.976705, 0.0, 0.0, 0.0, 0.0, 1.0],
                [1.0, -0.00024, -0.000141, -0.0, 0.000265, 0.976706, 0.214585, 0.375166, 8.6e-05, -0.214584, 0.976705, 0.0, 0.0, 0.0, 0.0, 1.0],
                [1.0, -0.00024, -0.000141, 0.0, 0.000265, 0.976705, 0.214589, 0.375166, 8.6e-05, -0.214588, 0.976705, 0.0, 0.0, 0.0, 0.0, 1.0],
                [1.0, -0.00024, -0.000141, -0.0, 0.000265, 0.976705, 0.214589, 0.375166, 8.6e-05, -0.214589, 0.976704, 0.0, 0.0, 0.0, 0.0, 1.0],
                [1.0, -0.00024, -0.000141, 0.0, 0.000265, 0.976705, 0.214587, 0.375166, 8.6e-05, -0.214586, 0.976705, -0.0, 0.0, 0.0, 0.0, 1.0],
                [1.0, -0.00024, -0.000141, 0.0, 0.000265, 0.976706, 0.214585, 0.375166, 8.6e-05, -0.214584, 0.976705, -0.0, 0.0, 0.0, 0.0, 1.0],
                [1.0, -0.00024, -0.000141, 0.0, 0.000265, 0.976705, 0.214585, 0.375166, 8.6e-05, -0.214585, 0.976705, 0.0, 0.0, 0.0, 0.0, 1.0],
                [1.0, -0.00024, -0.000141, 0.0, 0.000265, 0.976705, 0.214586, 0.375166, 8.7e-05, -0.214586, 0.976705, 0.0, 0.0, 0.0, 0.0, 1.0],
                [1.0, -0.00024, -0.000141, 0.0, 0.000265, 0.976706, 0.214586, 0.375166, 8.6e-05, -0.214585, 0.976705, -0.0, 0.0, 0.0, 0.0, 1.0],
                [1.0, -0.00024, -0.000141, -0.0, 0.000265, 0.976705, 0.214588, 0.375166, 8.6e-05, -0.214588, 0.976705, 0.0, 0.0, 0.0, 0.0, 1.0],
                [1.0, -0.00024, -0.000141, -0.0, 0.000265, 0.976705, 0.214586, 0.375166, 8.6e-05, -0.214586, 0.976705, -0.0, 0.0, 0.0, 0.0, 1.0],
                [1.0, -0.00024, -0.000141, -0.0, 0.000265, 0.976705, 0.214587, 0.375166, 8.6e-05, -0.214586, 0.976705, 0.0, 0.0, 0.0, 0.0, 1.0],
                [1.0, -0.00024, -0.000141, 0.0, 0.000265, 0.976705, 0.214589, 0.375166, 8.6e-05, -0.214588, 0.976705, -0.0, 0.0, 0.0, 0.0, 1.0],
                [1.0, -0.00024, -0.000141, -0.0, 0.000265, 0.976705, 0.214587, 0.375166, 8.6e-05, -0.214587, 0.976704, 0.0, 0.0, 0.0, 0.0, 1.0],
                [1.0, -0.00024, -0.000141, 0.0, 0.000265, 0.976705, 0.214587, 0.375166, 8.6e-05, -0.214586, 0.976705, 0.0, 0.0, 0.0, 0.0, 1.0],
                [1.0, -0.00024, -0.000141, 0.0, 0.000265, 0.976705, 0.214586, 0.375166, 8.6e-05, -0.214586, 0.976705, -0.0, 0.0, 0.0, 0.0, 1.0],
                [1.0, -0.00024, -0.000141, -0.0, 0.000265, 0.976705, 0.214589, 0.375166, 8.6e-05, -0.214589, 0.976704, -0.0, 0.0, 0.0, 0.0, 1.0],
                [1.0, -0.00024, -0.000141, 0.0, 0.000265, 0.976705, 0.214588, 0.375166, 8.6e-05, -0.214588, 0.976704, 0.0, 0.0, 0.0, 0.0, 1.0],
                [1.0, -0.00024, -0.000141, 0.0, 0.000265, 0.976705, 0.214586, 0.375166, 8.6e-05, -0.214586, 0.976705, -0.0, 0.0, 0.0, 0.0, 1.0],
                [1.0, -0.00024, -0.000141, 0.0, 0.000265, 0.976705, 0.214587, 0.375166, 8.6e-05, -0.214587, 0.976705, 0.0, 0.0, 0.0, 0.0, 1.0],
                [1.0, -0.00024, -0.000141, -0.0, 0.000265, 0.976705, 0.214589, 0.375166, 8.6e-05, -0.214588, 0.976705, -0.0, 0.0, 0.0, 0.0, 1.0],
                [1.0, -0.00024, -0.000141, 0.0, 0.000265, 0.976704, 0.214589, 0.375166, 8.6e-05, -0.214589, 0.976704, 0.0, 0.0, 0.0, 0.0, 1.0],
                [1.0, -0.00024, -0.000141, -0.0, 0.000265, 0.976705, 0.214587, 0.375166, 8.6e-05, -0.214587, 0.976705, 0.0, 0.0, 0.0, 0.0, 1.0],
                [1.0, -0.00024, -0.000141, 0.0, 0.000265, 0.976705, 0.214589, 0.375166, 8.6e-05, -0.214589, 0.976705, 0.0, 0.0, 0.0, 0.0, 1.0],
                [1.0, -0.00024, -0.000141, 0.0, 0.000265, 0.976705, 0.214586, 0.375166, 8.6e-05, -0.214586, 0.976705, 0.0, 0.0, 0.0, 0.0, 1.0],
                [1.0, -0.00024, -0.000141, -0.0, 0.000265, 0.976705, 0.214588, 0.375166, 8.6e-05, -0.214588, 0.976705, 0.0, 0.0, 0.0, 0.0, 1.0],
                [1.0, -0.00024, -0.000141, -0.0, 0.000265, 0.976705, 0.214587, 0.375166, 8.6e-05, -0.214587, 0.976705, 0.0, 0.0, 0.0, 0.0, 1.0],
                [1.0, -0.00024, -0.000141, 0.0, 0.000265, 0.976706, 0.214584, 0.375166, 8.6e-05, -0.214583, 0.976706, 0.0, 0.0, 0.0, 0.0, 1.0],
                [1.0, -0.00024, -0.000141, -0.0, 0.000265, 0.976705, 0.214587, 0.375166, 8.6e-05, -0.214586, 0.976705, -0.0, 0.0, 0.0, 0.0, 1.0],
                [1.0, -0.00024, -0.000141, 0.0, 0.000265, 0.976706, 0.214583, 0.375166, 8.6e-05, -0.214583, 0.976705, 0.0, 0.0, 0.0, 0.0, 1.0],
                [1.0, -0.00024, -0.000141, -0.0, 0.000265, 0.976705, 0.214586, 0.375166, 8.6e-05, -0.214585, 0.976705, 0.0, 0.0, 0.0, 0.0, 1.0],
                [1.0, -0.00024, -0.000141, -0.0, 0.000265, 0.976705, 0.214588, 0.375166, 8.6e-05, -0.214587, 0.976705, -0.0, 0.0, 0.0, 0.0, 1.0],
                [1.0, -0.00024, -0.000141, 0.0, 0.000265, 0.976705, 0.214588, 0.375166, 8.6e-05, -0.214587, 0.976705, 0.0, 0.0, 0.0, 0.0, 1.0],
                [1.0, -0.00024, -0.000141, 0.0, 0.000265, 0.976705, 0.214588, 0.375166, 8.6e-05, -0.214587, 0.976705, 0.0, 0.0, 0.0, 0.0, 1.0]
            ]
        },
        {
            "name": "Knee_R",
            "time": [0.0, 0.0167, 0.0333, 0.05, 0.0667, 0.0833, 0.1, 0.1167, 0.1333, 0.15, 0.1667, 0.1833, 0.2, 0.2167, 0.2333, 0.25, 0.2667, 0.2833, 0.3, 0.3167, 0.3333, 0.35, 0.3667, 0.3833, 0.4, 0.4167, 0.4333, 0.45, 0.4667, 0.4833, 0.5, 0.5167, 0.5333, 0.55, 0.5667, 0.5833, 0.6, 0.6167, 0.6333, 0.65, 0.6667, 0.6833, 0.7, 0.7167, 0.7333, 0.75, 0.7667, 0.7833, 0.8, 0.8167, 0.8333, 0.85, 0.8667, 0.8833, 0.9, 0.9167, 0.9333, 0.95, 0.9667, 0.9833, 1.0, 1.0167, 1.0333, 1.05, 1.0667, 1.0833, 1.1, 1.1167, 1.1333, 1.15, 1.1667, 1.1833, 1.2, 2.0],
            "transform": [
                [1.0, -5.7e-05, 5.4e-05, -0.0, 5.7e-05, 0.048757, -0.998811, 0.375166, 5.4e-05, 0.998811, 0.048757, 0.0, 0.0, 0.0, 0.0, 1.0],
                [1.0, -5.7e-05, 5.4e-05, -0.0, 5.7e-05, 0.048757, -0.998811, 0.375166, 5.4e-05, 0.998811, 0.048757, -0.0, 0.0, 0.0, 0.0, 1.0],
                [1.0, -5.7e-05, 5.4e-05, 0.0, 5.7e-05, 0.048757, -0.998811, 0.375166, 5.4e-05, 0.998811, 0.048757, -0.0, 0.0, 0.0, 0.0, 1.0],
                [1.0, -5.7e-05, 5.4e-05, 0.0, 5.7e-05, 0.048757, -0.998811, 0.375166, 5.4e-05, 0.998811, 0.048757, -0.0, 0.0, 0.0, 0.0, 1.0],
                [1.0, -5.7e-05, 5.4e-05, 0.0, 5.7e-05, 0.048757, -0.998811, 0.375166, 5.4e-05, 0.998811, 0.048757, -0.0, 0.0, 0.0, 0.0, 1.0],
                [1.0, -5.7e-05, 5.4e-05, 0.0, 5.7e-05, 0.048757, -0.99881, 0.375166, 5.4e-05, 0.998811, 0.048757, 0.0, 0.0, 0.0, 0.0, 1.0],
                [1.0, -5.7e-05, 5.4e-05, -0.0, 5.7e-05, 0.048757, -0.998811, 0.375166, 5.4e-05, 0.998811, 0.048757, -0.0, 0.0, 0.0, 0.0, 1.0],
                [1.0, -5.7e-05, 5.4e-05, 0.0, 5.7e-05, 0.048757, -0.998811, 0.375166, 5.4e-05, 0.998811, 0.048757, -0.0, 0.0, 0.0, 0.0, 1.0],
                [1.0, -5.7e-05, 5.4e-05, 0.0, 5.7e-05, 0.048757, -0.998811, 0.375166, 5.4e-05, 0.998811, 0.048757, 0.0, 0.0, 0.0, 0.0, 1.0],
                [1.0, -5.7e-05, 5.4e-05, -0.0, 5.7e-05, 0.048757, -0.998811, 0.375166, 5.4e-05, 0.998811, 0.048757, 0.0, 0.0, 0.0, 0.0, 1.0],
                [1.0, -5.7e-05, 5.4e-05, 0.0, 5.7e-05, 0.048757, -0.998811, 0.375166, 5.4e-05, 0.998811, 0.048757, -0.0, 0.0, 0.0, 0.0, 1.0],
                [1.0, -5.7e-05, 5.4e-05, -0.0, 5.7e-05, 0.048757, -0.998811, 0.375166, 5.4e-05, 0.998811, 0.048757, 0.0, 0.0, 0.0, 0.0, 1.0],
                [1.0, -5.7e-05, 5.4e-05, -0.0, 5.7e-05, 0.048757, -0.998811, 0.375166, 5.4e-05, 0.998811, 0.048757, -0.0, 0.0, 0.0, 0.0, 1.0],
                [1.0, -5.7e-05, 5.4e-05, 0.0, 5.7e-05, 0.048757, -0.998811, 0.375166, 5.4e-05, 0.998811, 0.048757, 0.0, 0.0, 0.0, 0.0, 1.0],
                [1.0, -5.7e-05, 5.4e-05, -0.0, 5.7e-05, 0.048757, -0.998811, 0.375166, 5.4e-05, 0.998811, 0.048757, 0.0, 0.0, 0.0, 0.0, 1.0],
                [1.0, -5.7e-05, 5.4e-05, -0.0, 5.7e-05, 0.048757, -0.998811, 0.375166, 5.4e-05, 0.998811, 0.048757, 0.0, 0.0, 0.0, 0.0, 1.0],
                [1.0, -5.7e-05, 5.4e-05, -0.0, 5.7e-05, 0.048757, -0.998811, 0.375166, 5.4e-05, 0.998811, 0.048757, 0.0, 0.0, 0.0, 0.0, 1.0],
                [1.0, -5.7e-05, 5.4e-05, -0.0, 5.7e-05, 0.048757, -0.998811, 0.375166, 5.4e-05, 0.998811, 0.048757, -0.0, 0.0, 0.0, 0.0, 1.0],
