{
    "animation": [
        {
            "name": "Root",
            "time": [0.0, 0.0167, 0.0333, 0.05, 0.0667, 0.0833, 0.1, 0.1167, 0.1333, 0.15, 0.1667, 0.1833, 0.2, 0.2167, 0.2333, 0.25, 0.2667, 0.2833, 0.3, 0.3167, 0.3333, 0.35, 0.3667, 0.3833, 0.4, 0.4167, 0.4333, 0.45, 0.4667, 0.4833, 0.5, 0.5167, 0.5333, 0.55, 0.5667, 0.5833, 0.6, 0.6167, 0.6333, 0.65, 0.6667, 0.6833, 0.7, 0.7167, 0.7333, 0.75, 0.7667, 0.7833, 0.8, 0.8167, 0.8333, 0.85, 0.8667, 0.8833, 0.9, 0.9167, 0.9333, 0.95, 0.9667, 0.9833, 1.0, 1.0167, 1.0333, 1.05, 1.0667, 1.0833, 1.1, 1.1167, 1.1333, 1.15, 1.1667, 1.1833, 1.2, 1.2167, 1.2333, 1.25, 1.2667, 1.2833, 1.3, 1.3167, 1.3333, 1.35, 1.3667, 1.3833, 1.4, 1.4167, 1.4333, 1.45, 1.4667, 1.4833, 1.5, 1.5167, 1.5333, 1.55, 1.5667, 1.5833, 1.6, 1.6167, 1.6333, 1.65, 1.6667, 1.6833, 1.7, 1.7167, 1.7333, 1.75, 1.7667, 1.7833, 1.8, 1.8167, 1.8333, 1.85, 1.8667, 1.8833, 1.9, 1.9167, 1.9333, 1.95, 1.9667, 1.9833, 2.0],
            "transform": [
                [0.855536, 0.0, 0.517743, -5e-06, 0.517743, 0.0, -0.855536, 0.000946, 0.0, 1.0, 0.0, 0.406925, 0.0, 0.0, 0.0, 1.0],
                [0.855536, 0.0, 0.517743, -5e-06, 0.517743, 0.0, -0.855536, 0.000946, 0.0, 1.0, 0.0, 0.406926, 0.0, 0.0, 0.0, 1.0],
                [0.855536, 0.0, 0.517743, -5e-06, 0.517743, 0.0, -0.855536, 0.000946, 0.0, 1.0, 0.0, 0.406935, 0.0, 0.0, 0.0, 1.0],
                [0.855536, 0.0, 0.517743, -5e-06, 0.517743, 0.0, -0.855536, 0.000946, 0.0, 1.0, 0.0, 0.406962, 0.0, 0.0, 0.0, 1.0],
                [0.855536, 0.0, 0.517743, -5e-06, 0.517743, 0.0, -0.855536, 0.000946, 0.0, 1.0, 0.0, 0.407016, 0.0, 0.0, 0.0, 1.0],
                [0.855536, 0.0, 0.517743, -5e-06, 0.517743, 0.0, -0.855536, 0.000946, 0.0, 1.0, 0.0, 0.407112, 0.0, 0.0, 0.0, 1.0],
                [0.855536, 0.0, 0.517743, -5e-06, 0.517743, 0.0, -0.855536, 0.000946, 0.0, 1.0, 0.0, 0.407262, 0.0, 0.0, 0.0, 1.0],
                [0.855536, 0.0, 0.517743, -5e-06, 0.517743, 0.0, -0.855536, 0.000946, 0.0, 1.0, 0.0, 0.407482, 0.0, 0.0, 0.0, 1.0],
                [0.855536, 0.0, 0.517743, -5e-06, 0.517743, 0.0, -0.855536, 0.000946, 0.0, 1.0, 0.0, 0.407789, 0.0, 0.0, 0.0, 1.0],
                [0.855536, 0.0, 0.517743, -5e-06, 0.517743, 0.0, -0.855536, 0.000946, 0.0, 1.0, 0.0, 0.408201, 0.0, 0.0, 0.0, 1.0],
                [0.855536, 0.0, 0.517743, -5e-06, 0.517743, 0.0, -0.855536, 0.000946, 0.0, 1.0, 0.0, 0.408734, 0.0, 0.0, 0.0, 1.0],
                [0.855536, 0.0, 0.517743, -5e-06, 0.517743, 0.0, -0.855536, 0.000946, 0.0, 1.0, 0.0, 0.409404, 0.0, 0.0, 0.0, 1.0],
                [0.855536, 0.0, 0.517743, -5e-06, 0.517743, 0.0, -0.855536, 0.000946, 0.0, 1.0, 0.0, 0.410226, 0.0, 0.0, 0.0, 1.0],
                [0.855536, 0.0, 0.517743, -5e-06, 0.517743, 0.0, -0.855536, 0.000946, 0.0, 1.0, 0.0, 0.411213, 0.0, 0.0, 0.0, 1.0],
                [0.855536, 0.0, 0.517743, -5e-06, 0.517743, 0.0, -0.855536, 0.000946, 0.0, 1.0, 0.0, 0.412373, 0.0, 0.0, 0.0, 1.0],
                [0.855536, 0.0, 0.517743, -5e-06, 0.517743, 0.0, -0.855536, 0.000946, 0.0, 1.0, 0.0, 0.413712, 0.0, 0.0, 0.0, 1.0],
                [0.855536, 0.0, 0.517743, -5e-06, 0.517743, 0.0, -0.855536, 0.000946, 0.0, 1.0, 0.0, 0.415233, 0.0, 0.0, 0.0, 1.0],
                [0.855536, 0.0, 0.517743, -5e-06, 0.517743, 0.0, -0.855536, 0.000946, 0.0, 1.0, 0.0, 0.416934, 0.0, 0.0, 0.0, 1.0],
                [0.855536, 0.0, 0.517743, -5e-06, 0.517743, 0.0, -0.855536, 0.000946, 0.0, 1.0, 0.0, 0.418811, 0.0, 0.0, 0.0, 1.0],
                [0.855536, 0.0, 0.517743, -5e-06, 0.517743, 0.0, -0.855536, 0.000946, 0.0, 1.0, 0.0, 0.420859, 0.0, 0.0, 0.0, 1.0],
                [0.855536, 0.0, 0.517743, -5e-06, 0.517743, 0.0, -0.855536, 0.000946, 0.0, 1.0, 0.0, 0.423069, 0.0, 0.0, 0.0, 1.0],
                [0.855536, 0.0, 0.517743, -5e-06, 0.517743, 0.0, -0.855536, 0.000946, 0.0, 1.0, 0.0, 0.425432, 0.0, 0.0, 0.0, 1.0],
                [0.855536, 0.0, 0.517743, -5e-06, 0.517743, 0.0, -0.855536, 0.000946, 0.0, 1.0, 0.0, 0.427937, 0.0, 0.0, 0.0, 1.0],
                [0.855536, 0.0, 0.517743, -5e-06, 0.517743, 0.0, -0.855536, 0.000946, 0.0, 1.0, 0.0, 0.430576, 0.0, 0.0, 0.0, 1.0],
                [0.855536, 0.0, 0.517743, -5e-06, 0.517743, 0.0, -0.855536, 0.000946, 0.0, 1.0, 0.0, 0.433337, 0.0, 0.0, 0.0, 1.0],
                [0.864408, 0.0, 0.502791, -0.000308, 0.502791, 0.0, -0.864408, 0.01263, 0.0, 1.0, 0.0, 0.439907, 0.0, 0.0, 0.0, 1.0],
                [0.889868, 0.0, 0.456218, -0.001081, 0.456218, 0.0, -0.889868, 0.047896, 0.0, 1.0, 0.0, 0.454025, 0.0, 0.0, 0.0, 1.0],
                [0.927013, 0.0, 0.375028, -0.001881, 0.375028, 0.0, -0.927013, 0.105988, 0.0, 1.0, 0.0, 0.475421, 0.0, 0.0, 0.0, 1.0],
                [0.966177, 0.0, 0.257879, -0.002017, 0.257879, 0.0, -0.966177, 0.184146, 0.0, 1.0, 0.0, 0.503215, 0.0, 0.0, 0.0, 1.0],
                [0.99404, 0.0, 0.109018, -0.000796, 0.109018, 0.0, -0.99404, 0.27709, 0.0, 1.0, 0.0, 0.535785, 0.0, 0.0, 0.0, 1.0],
                [0.998276, 0.0, -0.058697, 0.002077, -0.058697, 0.0, -0.998276, 0.377193, 0.0, 1.0, 0.0, 0.570798, 0.0, 0.0, 0.0, 1.0],
                [0.974221, 0.0, -0.225594, 0.006233, -0.225594, 0.0, -0.974221, 0.475665, 0.0, 1.0, 0.0, 0.605484, 0.0, 0.0, 0.0, 1.0],
                [0.928068, 0.0, -0.37241, 0.010801, -0.37241, 0.0, -0.928068, 0.564339, 0.0, 1.0, 0.0, 0.637096, 0.0, 0.0, 0.0, 1.0],
                [0.873227, 0.0, -0.487313, 0.01489, -0.487313, 0.0, -0.873227, 0.637065, 0.0, 1.0, 0.0, 0.663365, 0.0, 0.0, 0.0, 1.0],
                [0.823522, 0.0, -0.567284, 0.017953, -0.567284, 0.0, -0.823522, 0.690124, 0.0, 1.0, 0.0, 0.682754, 0.0, 0.0, 0.0, 1.0],
                [0.788733, 0.0, -0.614736, 0.019807, -0.614736, 0.0, -0.788733, 0.721883, 0.0, 1.0, 0.0, 0.694479, 0.0, 0.0, 0.0, 1.0],
                [0.773797, 0.0, -0.633433, 0.020476, -0.633433, 0.0, -0.773797, 0.732162, 0.0, 1.0, 0.0, 0.698355, 0.0, 0.0, 0.0, 1.0],
                [0.769457, 0.0, -0.638699, 0.020574, -0.638699, 0.0, -0.769457, 0.731882, 0.0, 1.0, 0.0, 0.698355, 0.0, 0.0, 0.0, 1.0],
                [0.765204, 0.0, -0.643788, 0.020667, -0.643788, 0.0, -0.765204, 0.731609, 0.0, 1.0, 0.0, 0.698355, 0.0, 0.0, 0.0, 1.0],
                [0.761048, 0.0, -0.648696, 0.020756, -0.648696, 0.0, -0.761048, 0.731344, 0.0, 1.0, 0.0, 0.698355, 0.0, 0.0, 0.0, 1.0],
                [0.757001, 0.0, -0.653414, 0.020841, -0.653414, 0.0, -0.757001, 0.731088, 0.0, 1.0, 0.0, 0.698355, 0.0, 0.0, 0.0, 1.0],
                [0.753072, 0.0, -0.657938, 0.020921, -0.657938, 0.0, -0.753072, 0.73084, 0.0, 1.0, 0.0, 0.698355, 0.0, 0.0, 0.0, 1.0],
                [0.749272, 0.0, -0.662262, 0.020996, -0.662262, 0.0, -0.749272, 0.730601, 0.0, 1.0, 0.0, 0.698355, 0.0, 0.0, 0.0, 1.0],
                [0.745612, 0.0, -0.666381, 0.021067, -0.666381, 0.0, -0.745612, 0.730373, 0.0, 1.0, 0.0, 0.698355, 0.0, 0.0, 0.0, 1.0],
                [0.742101, 0.0, -0.670288, 0.021133, -0.670288, 0.0, -0.742101, 0.730154, 0.0, 1.0, 0.0, 0.698355, 0.0, 0.0, 0.0, 1.0],
                [0.738749, 0.0, -0.67398, 0.021195, -0.67398, 0.0, -0.738749, 0.729946, 0.0, 1.0, 0.0, 0.698355, 0.0, 0.0, 0.0, 1.0],
                [0.735565, 0.0, -0.677454, 0.021252, -0.677454, 0.0, -0.735565, 0.72975, 0.0, 1.0, 0.0, 0.698355, 0.0, 0.0, 0.0, 1.0],
                [0.732558, 0.0, -0.680705, 0.021305, -0.680705, 0.0, -0.732558, 0.729565, 0.0, 1.0, 0.0, 0.698355, 0.0, 0.0, 0.0, 1.0],
                [0.729733, 0.0, -0.683732, 0.021354, -0.683732, 0.0, -0.729733, 0.729392, 0.0, 1.0, 0.0, 0.698355, 0.0, 0.0, 0.0, 1.0],
                [0.727096, 0.0, -0.686535, 0.021399, -0.686535, 0.0, -0.727096, 0.729231, 0.0, 1.0, 0.0, 0.698355, 0.0, 0.0, 0.0, 1.0],
                [0.724652, 0.0, -0.689115, 0.02144, -0.689115, 0.0, -0.724652, 0.729082, 0.0, 1.0, 0.0, 0.698355, 0.0, 0.0, 0.0, 1.0],
                [0.722401, 0.0, -0.691474, 0.021477, -0.691474, 0.0, -0.722401, 0.728945, 0.0, 1.0, 0.0, 0.698355, 0.0, 0.0, 0.0, 1.0],
                [0.720345, 0.0, -0.693616, 0.021511, -0.693616, 0.0, -0.720345, 0.72882, 0.0, 1.0, 0.0, 0.698355, 0.0, 0.0, 0.0, 1.0],
                [0.718482, 0.0, -0.695545, 0.021541, -0.695545, 0.0, -0.718482, 0.728708, 0.0, 1.0, 0.0, 0.698355, 0.0, 0.0, 0.0, 1.0],
                [0.716808, 0.0, -0.69727, 0.021567, -0.69727, 0.0, -0.716808, 0.728607, 0.0, 1.0, 0.0, 0.698355, 0.0, 0.0, 0.0, 1.0],
                [0.715317, 0.0, -0.6988, 0.02159, -0.6988, 0.0, -0.715317, 0.728517, 0.0, 1.0, 0.0, 0.698355, 0.0, 0.0, 0.0, 1.0],
                [0.714003, 0.0, -0.700143, 0.021611, -0.700143, 0.0, -0.714003, 0.728438, 0.0, 1.0, 0.0, 0.698355, 0.0, 0.0, 0.0, 1.0],
                [0.712856, 0.0, -0.701311, 0.021628, -0.701311, 0.0, -0.712856, 0.728369, 0.0, 1.0, 0.0, 0.698355, 0.0, 0.0, 0.0, 1.0],
                [0.711865, 0.0, -0.702316, 0.021643, -0.702316, 0.0, -0.711865, 0.728309, 0.0, 1.0, 0.0, 0.698355, 0.0, 0.0, 0.0, 1.0],
                [0.71102, 0.0, -0.703171, 0.021656, -0.703171, 0.0, -0.71102, 0.728259, 0.0, 1.0, 0.0, 0.698355, 0.0, 0.0, 0.0, 1.0],
                [0.710309, 0.0, -0.70389, 0.021667, -0.70389, 0.0, -0.710309, 0.728216, 0.0, 1.0, 0.0, 0.698355, 0.0, 0.0, 0.0, 1.0],
                [0.709719, 0.0, -0.704485, 0.021676, -0.704485, 0.0, -0.709719, 0.728181, 0.0, 1.0, 0.0, 0.698355, 0.0, 0.0, 0.0, 1.0],
                [0.709237, 0.0, -0.70497, 0.021683, -0.70497, 0.0, -0.709237, 0.728152, 0.0, 1.0, 0.0, 0.698355, 0.0, 0.0, 0.0, 1.0],
                [0.708851, 0.0, -0.705359, 0.021689, -0.705359, 0.0, -0.708851, 0.728129, 0.0, 1.0, 0.0, 0.698355, 0.0, 0.0, 0.0, 1.0],
                [0.708548, 0.0, -0.705663, 0.021693, -0.705663, 0.0, -0.708548, 0.728111, 0.0, 1.0, 0.0, 0.698355, 0.0, 0.0, 0.0, 1.0],
                [0.708317, 0.0, -0.705895, 0.021697, -0.705895, 0.0, -0.708317, 0.728097, 0.0, 1.0, 0.0, 0.698355, 0.0, 0.0, 0.0, 1.0],
                [0.708146, 0.0, -0.706066, 0.021699, -0.706066, 0.0, -0.708146, 0.728087, 0.0, 1.0, 0.0, 0.698355, 0.0, 0.0, 0.0, 1.0],
                [0.708025, 0.0, -0.706188, 0.021701, -0.706188, 0.0, -0.708025, 0.728079, 0.0, 1.0, 0.0, 0.698355, 0.0, 0.0, 0.0, 1.0],
                [0.707944, 0.0, -0.706269, 0.021702, -0.706269, 0.0, -0.707944, 0.728075, 0.0, 1.0, 0.0, 0.698355, 0.0, 0.0, 0.0, 1.0],
                [0.707894, 0.0, -0.706319, 0.021703, -0.706319, 0.0, -0.707894, 0.728072, 0.0, 1.0, 0.0, 0.698355, 0.0, 0.0, 0.0, 1.0],
                [0.707867, 0.0, -0.706346, 0.021703, -0.706346, 0.0, -0.707867, 0.72807, 0.0, 1.0, 0.0, 0.698355, 0.0, 0.0, 0.0, 1.0],
                [0.707856, 0.0, -0.706357, 0.021703, -0.706357, 0.0, -0.707856, 0.728069, 0.0, 1.0, 0.0, 0.698355, 0.0, 0.0, 0.0, 1.0],
                [0.707853, 0.0, -0.70636, 0.021703, -0.70636, 0.0, -0.707853, 0.728069, 0.0, 1.0, 0.0, 0.698355, 0.0, 0.0, 0.0, 1.0],
                [0.708078, 0.0, -0.706135, 0.021684, -0.706135, 0.0, -0.708078, 0.728204, 0.0, 1.0, 0.0, 0.698394, 0.0, 0.0, 0.0, 1.0],
                [0.708754, 0.0, -0.705456, 0.021625, -0.705456, 0.0, -0.708754, 0.72861, 0.0, 1.0, 0.0, 0.698511, 0.0, 0.0, 0.0, 1.0],
                [0.709883, 0.0, -0.704319, 0.021526, -0.704319, 0.0, -0.709883, 0.72929, 0.0, 1.0, 0.0, 0.698708, 0.0, 0.0, 0.0, 1.0],
                [0.711467, 0.0, -0.702719, 0.021387, -0.702719, 0.0, -0.711467, 0.730242, 0.0, 1.0, 0.0, 0.698985, 0.0, 0.0, 0.0, 1.0],
                [0.713504, 0.0, -0.700651, 0.021208, -0.700651, 0.0, -0.713504, 0.731468, 0.0, 1.0, 0.0, 0.699341, 0.0, 0.0, 0.0, 1.0],
                [0.715989, 0.0, -0.698112, 0.020989, -0.698112, 0.0, -0.715989, 0.732966, 0.0, 1.0, 0.0, 0.699777, 0.0, 0.0, 0.0, 1.0],
                [0.718915, 0.0, -0.695098, 0.020731, -0.695098, 0.0, -0.718915, 0.734731, 0.0, 1.0, 0.0, 0.700293, 0.0, 0.0, 0.0, 1.0],
                [0.722273, 0.0, -0.691608, 0.020434, -0.691608, 0.0, -0.722273, 0.736761, 0.0, 1.0, 0.0, 0.700887, 0.0, 0.0, 0.0, 1.0],
                [0.726051, 0.0, -0.687641, 0.020099, -0.687641, 0.0, -0.726051, 0.739049, 0.0, 1.0, 0.0, 0.701559, 0.0, 0.0, 0.0, 1.0],
                [0.730234, 0.0, -0.683197, 0.019727, -0.683197, 0.0, -0.730234, 0.741586, 0.0, 1.0, 0.0, 0.702307, 0.0, 0.0, 0.0, 1.0],
                [0.734803, 0.0, -0.67828, 0.019319, -0.67828, 0.0, -0.734803, 0.744365, 0.0, 1.0, 0.0, 0.703129, 0.0, 0.0, 0.0, 1.0],
                [0.739736, 0.0, -0.672897, 0.018878, -0.672897, 0.0, -0.739736, 0.747374, 0.0, 1.0, 0.0, 0.704023, 0.0, 0.0, 0.0, 1.0],
                [0.74501, 0.0, -0.667054, 0.018404, -0.667054, 0.0, -0.74501, 0.7506, 0.0, 1.0, 0.0, 0.704987, 0.0, 0.0, 0.0, 1.0],
                [0.750595, 0.0, -0.660762, 0.017901, -0.660762, 0.0, -0.750595, 0.75403, 0.0, 1.0, 0.0, 0.706016, 0.0, 0.0, 0.0, 1.0],
                [0.756462, 0.0, -0.654038, 0.017371, -0.654038, 0.0, -0.756462, 0.757646, 0.0, 1.0, 0.0, 0.707107, 0.0, 0.0, 0.0, 1.0],
                [0.762576, 0.0, -0.646899, 0.016817, -0.646899, 0.0, -0.762576, 0.761431, 0.0, 1.0, 0.0, 0.708256, 0.0, 0.0, 0.0, 1.0],
                [0.768902, 0.0, -0.639366, 0.016243, -0.639366, 0.0, -0.768902, 0.765366, 0.0, 1.0, 0.0, 0.709458, 0.0, 0.0, 0.0, 1.0],
                [0.775402, 0.0, -0.631468, 0.015651, -0.631468, 0.0, -0.775402, 0.769431, 0.0, 1.0, 0.0, 0.710708, 0.0, 0.0, 0.0, 1.0],
                [0.782036, 0.0, -0.623233, 0.015046, -0.623233, 0.0, -0.782036, 0.773604, 0.0, 1.0, 0.0, 0.711999, 0.0, 0.0, 0.0, 1.0],
                [0.788763, 0.0, -0.614697, 0.014431, -0.614697, 0.0, -0.788763, 0.777862, 0.0, 1.0, 0.0, 0.713325, 0.0, 0.0, 0.0, 1.0],
                [0.795543, 0.0, -0.605897, 0.013811, -0.605897, 0.0, -0.795543, 0.782182, 0.0, 1.0, 0.0, 0.714681, 0.0, 0.0, 0.0, 1.0],
                [0.802332, 0.0, -0.596878, 0.013191, -0.596878, 0.0, -0.802332, 0.786541, 0.0, 1.0, 0.0, 0.716058, 0.0, 0.0, 0.0, 1.0],
                [0.809092, 0.0, -0.587682, 0.012573, -0.587682, 0.0, -0.809092, 0.790914, 0.0, 1.0, 0.0, 0.717451, 0.0, 0.0, 0.0, 1.0],
                [0.815782, 0.0, -0.57836, 0.011962, -0.57836, 0.0, -0.815782, 0.795278, 0.0, 1.0, 0.0, 0.71885, 0.0, 0.0, 0.0, 1.0],
                [0.822364, 0.0, -0.568962, 0.011362, -0.568962, 0.0, -0.822364, 0.799609, 0.0, 1.0, 0.0, 0.72025, 0.0, 0.0, 0.0, 1.0],
                [0.828803, 0.0, -0.55954, 0.010777, -0.55954, 0.0, -0.828803, 0.803886, 0.0, 1.0, 0.0, 0.721642, 0.0, 0.0, 0.0, 1.0],
                [0.835068, 0.0, -0.550147, 0.010209, -0.550147, 0.0, -0.835068, 0.808086, 0.0, 1.0, 0.0, 0.72302, 0.0, 0.0, 0.0, 1.0],
                [0.841127, 0.0, -0.540838, 0.009663, -0.540838, 0.0, -0.841127, 0.812189, 0.0, 1.0, 0.0, 0.724375, 0.0, 0.0, 0.0, 1.0],
                [0.846955, 0.0, -0.531664, 0.00914, -0.531664, 0.0, -0.846955, 0.816177, 0.0, 1.0, 0.0, 0.725702, 0.0, 0.0, 0.0, 1.0],
                [0.85253, 0.0, -0.522678, 0.008643, -0.522678, 0.0, -0.85253, 0.82003, 0.0, 1.0, 0.0, 0.726993, 0.0, 0.0, 0.0, 1.0],
                [0.857832, 0.0, -0.51393, 0.008173, -0.51393, 0.0, -0.857832, 0.823734, 0.0, 1.0, 0.0, 0.728242, 0.0, 0.0, 0.0, 1.0],
                [0.862845, 0.0, -0.505468, 0.007732, -0.505468, 0.0, -0.862845, 0.827274, 0.0, 1.0, 0.0, 0.729444, 0.0, 0.0, 0.0, 1.0],
                [0.867559, 0.0, -0.497335, 0.007321, -0.497335, 0.0, -0.867559, 0.830637, 0.0, 1.0, 0.0, 0.730593, 0.0, 0.0, 0.0, 1.0],
                [0.871962, 0.0, -0.489573, 0.00694, -0.489573, 0.0, -0.871962, 0.833812, 0.0, 1.0, 0.0, 0.731685, 0.0, 0.0, 0.0, 1.0],
                [0.87605, 0.0, -0.48222, 0.00659, -0.48222, 0.0, -0.87605, 0.836789, 0.0, 1.0, 0.0, 0.732714, 0.0, 0.0, 0.0, 1.0],
                [0.879818, 0.0, -0.47531, 0.00627, -0.47531, 0.0, -0.879818, 0.839562, 0.0, 1.0, 0.0, 0.733677, 0.0, 0.0, 0.0, 1.0],
                [0.883266, 0.0, -0.468873, 0.00598, -0.468873, 0.0, -0.883266, 0.842123, 0.0, 1.0, 0.0, 0.734572, 0.0, 0.0, 0.0, 1.0],
                [0.886393, 0.0, -0.462934, 0.005719, -0.462934, 0.0, -0.886393, 0.844467, 0.0, 1.0, 0.0, 0.735394, 0.0, 0.0, 0.0, 1.0],
                [0.889201, 0.0, -0.457517, 0.005487, -0.457517, 0.0, -0.889201, 0.846591, 0.0, 1.0, 0.0, 0.736142, 0.0, 0.0, 0.0, 1.0],
                [0.891694, 0.0, -0.452638, 0.005283, -0.452638, 0.0, -0.891694, 0.848491, 0.0, 1.0, 0.0, 0.736814, 0.0, 0.0, 0.0, 1.0],
                [0.893876, 0.0, -0.448314, 0.005106, -0.448314, 0.0, -0.893876, 0.850166, 0.0, 1.0, 0.0, 0.737408, 0.0, 0.0, 0.0, 1.0],
                [0.895752, 0.0, -0.444555, 0.004955, -0.444555, 0.0, -0.895752, 0.851615, 0.0, 1.0, 0.0, 0.737923, 0.0, 0.0, 0.0, 1.0],
                [0.897325, 0.0, -0.441369, 0.004829, -0.441369, 0.0, -0.897325, 0.852838, 0.0, 1.0, 0.0, 0.738359, 0.0, 0.0, 0.0, 1.0],
                [0.898603, 0.0, -0.438763, 0.004727, -0.438763, 0.0, -0.898603, 0.853835, 0.0, 1.0, 0.0, 0.738716, 0.0, 0.0, 0.0, 1.0],
                [0.899588, 0.0, -0.436739, 0.004649, -0.436739, 0.0, -0.899588, 0.854608, 0.0, 1.0, 0.0, 0.738992, 0.0, 0.0, 0.0, 1.0],
                [0.900287, 0.0, -0.435297, 0.004594, -0.435297, 0.0, -0.900287, 0.855157, 0.0, 1.0, 0.0, 0.739189, 0.0, 0.0, 0.0, 1.0],
                [0.900704, 0.0, -0.434434, 0.004562, -0.434434, 0.0, -0.900704, 0.855485, 0.0, 1.0, 0.0, 0.739307, 0.0, 0.0, 0.0, 1.0],
                [0.900842, 0.0, -0.434148, 0.004551, -0.434148, 0.0, -0.900842, 0.855594, 0.0, 1.0, 0.0, 0.739346, 0.0, 0.0, 0.0, 1.0]
            ]
        },
        {
            "name": "Thigh_R",
            "time": [0.0, 0.0167, 0.0333, 0.05, 0.0667, 0.0833, 0.1, 0.1167, 0.1333, 0.15, 0.1667, 0.1833, 0.2, 0.2167, 0.2333, 0.25, 0.2667, 0.2833, 0.3, 0.3167, 0.3333, 0.35, 0.3667, 0.3833, 0.4, 0.4167, 0.4333, 0.45, 0.4667, 0.4833, 0.5, 0.5167, 0.5333, 0.55, 0.5667, 0.5833, 0.6, 0.6167, 0.6333, 0.65, 0.6667, 0.6833, 0.7, 0.7167, 0.7333, 0.75, 0.7667, 0.7833, 0.8, 0.8167, 0.8333, 0.85, 0.8667, 0.8833, 0.9, 0.9167, 0.9333, 0.95, 0.9667, 0.9833, 1.0, 1.0167, 1.0333, 1.05, 1.0667, 1.0833, 1.1, 1.1167, 1.1333, 1.15, 1.1667, 1.1833, 1.2, 1.2167, 1.2333, 1.25, 1.2667, 1.2833, 1.3, 1.3167, 1.3333, 1.35, 1.3667, 1.3833, 1.4, 1.4167, 1.4333, 1.45, 1.4667, 1.4833, 1.5, 1.5167, 1.5333, 1.55, 1.5667, 1.5833, 1.6, 1.6167, 1.6333, 1.65, 1.6667, 1.6833, 1.7, 1.7167, 1.7333, 1.75, 1.7667, 1.7833, 1.8, 1.8167, 1.8333, 1.85, 1.8667, 1.8833, 1.9, 1.9167, 1.9333, 1.95, 1.9667, 1.9833, 2.0],
            "transform": [
                [0.847429, -0.47407, -0.239002, 0.124994, -0.512894, -0.614756, -0.599181, -0.002831, 0.137125, 0.630343, -0.764113, -1.2e-05, 0.0, 0.0, 0.0, 1.0],
                [0.848173, -0.476917, -0.230549, 0.124994, -0.511648, -0.624867, -0.589713, -0.002831, 0.137181, 0.618136, -0.774012, -1.2e-05, 0.0, 0.0, 0.0, 1.0],
                [0.850445, -0.483057, -0.208328, 0.124994, -0.507814, -0.650424, -0.564869, -0.002831, 0.137362, 0.586178, -0.798456, -1.2e-05, 0.0, 0.0, 0.0, 1.0],
                [0.85429, -0.488606, -0.177348, 0.124994, -0.501229, -0.68397, -0.530055, -0.002831, 0.137687, 0.54171, -0.829215, -1.2e-05, 0.0, 0.0, 0.0, 1.0],
                [0.859738, -0.490927, -0.140858, 0.124994, -0.49169, -0.72097, -0.48831, -0.002831, 0.13817, 0.489074, -0.861232, -1.2e-05, 0.0, 0.0, 0.0, 1.0],
                [0.866786, -0.488407, -0.100704, 0.124994, -0.47897, -0.759164, -0.440749, -0.002831, 0.138814, 0.430266, -0.891968, -1.2e-05, 0.0, 0.0, 0.0, 1.0],
                [0.875386, -0.479884, -0.058405, 0.124994, -0.462826, -0.797056, -0.38794, -0.002831, 0.139614, 0.366625, -0.919837, -1.2e-05, 0.0, 0.0, 0.0, 1.0],
                [0.885429, -0.464524, -0.015283, 0.124994, -0.443013, -0.833573, -0.329998, -0.002831, 0.140552, 0.298957, -0.943862, -1.2e-05, 0.0, 0.0, 0.0, 1.0],
                [0.89673, -0.441739, 0.027247, 0.124994, -0.419316, -0.867683, -0.267026, -0.002831, 0.141598, 0.228022, -0.963308, -1.2e-05, 0.0, 0.0, 0.0, 1.0],
                [0.909013, -0.411247, 0.06762, 0.124994, -0.391577, -0.898305, -0.199292, -0.002831, 0.142701, 0.154678, -0.977608, -1.2e-05, 0.0, 0.0, 0.0, 1.0],
                [0.921907, -0.373114, 0.104279, 0.124994, -0.359738, -0.924365, -0.127045, -0.002831, 0.143794, 0.079608, -0.986404, -1.2e-05, 0.0, 0.0, 0.0, 1.0],
                [0.934953, -0.327865, 0.135527, 0.124994, -0.32388, -0.944718, -0.05111, -0.002831, 0.144791, 0.003888, -0.989458, -1.2e-05, 0.0, 0.0, 0.0, 1.0],
                [0.947627, -0.276476, 0.159888, 0.124994, -0.284263, -0.95835, 0.027613, -0.002831, 0.145594, -0.07162, -0.986752, -1.2e-05, 0.0, 0.0, 0.0, 1.0],
                [0.959379, -0.22046, 0.17604, 0.124994, -0.241347, -0.964474, 0.107446, -0.002831, 0.146098, -0.145571, -0.978505, -1.2e-05, 0.0, 0.0, 0.0, 1.0],
                [0.969687, -0.161666, 0.183226, 0.124994, -0.195788, -0.962702, 0.186746, -0.002831, 0.146201, -0.216962, -0.965173, -1.2e-05, 0.0, 0.0, 0.0, 1.0],
                [0.978116, -0.102288, 0.181183, 0.124994, -0.148414, -0.953307, 0.263021, -0.002831, 0.145818, -0.284158, -0.947628, -1.2e-05, 0.0, 0.0, 0.0, 1.0],
                [0.984365, -0.044433, 0.170445, 0.124994, -0.100163, -0.937182, 0.334154, -0.002831, 0.14489, -0.346004, -0.926982, -1.2e-05, 0.0, 0.0, 0.0, 1.0],
                [0.988299, 0.010026, 0.152198, 0.124994, -0.052008, -0.91589, 0.398048, -0.002831, 0.143387, -0.401308, -0.904654, -1.2e-05, 0.0, 0.0, 0.0, 1.0],
                [0.989953, 0.059736, 0.128162, 0.124994, -0.004881, -0.891406, 0.453182, -0.002831, 0.141315, -0.449256, -0.88216, -1.2e-05, 0.0, 0.0, 0.0, 1.0],
                [0.989509, 0.1039, 0.100385, 0.124994, 0.040396, -0.866098, 0.498241, -0.002831, 0.13871, -0.488961, -0.861211, -1.2e-05, 0.0, 0.0, 0.0, 1.0],
                [0.987263, 0.142401, 0.070946, 0.124994, 0.083154, -0.842039, 0.53297, -0.002831, 0.135634, -0.520285, -0.843157, -1.2e-05, 0.0, 0.0, 0.0, 1.0],
                [0.98358, 0.175584, 0.041736, 0.124994, 0.1229, -0.820986, 0.557566, -0.002831, 0.132164, -0.543283, -0.829086, -1.2e-05, 0.0, 0.0, 0.0, 1.0],
                [0.978846, 0.2041, 0.014316, 0.124994, 0.159307, -0.804189, 0.572627, -0.002831, 0.128385, -0.558236, -0.819694, -1.2e-05, 0.0, 0.0, 0.0, 1.0],
                [0.97344, 0.228716, -0.010137, 0.124994, 0.192202, -0.792374, 0.578967, -0.002831, 0.124387, -0.56554, -0.815291, -1.2e-05, 0.0, 0.0, 0.0, 1.0],
                [0.96771, 0.250179, -0.030809, 0.124994, 0.221535, -0.785804, 0.577439, -0.002831, 0.120253, -0.565621, -0.815856, -1.2e-05, 0.0, 0.0, 0.0, 1.0],
                [0.961545, 0.272032, -0.037816, 0.124994, 0.250071, -0.810236, 0.530079, -0.002831, 0.113558, -0.519153, -0.847108, -1.2e-05, 0.0, 0.0, 0.0, 1.0],
                [0.955697, 0.293833, -0.017465, 0.124994, 0.27627, -0.874935, 0.3977, -0.002831, 0.101577, -0.384908, -0.917352, -1.2e-05, 0.0, 0.0, 0.0, 1.0],
                [0.952667, 0.302765, 0.027557, 0.124994, 0.291838, -0.936139, 0.196151, -0.002831, 0.085184, -0.178827, -0.98019, -1.2e-05, 0.0, 0.0, 0.0, 1.0],
                [0.954319, 0.288212, 0.078806, 0.124994, 0.2912, -0.956215, -0.029265, -0.002831, 0.066921, 0.050874, -0.996464, -1.2e-05, 0.0, 0.0, 0.0, 1.0],
                [0.959775, 0.255373, 0.116694, 0.124994, 0.276364, -0.9326, -0.232126, -0.002831, 0.04955, 0.255036, -0.965664, -1.2e-05, 0.0, 0.0, 0.0, 1.0],
                [0.966503, 0.217942, 0.135553, 0.124994, 0.254303, -0.884557, -0.391014, -0.002831, 0.034686, 0.412384, -0.910353, -1.2e-05, 0.0, 0.0, 0.0, 1.0],
                [0.972409, 0.175299, 0.153918, 0.124994, 0.232194, -0.790937, -0.566133, -0.002831, 0.022497, 0.58625, -0.809822, -1.2e-05, 0.0, 0.0, 0.0, 1.0],
                [0.976767, 0.173552, 0.125721, 0.124994, 0.213934, -0.824122, -0.524459, -0.002831, 0.012589, 0.539168, -0.842108, -1.2e-05, 0.0, 0.0, 0.0, 1.0],
                [0.979762, 0.173385, 0.100023, 0.124994, 0.200103, -0.861082, -0.467438, -0.002831, 0.005081, 0.477991, -0.878354, -1.2e-05, 0.0, 0.0, 0.0, 1.0],
                [0.981653, 0.17342, 0.07926, 0.124994, 0.190674, -0.892527, -0.408705, -0.002831, -0.000136, 0.416317, -0.909223, -1.2e-05, 0.0, 0.0, 0.0, 1.0],
                [0.982672, 0.176725, 0.055892, 0.124994, 0.185325, -0.931598, -0.312699, -0.002831, -0.003193, 0.317637, -0.948211, -1.2e-05, 0.0, 0.0, 0.0, 1.0],
                [0.982993, 0.177463, 0.047246, 0.124994, 0.183597, -0.943806, -0.274815, -0.002831, -0.004178, 0.278814, -0.96034, -1.2e-05, 0.0, 0.0, 0.0, 1.0],
                [0.98299, 0.177889, 0.045672, 0.124994, 0.18361, -0.946198, -0.266452, -0.002831, -0.004184, 0.270304, -0.96277, -1.2e-05, 0.0, 0.0, 0.0, 1.0],
                [0.982988, 0.178235, 0.04435, 0.124994, 0.183622, -0.948145, -0.25943, -0.002831, -0.004189, 0.263159, -0.964748, -1.2e-05, 0.0, 0.0, 0.0, 1.0],
                [0.982986, 0.178519, 0.043235, 0.124994, 0.183632, -0.949745, -0.253506, -0.002831, -0.004193, 0.25713, -0.966371, -1.2e-05, 0.0, 0.0, 0.0, 1.0],
                [0.982984, 0.178753, 0.042296, 0.124994, 0.183641, -0.951061, -0.248516, -0.002831, -0.004197, 0.252053, -0.967708, -1.2e-05, 0.0, 0.0, 0.0, 1.0],
                [0.982983, 0.178945, 0.041508, 0.124994, 0.183648, -0.952144, -0.244327, -0.002831, -0.0042, 0.247791, -0.968808, -1.2e-05, 0.0, 0.0, 0.0, 1.0],
                [0.982982, 0.179102, 0.040852, 0.124994, 0.183654, -0.95303, -0.240843, -0.002831, -0.004202, 0.244245, -0.969709, -1.2e-05, 0.0, 0.0, 0.0, 1.0],
                [0.982981, 0.179229, 0.040312, 0.124994, 0.183658, -0.953749, -0.237976, -0.002831, -0.004204, 0.241327, -0.970439, -1.2e-05, 0.0, 0.0, 0.0, 1.0],
                [0.98298, 0.17933, 0.039875, 0.124994, 0.183662, -0.954325, -0.235652, -0.002831, -0.004205, 0.238963, -0.971023, -1.2e-05, 0.0, 0.0, 0.0, 1.0],
                [0.98298, 0.179409, 0.039528, 0.124994, 0.183664, -0.954779, -0.233806, -0.002831, -0.004206, 0.237085, -0.971484, -1.2e-05, 0.0, 0.0, 0.0, 1.0],
                [0.98298, 0.17947, 0.03926, 0.124994, 0.183665, -0.955128, -0.232377, -0.002831, -0.004206, 0.235631, -0.971838, -1.2e-05, 0.0, 0.0, 0.0, 1.0],
                [0.98298, 0.179514, 0.039059, 0.124994, 0.183666, -0.955387, -0.231307, -0.002831, -0.004206, 0.234542, -0.972101, -1.2e-05, 0.0, 0.0, 0.0, 1.0],
                [0.98298, 0.179545, 0.038915, 0.124994, 0.183665, -0.955573, -0.23054, -0.002831, -0.004206, 0.233762, -0.972289, -1.2e-05, 0.0, 0.0, 0.0, 1.0],
                [0.98298, 0.179564, 0.038819, 0.124994, 0.183664, -0.955697, -0.230024, -0.002831, -0.004205, 0.233237, -0.972415, -1.2e-05, 0.0, 0.0, 0.0, 1.0],
                [0.98298, 0.179575, 0.03876, 0.124994, 0.183662, -0.955774, -0.229707, -0.002831, -0.004203, 0.232915, -0.972492, -1.2e-05, 0.0, 0.0, 0.0, 1.0],
                [0.982981, 0.179579, 0.038729, 0.124994, 0.183659, -0.955815, -0.229539, -0.002831, -0.004202, 0.232743, -0.972533, -1.2e-05, 0.0, 0.0, 0.0, 1.0],
                [0.982982, 0.179578, 0.038718, 0.124994, 0.183656, -0.955832, -0.22947, -0.002831, -0.0042, 0.232674, -0.97255, -1.2e-05, 0.0, 0.0, 0.0, 1.0],
                [0.982982, 0.179574, 0.038716, 0.124994, 0.183652, -0.955837, -0.229453, -0.002831, -0.004197, 0.232657, -0.972554, -1.2e-05, 0.0, 0.0, 0.0, 1.0],
                [0.982983, 0.17957, 0.038716, 0.124994, 0.183648, -0.95584, -0.229442, -0.002831, -0.004195, 0.232646, -0.972557, -1.2e-05, 0.0, 0.0, 0.0, 1.0],
                [0.982984, 0.179567, 0.038708, 0.124994, 0.183644, -0.955854, -0.229389, -0.002831, -0.004192, 0.232592, -0.972569, -1.2e-05, 0.0, 0.0, 0.0, 1.0],
                [0.982985, 0.179567, 0.038684, 0.124994, 0.183639, -0.955887, -0.229254, -0.002831, -0.004189, 0.232456, -0.972602, -1.2e-05, 0.0, 0.0, 0.0, 1.0],
                [0.982986, 0.179572, 0.038638, 0.124994, 0.183634, -0.95595, -0.228995, -0.002831, -0.004185, 0.232192, -0.972665, -1.2e-05, 0.0, 0.0, 0.0, 1.0],
                [0.982987, 0.179582, 0.038561, 0.124994, 0.183628, -0.956052, -0.228573, -0.002831, -0.004182, 0.231764, -0.972767, -1.2e-05, 0.0, 0.0, 0.0, 1.0],
                [0.982988, 0.179601, 0.038447, 0.124994, 0.183623, -0.956201, -0.227953, -0.002831, -0.004178, 0.231133, -0.972917, -1.2e-05, 0.0, 0.0, 0.0, 1.0],
                [0.982989, 0.179629, 0.038289, 0.124994, 0.183617, -0.956404, -0.227105, -0.002831, -0.004174, 0.230271, -0.973122, -1.2e-05, 0.0, 0.0, 0.0, 1.0],
                [0.98299, 0.179667, 0.038084, 0.124994, 0.183611, -0.956667, -0.225999, -0.002831, -0.00417, 0.229146, -0.973387, -1.2e-05, 0.0, 0.0, 0.0, 1.0],
                [0.982991, 0.179715, 0.037826, 0.124994, 0.183606, -0.956995, -0.224611, -0.002831, -0.004166, 0.227734, -0.973719, -1.2e-05, 0.0, 0.0, 0.0, 1.0],
                [0.982992, 0.179775, 0.037512, 0.124994, 0.1836, -0.957391, -0.222921, -0.002831, -0.004162, 0.226016, -0.974119, -1.2e-05, 0.0, 0.0, 0.0, 1.0],
                [0.982993, 0.179847, 0.037138, 0.124994, 0.183594, -0.957857, -0.220915, -0.002831, -0.004158, 0.223974, -0.97459, -1.2e-05, 0.0, 0.0, 0.0, 1.0],
                [0.982994, 0.179931, 0.036702, 0.124994, 0.183589, -0.958394, -0.218578, -0.002831, -0.004154, 0.221598, -0.975133, -1.2e-05, 0.0, 0.0, 0.0, 1.0],
                [0.982995, 0.180026, 0.036204, 0.124994, 0.183584, -0.959001, -0.215906, -0.002831, -0.004149, 0.21888, -0.975747, -1.2e-05, 0.0, 0.0, 0.0, 1.0],
                [0.982996, 0.180133, 0.035642, 0.124994, 0.183579, -0.959675, -0.212895, -0.002831, -0.004145, 0.215816, -0.976429, -1.2e-05, 0.0, 0.0, 0.0, 1.0],
                [0.982997, 0.180251, 0.035015, 0.124994, 0.183574, -0.960414, -0.20954, -0.002831, -0.004141, 0.212404, -0.977177, -1.2e-05, 0.0, 0.0, 0.0, 1.0],
                [0.982998, 0.180378, 0.034326, 0.124994, 0.183569, -0.961212, -0.205849, -0.002831, -0.004136, 0.208649, -0.977986, -1.2e-05, 0.0, 0.0, 0.0, 1.0],
                [0.982999, 0.180515, 0.033574, 0.124994, 0.183564, -0.962066, -0.201825, -0.002831, -0.004132, 0.204555, -0.97885, -1.2e-05, 0.0, 0.0, 0.0, 1.0],
                [0.983, 0.18066, 0.032762, 0.124994, 0.18356, -0.962969, -0.197475, -0.002831, -0.004127, 0.20013, -0.979765, -1.2e-05, 0.0, 0.0, 0.0, 1.0],
                [0.983001, 0.180811, 0.03189, 0.124994, 0.183555, -0.963916, -0.192808, -0.002831, -0.004123, 0.195382, -0.980722, -1.2e-05, 0.0, 0.0, 0.0, 1.0],
                [0.98303, 0.180894, 0.030482, 0.124994, 0.183401, -0.965516, -0.184783, -0.002831, -0.003995, 0.187236, -0.982311, -1.2e-05, 0.0, 0.0, 0.0, 1.0],
                [0.983118, 0.180792, 0.028176, 0.124994, 0.182938, -0.968159, -0.170889, -0.002831, -0.003616, 0.173157, -0.984892, -1.2e-05, 0.0, 0.0, 0.0, 1.0],
                [0.983264, 0.180435, 0.025195, 0.124994, 0.182161, -0.971422, -0.152174, -0.002831, -0.002982, 0.154215, -0.988037, -1.2e-05, 0.0, 0.0, 0.0, 1.0],
                [0.98347, 0.179759, 0.021778, 0.124994, 0.181061, -0.974879, -0.129722, -0.002831, -0.002088, 0.131519, -0.991316, -1.2e-05, 0.0, 0.0, 0.0, 1.0],
                [0.983733, 0.178716, 0.018162, 0.124994, 0.179634, -0.978157, -0.104603, -0.002831, -0.000929, 0.106162, -0.994352, -1.2e-05, 0.0, 0.0, 0.0, 1.0],
                [0.984052, 0.177288, 0.014483, 0.124994, 0.177878, -0.981008, -0.077355, -0.002831, 0.000494, 0.078696, -0.996903, -1.2e-05, 0.0, 0.0, 0.0, 1.0],
                [0.984424, 0.17547, 0.010913, 0.124994, 0.175795, -0.98322, -0.04873, -0.002831, 0.00218, 0.049887, -0.998756, -1.2e-05, 0.0, 0.0, 0.0, 1.0],
                [0.984844, 0.173278, 0.007576, 0.124994, 0.173395, -0.984664, -0.019259, -0.002831, 0.004123, 0.020279, -0.99979, -1.2e-05, 0.0, 0.0, 0.0, 1.0],
                [0.985304, 0.170747, 0.004565, 0.124994, 0.170691, -0.985268, 0.010628, -0.002831, 0.006313, -0.009695, -0.999937, -1.2e-05, 0.0, 0.0, 0.0, 1.0],
                [0.985798, 0.167924, 0.001942, 0.124994, 0.167708, -0.985, 0.040619, -0.002831, 0.008734, -0.039718, -0.999176, -1.2e-05, 0.0, 0.0, 0.0, 1.0],
                [0.986315, 0.164871, -0.000228, 0.124994, 0.164479, -0.983873, 0.070293, -0.002831, 0.011365, -0.069371, -0.99753, -1.2e-05, 0.0, 0.0, 0.0, 1.0],
                [0.986845, 0.161657, -0.001926, 0.124994, 0.161046, -0.981929, 0.099399, -0.002831, 0.014178, -0.098403, -0.99505, -1.2e-05, 0.0, 0.0, 0.0, 1.0],
                [0.987377, 0.15836, -0.003129, 0.124994, 0.157461, -0.979252, 0.127559, -0.002831, 0.017136, -0.126444, -0.99183, -1.2e-05, 0.0, 0.0, 0.0, 1.0],
                [0.987898, 0.155059, -0.003863, 0.124994, 0.153786, -0.975936, 0.154596, -0.002831, 0.020201, -0.153321, -0.987974, -1.2e-05, 0.0, 0.0, 0.0, 1.0],
                [0.988397, 0.151833, -0.004143, 0.124994, 0.150088, -0.972121, 0.180151, -0.002831, 0.023326, -0.178684, -0.983634, -1.2e-05, 0.0, 0.0, 0.0, 1.0],
                [0.988865, 0.148759, -0.004027, 0.124994, 0.146442, -0.96794, 0.204078, -0.002831, 0.02646, -0.202397, -0.97895, -1.2e-05, 0.0, 0.0, 0.0, 1.0],
                [0.989292, 0.145903, -0.003581, 0.124994, 0.142924, -0.963538, 0.226201, -0.002831, 0.029553, -0.224293, -0.974078, -1.2e-05, 0.0, 0.0, 0.0, 1.0],
                [0.989671, 0.143325, -0.002887, 0.124994, 0.139609, -0.959051, 0.246436, -0.002831, 0.032552, -0.244296, -0.969158, -1.2e-05, 0.0, 0.0, 0.0, 1.0],
                [0.989998, 0.141071, -0.002005, 0.124994, 0.13657, -0.954652, 0.264555, -0.002831, 0.035407, -0.262185, -0.964372, -1.2e-05, 0.0, 0.0, 0.0, 1.0],
                [0.990267, 0.139176, -0.001026, 0.124994, 0.133871, -0.950456, 0.280557, -0.002831, 0.038071, -0.277965, -0.959841, -1.2e-05, 0.0, 0.0, 0.0, 1.0],
                [0.990479, 0.137664, -2.6e-05, 0.124994, 0.13157, -0.946583, 0.294398, -0.002831, 0.040503, -0.2916, -0.955687, -1.2e-05, 0.0, 0.0, 0.0, 1.0],
                [0.990633, 0.136548, 0.000929, 0.124994, 0.129713, -0.943134, 0.306062, -0.002831, 0.042668, -0.303076, -0.952015, -1.2e-05, 0.0, 0.0, 0.0, 1.0],
                [0.99073, 0.135832, 0.00178, 0.124994, 0.128336, -0.940192, 0.315547, -0.002831, 0.044535, -0.312395, -0.948912, -1.2e-05, 0.0, 0.0, 0.0, 1.0],
                [0.990772, 0.135515, 0.002486, 0.124994, 0.127462, -0.937822, 0.322868, -0.002831, 0.046085, -0.319573, -0.946444, -1.2e-05, 0.0, 0.0, 0.0, 1.0],
                [0.990761, 0.135586, 0.003015, 0.124994, 0.127104, -0.936072, 0.328046, -0.002831, 0.047301, -0.324633, -0.944661, -1.2e-05, 0.0, 0.0, 0.0, 1.0],
                [0.990698, 0.136036, 0.003351, 0.124994, 0.127264, -0.934972, 0.331106, -0.002831, 0.048175, -0.327601, -0.943592, -1.2e-05, 0.0, 0.0, 0.0, 1.0],
                [0.990586, 0.136848, 0.003491, 0.124994, 0.127934, -0.934537, 0.332075, -0.002831, 0.048706, -0.328504, -0.94325, -1.2e-05, 0.0, 0.0, 0.0, 1.0],
                [0.990461, 0.137745, 0.003776, 0.124994, 0.128743, -0.934805, 0.331006, -0.002831, 0.049124, -0.327364, -0.943625, -1.2e-05, 0.0, 0.0, 0.0, 1.0],
                [0.990358, 0.138454, 0.004559, 0.124994, 0.129322, -0.93583, 0.327869, -0.002831, 0.049661, -0.32412, -0.944716, -1.2e-05, 0.0, 0.0, 0.0, 1.0],
                [0.99028, 0.138961, 0.005862, 0.124994, 0.129663, -0.93763, 0.32255, -0.002831, 0.050318, -0.318657, -0.946538, -1.2e-05, 0.0, 0.0, 0.0, 1.0],
                [0.990227, 0.139253, 0.007696, 0.124994, 0.12977, -0.940202, 0.31493, -0.002831, 0.051091, -0.310856, -0.949087, -1.2e-05, 0.0, 0.0, 0.0, 1.0],
                [0.990197, 0.139314, 0.010065, 0.124994, 0.129648, -0.943521, 0.304892, -0.002831, 0.051972, -0.3006, -0.952338, -1.2e-05, 0.0, 0.0, 0.0, 1.0],
                [0.990189, 0.139131, 0.012969, 0.124994, 0.129314, -0.947562, 0.29224, -0.002831, 0.052948, -0.287698, -0.956261, -1.2e-05, 0.0, 0.0, 0.0, 1.0],
                [0.9902, 0.138693, 0.016355, 0.124994, 0.128789, -0.952172, 0.277096, -0.002831, 0.054003, -0.272276, -0.960707, -1.2e-05, 0.0, 0.0, 0.0, 1.0],
                [0.990228, 0.137988, 0.0202, 0.124994, 0.128105, -0.957265, 0.259293, -0.002831, 0.055116, -0.254173, -0.965591, -1.2e-05, 0.0, 0.0, 0.0, 1.0],
                [0.990268, 0.137008, 0.024458, 0.124994, 0.127295, -0.962692, 0.23879, -0.002831, 0.056262, -0.233354, -0.970767, -1.2e-05, 0.0, 0.0, 0.0, 1.0],
                [0.990317, 0.13576, 0.029026, 0.124994, 0.126399, -0.968197, 0.215913, -0.002831, 0.057415, -0.210154, -0.975985, -1.2e-05, 0.0, 0.0, 0.0, 1.0],
                [0.99037, 0.134246, 0.033844, 0.124994, 0.125458, -0.973605, 0.190667, -0.002831, 0.058547, -0.184587, -0.981075, -1.2e-05, 0.0, 0.0, 0.0, 1.0],
                [0.990425, 0.13248, 0.038825, 0.124994, 0.124508, -0.978687, 0.16331, -0.002831, 0.059633, -0.156914, -0.985814, -1.2e-05, 0.0, 0.0, 0.0, 1.0],
                [0.990479, 0.130491, 0.043866, 0.124994, 0.123587, -0.983209, 0.134262, -0.002831, 0.060649, -0.127563, -0.989978, -1.2e-05, 0.0, 0.0, 0.0, 1.0],
                [0.990529, 0.12831, 0.048882, 0.124994, 0.122724, -0.986988, 0.103894, -0.002831, 0.061576, -0.096912, -0.99339, -1.2e-05, 0.0, 0.0, 0.0, 1.0],
                [0.990574, 0.125994, 0.05375, 0.124994, 0.121942, -0.989851, 0.072978, -0.002831, 0.062399, -0.065737, -0.995888, -1.2e-05, 0.0, 0.0, 0.0, 1.0],
                [0.990613, 0.123595, 0.0584, 0.124994, 0.121261, -0.991733, 0.041975, -0.002831, 0.063105, -0.034501, -0.997414, -1.2e-05, 0.0, 0.0, 0.0, 1.0],
                [0.990645, 0.121198, 0.062717, 0.124994, 0.120691, -0.99262, 0.011829, -0.002831, 0.063687, -0.00415, -0.997965, -1.2e-05, 0.0, 0.0, 0.0, 1.0],
                [0.99067, 0.118943, 0.066519, 0.124994, 0.120242, -0.992618, -0.015861, -0.002831, 0.064141, 0.023711, -0.997663, -1.2e-05, 0.0, 0.0, 0.0, 1.0],
                [0.990688, 0.117, 0.069622, 0.124994, 0.119918, -0.992005, -0.039317, -0.002831, 0.064465, 0.047299, -0.996802, -1.2e-05, 0.0, 0.0, 0.0, 1.0],
                [0.990699, 0.115637, 0.071713, 0.124994, 0.119724, -0.991251, -0.055573, -0.002831, 0.064659, 0.063641, -0.99588, -1.2e-05, 0.0, 0.0, 0.0, 1.0],
                [0.990703, 0.115139, 0.072459, 0.124994, 0.119659, -0.99091, -0.06147, -0.002831, 0.064723, 0.069568, -0.99548, -1.2e-05, 0.0, 0.0, 0.0, 1.0]
            ]
        },
        {
            "name": "Leg_R",
            "time": [0.0, 0.0167, 0.0333, 0.05, 0.0667, 0.0833, 0.1, 0.1167, 0.1333, 0.15, 0.1667, 0.1833, 0.2, 0.2167, 0.2333, 0.25, 0.2667, 0.2833, 0.3, 0.3167, 0.3333, 0.35, 0.3667, 0.3833, 0.4, 0.4167, 0.4333, 0.45, 0.4667, 0.4833, 0.5, 0.5167, 0.5333, 0.55, 0.5667, 0.5833, 0.6, 0.6167, 0.6333, 0.65, 0.6667, 0.6833, 0.7, 0.7167, 0.7333, 0.75, 0.7667, 0.7833, 0.8, 0.8167, 0.8333, 0.85, 0.8667, 0.8833, 0.9, 0.9167, 0.9333, 0.95, 0.9667, 0.9833, 1.0, 1.0167, 1.0333, 1.05, 1.0667, 1.0833, 1.1, 1.1167, 1.1333, 1.15, 1.1667, 1.1833, 1.2, 1.2167, 1.2333, 1.25, 1.2667, 1.2833, 1.3, 1.3167, 1.3333, 1.35, 1.3667, 1.3833, 1.4, 1.4167, 1.4333, 1.45, 1.4667, 1.4833, 1.5, 1.5167, 1.5333, 1.55, 1.5667, 1.5833, 1.6, 1.6167, 1.6333, 1.65, 1.6667, 1.6833, 1.7, 1.7167, 1.7333, 1.75, 1.7667, 1.7833, 1.8, 1.8167, 1.8333, 1.85, 1.8667, 1.8833, 1.9, 1.9167, 1.9333, 1.95, 1.9667, 1.9833, 2.0],
            "transform": [
                [1.0, -0.00029, -0.000153, 0.0, 0.00032, 0.965692, 0.259692, 0.375166, 7.3e-05, -0.259691, 0.965691, 0.0, 0.0, 0.0, 0.0, 1.0],
                [1.0, -0.000323, -0.000163, 0.0, 0.000356, 0.957408, 0.28874, 0.375166, 6.2e-05, -0.288739, 0.957407, 0.0, 0.0, 0.0, 0.0, 1.0],
                [1.0, -0.000404, -0.00019, -0.0, 0.000445, 0.932502, 0.361167, 0.375166, 3.2e-05, -0.361165, 0.932501, -0.0, 0.0, 0.0, 0.0, 1.0],
                [1.0, -0.000507, -0.000237, 0.0, 0.000559, 0.891198, 0.453617, 0.375166, -1.9e-05, -0.453614, 0.891197, -0.0, 0.0, 0.0, 0.0, 1.0],
                [1.0, -0.000617, -0.0003, -0.0, 0.00068, 0.834338, 0.551255, 0.375166, -8.9e-05, -0.551252, 0.834337, -0.0, 0.0, 0.0, 0.0, 1.0],
                [1.0, -0.000723, -0.00038, 0.0, 0.000797, 0.763099, 0.646284, 0.375166, -0.000177, -0.64628, 0.763098, 0.0, 0.0, 0.0, 0.0, 1.0],
                [1.0, -0.00082, -0.000473, -0.0, 0.000905, 0.679559, 0.733623, 0.375166, -0.00028, -0.733619, 0.679557, -0.0, 0.0, 0.0, 0.0, 1.0],
                [0.999999, -0.000906, -0.000578, -0.0, 0.000999, 0.586089, 0.810249, 0.375166, -0.000395, -0.810244, 0.586088, 0.0, 0.0, 0.0, 0.0, 1.0],
