{
    "animation": [
        {
            "name": "Root",
            "time": [0.0, 0.0167, 0.0333, 0.05, 0.0667, 0.0833, 0.1, 0.1167, 0.1333, 0.15, 0.1667, 0.1833, 0.2, 0.2167, 0.2333, 0.25, 0.2667, 0.2833, 0.3, 0.3167, 0.3333, 0.35, 0.3667, 0.3833, 0.4, 0.4167, 0.4333, 0.45, 0.4667, 0.4833, 0.5, 0.5167, 0.5333, 0.55, 0.5667, 0.5833, 0.6, 0.6167, 0.6333, 0.65, 0.6667, 0.6833, 0.7, 0.7167, 0.7333, 0.75, 0.7667, 0.7833, 0.8, 0.8167, 0.8333, 0.85, 0.8667, 0.8833, 0.9, 0.9167, 0.9333, 0.95, 0.9667, 0.9833, 1.0, 1.0167, 1.0333, 1.05, 1.0667, 1.0833, 1.1, 1.1167, 1.1333, 1.15, 1.1667, 1.1833, 1.2, 1.2167, 1.2333, 1.25, 1.2667, 1.2833, 1.3, 1.3167, 1.3333, 1.35, 1.3667, 1.3833, 1.4, 1.4167, 1.4333, 1.45, 1.4667, 1.4833, 1.5, 1.5167, 1.5333, 1.55, 1.5667, 1.5833, 1.6, 1.6167, 1.6333, 1.65, 1.6667, 1.6833, 1.7],
            "transform": [
                [0.900842, 0.0, -0.434148, -5e-06, -0.434148, 0.0, -0.900842, 0.000946, 0.0, 1.0, 0.0, 0.739346, 0.0, 0.0, 0.0, 1.0],
                [0.900842, 0.0, -0.434148, -5e-06, -0.434148, 0.0, -0.900842, 0.000946, 0.0, 1.0, 0.0, 0.739346, 0.0, 0.0, 0.0, 1.0],
                [0.900842, 0.0, -0.434148, -5e-06, -0.434148, 0.0, -0.900842, 0.000946, 0.0, 1.0, 0.0, 0.739346, 0.0, 0.0, 0.0, 1.0],
                [0.900842, 0.0, -0.434148, -5e-06, -0.434148, 0.0, -0.900842, 0.000946, 0.0, 1.0, 0.0, 0.739346, 0.0, 0.0, 0.0, 1.0],
                [0.900842, 0.0, -0.434148, -5e-06, -0.434148, 0.0, -0.900842, 0.000946, 0.0, 1.0, 0.0, 0.739346, 0.0, 0.0, 0.0, 1.0],
                [0.900842, 0.0, -0.434148, -5e-06, -0.434148, 0.0, -0.900842, 0.000946, 0.0, 1.0, 0.0, 0.739346, 0.0, 0.0, 0.0, 1.0],
                [0.900842, 0.0, -0.434148, -5e-06, -0.434148, 0.0, -0.900842, 0.000946, 0.0, 1.0, 0.0, 0.739346, 0.0, 0.0, 0.0, 1.0],
                [0.900842, 0.0, -0.434148, -5e-06, -0.434148, 0.0, -0.900842, 0.000946, 0.0, 1.0, 0.0, 0.739346, 0.0, 0.0, 0.0, 1.0],
                [0.900842, 0.0, -0.434148, -5e-06, -0.434148, 0.0, -0.900842, 0.000946, 0.0, 1.0, 0.0, 0.739346, 0.0, 0.0, 0.0, 1.0],
                [0.900842, 0.0, -0.434148, -5e-06, -0.434148, 0.0, -0.900842, 0.000946, 0.0, 1.0, 0.0, 0.739346, 0.0, 0.0, 0.0, 1.0],
                [0.900842, 0.0, -0.434148, -5e-06, -0.434148, 0.0, -0.900842, 0.000946, 0.0, 1.0, 0.0, 0.739346, 0.0, 0.0, 0.0, 1.0],
                [0.900842, 0.0, -0.434148, -5e-06, -0.434148, 0.0, -0.900842, 0.000946, 0.0, 1.0, 0.0, 0.739346, 0.0, 0.0, 0.0, 1.0],
                [0.900842, 0.0, -0.434148, -5e-06, -0.434148, 0.0, -0.900842, 0.000946, 0.0, 1.0, 0.0, 0.739346, 0.0, 0.0, 0.0, 1.0],
                [0.900842, 0.0, -0.434148, -5e-06, -0.434148, 0.0, -0.900842, 0.000946, 0.0, 1.0, 0.0, 0.739346, 0.0, 0.0, 0.0, 1.0],
                [0.900842, 0.0, -0.434148, -5e-06, -0.434148, 0.0, -0.900842, 0.000946, 0.0, 1.0, 0.0, 0.739346, 0.0, 0.0, 0.0, 1.0],
                [0.900842, 0.0, -0.434148, -5e-06, -0.434148, 0.0, -0.900842, 0.000946, 0.0, 1.0, 0.0, 0.739346, 0.0, 0.0, 0.0, 1.0],
                [0.900842, 0.0, -0.434148, -5e-06, -0.434148, 0.0, -0.900842, 0.000946, 0.0, 1.0, 0.0, 0.739346, 0.0, 0.0, 0.0, 1.0],
                [0.900842, 0.0, -0.434148, -5e-06, -0.434148, 0.0, -0.900842, 0.000946, 0.0, 1.0, 0.0, 0.739346, 0.0, 0.0, 0.0, 1.0],
                [0.900842, 0.0, -0.434148, -5e-06, -0.434148, 0.0, -0.900842, 0.000946, 0.0, 1.0, 0.0, 0.739346, 0.0, 0.0, 0.0, 1.0],
                [0.900842, 0.0, -0.434148, -5e-06, -0.434148, 0.0, -0.900842, 0.000946, 0.0, 1.0, 0.0, 0.739346, 0.0, 0.0, 0.0, 1.0],
                [0.900842, 0.0, -0.434148, -5e-06, -0.434148, 0.0, -0.900842, 0.000946, 0.0, 1.0, 0.0, 0.739346, 0.0, 0.0, 0.0, 1.0],
                [0.900842, 0.0, -0.434148, -5e-06, -0.434148, 0.0, -0.900842, 0.000946, 0.0, 1.0, 0.0, 0.739346, 0.0, 0.0, 0.0, 1.0],
                [0.900842, 0.0, -0.434148, -5e-06, -0.434148, 0.0, -0.900842, 0.000946, 0.0, 1.0, 0.0, 0.739346, 0.0, 0.0, 0.0, 1.0],
                [0.900842, 0.0, -0.434148, -5e-06, -0.434148, 0.0, -0.900842, 0.000946, 0.0, 1.0, 0.0, 0.739346, 0.0, 0.0, 0.0, 1.0],
                [0.900842, 0.0, -0.434148, -5e-06, -0.434148, 0.0, -0.900842, 0.000946, 0.0, 1.0, 0.0, 0.739346, 0.0, 0.0, 0.0, 1.0],
                [0.907115, 0.0, -0.420882, -5e-06, -0.420882, 0.0, -0.907115, 0.007491, 0.0, 1.0, 0.0, 0.734236, 0.0, 0.0, 0.0, 1.0],
                [0.924985, 0.0, -0.380004, -5e-06, -0.380004, 0.0, -0.924985, 0.027247, 0.0, 1.0, 0.0, 0.718812, 0.0, 0.0, 0.0, 1.0],
                [0.950712, 0.0, -0.310076, -5e-06, -0.310076, 0.0, -0.950712, 0.059823, 0.0, 1.0, 0.0, 0.693377, 0.0, 0.0, 0.0, 1.0],
                [0.977384, 0.0, -0.211473, -5e-06, -0.211473, 0.0, -0.977384, 0.103792, 0.0, 1.0, 0.0, 0.659048, 0.0, 0.0, 0.0, 1.0],
                [0.996048, 0.0, -0.088813, -5e-06, -0.088813, 0.0, -0.996048, 0.156444, 0.0, 1.0, 0.0, 0.61794, 0.0, 0.0, 0.0, 1.0],
                [0.998869, 0.0, 0.047541, -5e-06, 0.047541, 0.0, -0.998869, 0.21383, 0.0, 1.0, 0.0, 0.573135, 0.0, 0.0, 0.0, 1.0],
                [0.983111, 0.0, 0.183011, -5e-06, 0.183011, 0.0, -0.983111, 0.271217, 0.0, 1.0, 0.0, 0.528331, 0.0, 0.0, 0.0, 1.0],
                [0.952881, 0.0, 0.303344, -5e-06, 0.303344, 0.0, -0.952881, 0.323869, 0.0, 1.0, 0.0, 0.487222, 0.0, 0.0, 0.0, 1.0],
                [0.916965, 0.0, 0.398968, -5e-06, 0.398968, 0.0, -0.916965, 0.367837, 0.0, 1.0, 0.0, 0.452893, 0.0, 0.0, 0.0, 1.0],
                [0.884713, 0.0, 0.466136, -5e-06, 0.466136, 0.0, -0.884713, 0.400414, 0.0, 1.0, 0.0, 0.427459, 0.0, 0.0, 0.0, 1.0],
                [0.863042, 0.0, 0.505133, -5e-06, 0.505133, 0.0, -0.863042, 0.42017, 0.0, 1.0, 0.0, 0.412034, 0.0, 0.0, 0.0, 1.0],
                [0.855536, 0.0, 0.517743, -5e-06, 0.517743, 0.0, -0.855536, 0.426714, 0.0, 1.0, 0.0, 0.406925, 0.0, 0.0, 0.0, 1.0],
                [0.855536, 0.0, 0.517743, -5e-06, 0.517743, 0.0, -0.855536, 0.426714, 0.0, 1.0, 0.0, 0.407126, 0.0, 0.0, 0.0, 1.0],
                [0.855536, 0.0, 0.517743, -5e-06, 0.517743, 0.0, -0.855536, 0.426714, 0.0, 1.0, 0.0, 0.40773, 0.0, 0.0, 0.0, 1.0],
                [0.855536, 0.0, 0.517743, -5e-06, 0.517743, 0.0, -0.855536, 0.426714, 0.0, 1.0, 0.0, 0.408732, 0.0, 0.0, 0.0, 1.0],
                [0.855536, 0.0, 0.517743, -5e-06, 0.517743, 0.0, -0.855536, 0.426714, 0.0, 1.0, 0.0, 0.41013, 0.0, 0.0, 0.0, 1.0],
                [0.855536, 0.0, 0.517743, -5e-06, 0.517743, 0.0, -0.855536, 0.426714, 0.0, 1.0, 0.0, 0.41192, 0.0, 0.0, 0.0, 1.0],
                [0.855536, 0.0, 0.517743, -5e-06, 0.517743, 0.0, -0.855536, 0.426714, 0.0, 1.0, 0.0, 0.414097, 0.0, 0.0, 0.0, 1.0],
                [0.855536, 0.0, 0.517743, -5e-06, 0.517743, 0.0, -0.855536, 0.426714, 0.0, 1.0, 0.0, 0.416655, 0.0, 0.0, 0.0, 1.0],
                [0.855536, 0.0, 0.517743, -5e-06, 0.517743, 0.0, -0.855536, 0.426714, 0.0, 1.0, 0.0, 0.419588, 0.0, 0.0, 0.0, 1.0],
                [0.855536, 0.0, 0.517743, -5e-06, 0.517743, 0.0, -0.855536, 0.426714, 0.0, 1.0, 0.0, 0.42289, 0.0, 0.0, 0.0, 1.0],
                [0.855536, 0.0, 0.517743, -5e-06, 0.517743, 0.0, -0.855536, 0.426714, 0.0, 1.0, 0.0, 0.426551, 0.0, 0.0, 0.0, 1.0],
                [0.855536, 0.0, 0.517743, -5e-06, 0.517743, 0.0, -0.855536, 0.426714, 0.0, 1.0, 0.0, 0.430564, 0.0, 0.0, 0.0, 1.0],
                [0.855536, 0.0, 0.517743, -5e-06, 0.517743, 0.0, -0.855536, 0.426714, 0.0, 1.0, 0.0, 0.434918, 0.0, 0.0, 0.0, 1.0],
                [0.855536, 0.0, 0.517743, -5e-06, 0.517743, 0.0, -0.855536, 0.426714, 0.0, 1.0, 0.0, 0.439604, 0.0, 0.0, 0.0, 1.0],
                [0.855536, 0.0, 0.517743, -5e-06, 0.517743, 0.0, -0.855536, 0.426714, 0.0, 1.0, 0.0, 0.44461, 0.0, 0.0, 0.0, 1.0],
                [0.855536, 0.0, 0.517743, -5e-06, 0.517743, 0.0, -0.855536, 0.426714, 0.0, 1.0, 0.0, 0.449925, 0.0, 0.0, 0.0, 1.0],
                [0.855536, 0.0, 0.517743, -5e-06, 0.517743, 0.0, -0.855536, 0.426714, 0.0, 1.0, 0.0, 0.455534, 0.0, 0.0, 0.0, 1.0],
                [0.855536, 0.0, 0.517743, -5e-06, 0.517743, 0.0, -0.855536, 0.426714, 0.0, 1.0, 0.0, 0.461424, 0.0, 0.0, 0.0, 1.0],
                [0.855536, 0.0, 0.517743, -5e-06, 0.517743, 0.0, -0.855536, 0.426714, 0.0, 1.0, 0.0, 0.467582, 0.0, 0.0, 0.0, 1.0],
                [0.855536, 0.0, 0.517743, -5e-06, 0.517743, 0.0, -0.855536, 0.426714, 0.0, 1.0, 0.0, 0.473991, 0.0, 0.0, 0.0, 1.0],
                [0.855536, 0.0, 0.517743, -5e-06, 0.517743, 0.0, -0.855536, 0.426714, 0.0, 1.0, 0.0, 0.480636, 0.0, 0.0, 0.0, 1.0],
                [0.855536, 0.0, 0.517743, -5e-06, 0.517743, 0.0, -0.855536, 0.426714, 0.0, 1.0, 0.0, 0.487499, 0.0, 0.0, 0.0, 1.0],
                [0.855536, 0.0, 0.517743, -5e-06, 0.517743, 0.0, -0.855536, 0.426714, 0.0, 1.0, 0.0, 0.494564, 0.0, 0.0, 0.0, 1.0],
                [0.855536, 0.0, 0.517743, -5e-06, 0.517743, 0.0, -0.855536, 0.426714, 0.0, 1.0, 0.0, 0.501813, 0.0, 0.0, 0.0, 1.0],
                [0.855536, 0.0, 0.517743, -5e-06, 0.517743, 0.0, -0.855536, 0.426714, 0.0, 1.0, 0.0, 0.509227, 0.0, 0.0, 0.0, 1.0],
                [0.85615, 0.0, 0.516728, -5e-06, 0.516728, 0.0, -0.85615, 0.426714, 0.0, 1.0, 0.0, 0.516787, 0.0, 0.0, 0.0, 1.0],
                [0.857994, 0.0, 0.513661, -5e-06, 0.513661, 0.0, -0.857994, 0.426714, 0.0, 1.0, 0.0, 0.524475, 0.0, 0.0, 0.0, 1.0],
                [0.861059, 0.0, 0.508506, -5e-06, 0.508506, 0.0, -0.861059, 0.426714, 0.0, 1.0, 0.0, 0.53227, 0.0, 0.0, 0.0, 1.0],
                [0.865319, 0.0, 0.501222, -5e-06, 0.501222, 0.0, -0.865319, 0.426714, 0.0, 1.0, 0.0, 0.540152, 0.0, 0.0, 0.0, 1.0],
                [0.870729, 0.0, 0.491764, -5e-06, 0.491764, 0.0, -0.870729, 0.426714, 0.0, 1.0, 0.0, 0.548102, 0.0, 0.0, 0.0, 1.0],
                [0.877223, 0.0, 0.480084, -5e-06, 0.480084, 0.0, -0.877223, 0.426714, 0.0, 1.0, 0.0, 0.5561, 0.0, 0.0, 0.0, 1.0],
                [0.884713, 0.0, 0.466136, -5e-06, 0.466136, 0.0, -0.884713, 0.426714, 0.0, 1.0, 0.0, 0.564126, 0.0, 0.0, 0.0, 1.0],
                [0.893089, 0.0, 0.449881, -5e-06, 0.449881, 0.0, -0.893089, 0.426714, 0.0, 1.0, 0.0, 0.572159, 0.0, 0.0, 0.0, 1.0],
                [0.902216, 0.0, 0.431285, -5e-06, 0.431285, 0.0, -0.902216, 0.426714, 0.0, 1.0, 0.0, 0.58018, 0.0, 0.0, 0.0, 1.0],
                [0.911937, 0.0, 0.41033, -5e-06, 0.41033, 0.0, -0.911937, 0.426714, 0.0, 1.0, 0.0, 0.588169, 0.0, 0.0, 0.0, 1.0],
                [0.922072, 0.0, 0.387018, -5e-06, 0.387018, 0.0, -0.922072, 0.426714, 0.0, 1.0, 0.0, 0.596107, 0.0, 0.0, 0.0, 1.0],
                [0.932421, 0.0, 0.361373, -5e-06, 0.361373, 0.0, -0.932421, 0.426714, 0.0, 1.0, 0.0, 0.603975, 0.0, 0.0, 0.0, 1.0],
                [0.942767, 0.0, 0.333452, -5e-06, 0.333452, 0.0, -0.942767, 0.426714, 0.0, 1.0, 0.0, 0.611755, 0.0, 0.0, 0.0, 1.0],
                [0.952881, 0.0, 0.303344, -5e-06, 0.303344, 0.0, -0.952881, 0.426714, 0.0, 1.0, 0.0, 0.619428, 0.0, 0.0, 0.0, 1.0],
                [0.962529, 0.0, 0.27118, -5e-06, 0.27118, 0.0, -0.962529, 0.426714, 0.0, 1.0, 0.0, 0.626976, 0.0, 0.0, 0.0, 1.0],
                [0.971477, 0.0, 0.237133, -5e-06, 0.237133, 0.0, -0.971477, 0.426714, 0.0, 1.0, 0.0, 0.634385, 0.0, 0.0, 0.0, 1.0],
                [0.979506, 0.0, 0.201416, -5e-06, 0.201416, 0.0, -0.979506, 0.426714, 0.0, 1.0, 0.0, 0.641636, 0.0, 0.0, 0.0, 1.0],
                [0.986412, 0.0, 0.164289, -5e-06, 0.164289, 0.0, -0.986412, 0.426714, 0.0, 1.0, 0.0, 0.648714, 0.0, 0.0, 0.0, 1.0],
                [0.992024, 0.0, 0.126045, -5e-06, 0.126045, 0.0, -0.992024, 0.426714, 0.0, 1.0, 0.0, 0.655605, 0.0, 0.0, 0.0, 1.0],
                [0.996207, 0.0, 0.087012, -5e-06, 0.087012, 0.0, -0.996207, 0.426714, 0.0, 1.0, 0.0, 0.662294, 0.0, 0.0, 0.0, 1.0],
                [0.998869, 0.0, 0.047541, -5e-06, 0.047541, 0.0, -0.998869, 0.426714, 0.0, 1.0, 0.0, 0.668769, 0.0, 0.0, 0.0, 1.0],
                [0.999968, 0.0, 0.007996, -5e-06, 0.007996, 0.0, -0.999968, 0.426714, 0.0, 1.0, 0.0, 0.675016, 0.0, 0.0, 0.0, 1.0],
                [0.999511, 0.0, -0.031258, -5e-06, -0.031258, 0.0, -0.999511, 0.426714, 0.0, 1.0, 0.0, 0.681024, 0.0, 0.0, 0.0, 1.0],
                [0.997557, 0.0, -0.069862, -5e-06, -0.069862, 0.0, -0.997557, 0.426714, 0.0, 1.0, 0.0, 0.686781, 0.0, 0.0, 0.0, 1.0],
                [0.994208, 0.0, -0.107477, -5e-06, -0.107477, 0.0, -0.994208, 0.426714, 0.0, 1.0, 0.0, 0.692278, 0.0, 0.0, 0.0, 1.0],
                [0.989608, 0.0, -0.143795, -5e-06, -0.143795, 0.0, -0.989608, 0.426714, 0.0, 1.0, 0.0, 0.697505, 0.0, 0.0, 0.0, 1.0],
                [0.983933, 0.0, -0.178538, -5e-06, -0.178538, 0.0, -0.983933, 0.426714, 0.0, 1.0, 0.0, 0.702453, 0.0, 0.0, 0.0, 1.0],
                [0.977384, 0.0, -0.211473, -5e-06, -0.211473, 0.0, -0.977384, 0.426714, 0.0, 1.0, 0.0, 0.707114, 0.0, 0.0, 0.0, 1.0],
                [0.970175, 0.0, -0.242405, -5e-06, -0.242405, 0.0, -0.970175, 0.426714, 0.0, 1.0, 0.0, 0.711481, 0.0, 0.0, 0.0, 1.0],
                [0.962528, 0.0, -0.271183, -5e-06, -0.271183, 0.0, -0.962528, 0.426714, 0.0, 1.0, 0.0, 0.715547, 0.0, 0.0, 0.0, 1.0],
                [0.954661, 0.0, -0.297695, -5e-06, -0.297695, 0.0, -0.954661, 0.426714, 0.0, 1.0, 0.0, 0.719307, 0.0, 0.0, 0.0, 1.0],
                [0.946786, 0.0, -0.321864, -5e-06, -0.321864, 0.0, -0.946786, 0.426714, 0.0, 1.0, 0.0, 0.722754, 0.0, 0.0, 0.0, 1.0],
                [0.939099, 0.0, -0.343647, -5e-06, -0.343647, 0.0, -0.939099, 0.426714, 0.0, 1.0, 0.0, 0.725886, 0.0, 0.0, 0.0, 1.0],
                [0.931779, 0.0, -0.363026, -5e-06, -0.363026, 0.0, -0.931779, 0.426714, 0.0, 1.0, 0.0, 0.728697, 0.0, 0.0, 0.0, 1.0],
                [0.924985, 0.0, -0.380004, -5e-06, -0.380004, 0.0, -0.924985, 0.426714, 0.0, 1.0, 0.0, 0.731184, 0.0, 0.0, 0.0, 1.0],
                [0.918853, 0.0, -0.394599, -5e-06, -0.394599, 0.0, -0.918853, 0.426714, 0.0, 1.0, 0.0, 0.733344, 0.0, 0.0, 0.0, 1.0],
                [0.913498, 0.0, -0.406843, -5e-06, -0.406843, 0.0, -0.913498, 0.426714, 0.0, 1.0, 0.0, 0.735175, 0.0, 0.0, 0.0, 1.0],
                [0.909011, 0.0, -0.416773, -5e-06, -0.416773, 0.0, -0.909011, 0.426714, 0.0, 1.0, 0.0, 0.736675, 0.0, 0.0, 0.0, 1.0],
                [0.905462, 0.0, -0.424428, -5e-06, -0.424428, 0.0, -0.905462, 0.426714, 0.0, 1.0, 0.0, 0.737843, 0.0, 0.0, 0.0, 1.0],
                [0.9029, 0.0, -0.429851, -5e-06, -0.429851, 0.0, -0.9029, 0.426714, 0.0, 1.0, 0.0, 0.738678, 0.0, 0.0, 0.0, 1.0],
                [0.901356, 0.0, -0.433079, -5e-06, -0.433079, 0.0, -0.901356, 0.426714, 0.0, 1.0, 0.0, 0.739179, 0.0, 0.0, 0.0, 1.0],
                [0.900842, 0.0, -0.434148, -5e-06, -0.434148, 0.0, -0.900842, 0.426714, 0.0, 1.0, 0.0, 0.739346, 0.0, 0.0, 0.0, 1.0]
            ]
        },
        {
            "name": "Thigh_R",
            "time": [0.0, 0.0167, 0.0333, 0.05, 0.0667, 0.0833, 0.1, 0.1167, 0.1333, 0.15, 0.1667, 0.1833, 0.2, 0.2167, 0.2333, 0.25, 0.2667, 0.2833, 0.3, 0.3167, 0.3333, 0.35, 0.3667, 0.3833, 0.4, 0.4167, 0.4333, 0.45, 0.4667, 0.4833, 0.5, 0.5167, 0.5333, 0.55, 0.5667, 0.5833, 0.6, 0.6167, 0.6333, 0.65, 0.6667, 0.6833, 0.7, 0.7167, 0.7333, 0.75, 0.7667, 0.7833, 0.8, 0.8167, 0.8333, 0.85, 0.8667, 0.8833, 0.9, 0.9167, 0.9333, 0.95, 0.9667, 0.9833, 1.0, 1.0167, 1.0333, 1.05, 1.0667, 1.0833, 1.1, 1.1167, 1.1333, 1.15, 1.1667, 1.1833, 1.2, 1.2167, 1.2333, 1.25, 1.2667, 1.2833, 1.3, 1.3167, 1.3333, 1.35, 1.3667, 1.3833, 1.4, 1.4167, 1.4333, 1.45, 1.4667, 1.4833, 1.5, 1.5167, 1.5333, 1.55, 1.5667, 1.5833, 1.6, 1.6167, 1.6333, 1.65, 1.6667, 1.6833, 1.7],
            "transform": [
                [0.990703, 0.115139, 0.072459, 0.124994, 0.119659, -0.99091, -0.06147, -0.002831, 0.064723, 0.069568, -0.99548, -1.2e-05, 0.0, 0.0, 0.0, 1.0],
                [0.990703, 0.115139, 0.072459, 0.124994, 0.119659, -0.99091, -0.06147, -0.002831, 0.064723, 0.069568, -0.99548, -1.2e-05, 0.0, 0.0, 0.0, 1.0],
                [0.990703, 0.115139, 0.072459, 0.124994, 0.119659, -0.99091, -0.06147, -0.002831, 0.064723, 0.069568, -0.99548, -1.2e-05, 0.0, 0.0, 0.0, 1.0],
                [0.990703, 0.115139, 0.072459, 0.124994, 0.119659, -0.99091, -0.06147, -0.002831, 0.064723, 0.069568, -0.99548, -1.2e-05, 0.0, 0.0, 0.0, 1.0],
                [0.990703, 0.115139, 0.072459, 0.124994, 0.119659, -0.99091, -0.06147, -0.002831, 0.064723, 0.069568, -0.99548, -1.2e-05, 0.0, 0.0, 0.0, 1.0],
                [0.990703, 0.115139, 0.072459, 0.124994, 0.119659, -0.99091, -0.06147, -0.002831, 0.064723, 0.069568, -0.99548, -1.2e-05, 0.0, 0.0, 0.0, 1.0],
                [0.990703, 0.115139, 0.072459, 0.124994, 0.119659, -0.99091, -0.06147, -0.002831, 0.064723, 0.069568, -0.99548, -1.2e-05, 0.0, 0.0, 0.0, 1.0],
                [0.990703, 0.115139, 0.072459, 0.124994, 0.119659, -0.99091, -0.06147, -0.002831, 0.064723, 0.069568, -0.99548, -1.2e-05, 0.0, 0.0, 0.0, 1.0],
                [0.990703, 0.115139, 0.072459, 0.124994, 0.119659, -0.99091, -0.06147, -0.002831, 0.064723, 0.069568, -0.99548, -1.2e-05, 0.0, 0.0, 0.0, 1.0],
                [0.990703, 0.115139, 0.072459, 0.124994, 0.119659, -0.99091, -0.06147, -0.002831, 0.064723, 0.069568, -0.99548, -1.2e-05, 0.0, 0.0, 0.0, 1.0],
                [0.990703, 0.115139, 0.072459, 0.124994, 0.119659, -0.99091, -0.06147, -0.002831, 0.064723, 0.069568, -0.99548, -1.2e-05, 0.0, 0.0, 0.0, 1.0],
                [0.990703, 0.115139, 0.072459, 0.124994, 0.119659, -0.99091, -0.06147, -0.002831, 0.064723, 0.069568, -0.99548, -1.2e-05, 0.0, 0.0, 0.0, 1.0],
                [0.990703, 0.115139, 0.072459, 0.124994, 0.119659, -0.99091, -0.06147, -0.002831, 0.064723, 0.069568, -0.99548, -1.2e-05, 0.0, 0.0, 0.0, 1.0],
                [0.990703, 0.115139, 0.072459, 0.124994, 0.119659, -0.99091, -0.06147, -0.002831, 0.064723, 0.069568, -0.99548, -1.2e-05, 0.0, 0.0, 0.0, 1.0],
                [0.990703, 0.115139, 0.072459, 0.124994, 0.119659, -0.99091, -0.06147, -0.002831, 0.064723, 0.069568, -0.99548, -1.2e-05, 0.0, 0.0, 0.0, 1.0],
                [0.990703, 0.115139, 0.072459, 0.124994, 0.119659, -0.99091, -0.06147, -0.002831, 0.064723, 0.069568, -0.99548, -1.2e-05, 0.0, 0.0, 0.0, 1.0],
                [0.990703, 0.115139, 0.072459, 0.124994, 0.119659, -0.99091, -0.06147, -0.002831, 0.064723, 0.069568, -0.99548, -1.2e-05, 0.0, 0.0, 0.0, 1.0],
                [0.990703, 0.115139, 0.072459, 0.124994, 0.119659, -0.99091, -0.06147, -0.002831, 0.064723, 0.069568, -0.99548, -1.2e-05, 0.0, 0.0, 0.0, 1.0],
                [0.990703, 0.115139, 0.072459, 0.124994, 0.119659, -0.99091, -0.06147, -0.002831, 0.064723, 0.069568, -0.99548, -1.2e-05, 0.0, 0.0, 0.0, 1.0],
                [0.990703, 0.115139, 0.072459, 0.124994, 0.119659, -0.99091, -0.06147, -0.002831, 0.064723, 0.069568, -0.99548, -1.2e-05, 0.0, 0.0, 0.0, 1.0],
                [0.990703, 0.115139, 0.072459, 0.124994, 0.119659, -0.99091, -0.06147, -0.002831, 0.064723, 0.069568, -0.99548, -1.2e-05, 0.0, 0.0, 0.0, 1.0],
                [0.990703, 0.115139, 0.072459, 0.124994, 0.119659, -0.99091, -0.06147, -0.002831, 0.064723, 0.069568, -0.99548, -1.2e-05, 0.0, 0.0, 0.0, 1.0],
                [0.990703, 0.115139, 0.072459, 0.124994, 0.119659, -0.99091, -0.06147, -0.002831, 0.064723, 0.069568, -0.99548, -1.2e-05, 0.0, 0.0, 0.0, 1.0],
                [0.990703, 0.115139, 0.072459, 0.124994, 0.119659, -0.99091, -0.06147, -0.002831, 0.064723, 0.069568, -0.99548, -1.2e-05, 0.0, 0.0, 0.0, 1.0],
                [0.990703, 0.115139, 0.072459, 0.124994, 0.119659, -0.99091, -0.06147, -0.002831, 0.064723, 0.069568, -0.99548, -1.2e-05, 0.0, 0.0, 0.0, 1.0],
                [0.991076, 0.111205, 0.073504, 0.124994, 0.113616, -0.993088, -0.029459, -0.002831, 0.06972, 0.037546, -0.996864, -1.2e-05, 0.0, 0.0, 0.0, 1.0],
                [0.991899, 0.096763, 0.082304, 0.124994, 0.095112, -0.995183, 0.023761, -0.002831, 0.084206, -0.015741, -0.996328, -1.2e-05, 0.0, 0.0, 0.0, 1.0],
                [0.992309, 0.069407, 0.102499, 0.124994, 0.063726, -0.996298, 0.057701, -0.002831, 0.106124, -0.050727, -0.993062, -1.2e-05, 0.0, 0.0, 0.0, 1.0],
                [0.991086, 0.026222, 0.130621, 0.124994, 0.019243, -0.998334, 0.054411, -0.002831, 0.13183, -0.051414, -0.989942, -1.2e-05, 0.0, 0.0, 0.0, 1.0],
                [0.986905, -0.037129, 0.15697, 0.124994, -0.038385, -0.999251, 0.004976, -0.002831, 0.156667, -0.010938, -0.987594, -1.2e-05, 0.0, 0.0, 0.0, 1.0],
                [0.978368, -0.122583, 0.166639, 0.124994, -0.108908, -0.990069, -0.088899, -0.002831, 0.175881, 0.068825, -0.982006, -1.2e-05, 0.0, 0.0, 0.0, 1.0],
                [0.963866, -0.223959, 0.144241, 0.124994, -0.191037, -0.958493, -0.211655, -0.002831, 0.185655, 0.176449, -0.966646, -1.2e-05, 0.0, 0.0, 0.0, 1.0],
                [0.941938, -0.325512, 0.082427, 0.124994, -0.280772, -0.898154, -0.338363, -0.002831, 0.184173, 0.295571, -0.937403, -1.2e-05, 0.0, 0.0, 0.0, 1.0],
                [0.912968, -0.407871, -0.011426, 0.124994, -0.369654, -0.814921, -0.446388, -0.002831, 0.172757, 0.411759, -0.894771, -1.2e-05, 0.0, 0.0, 0.0, 1.0],
                [0.881607, -0.457508, -0.116, 0.124994, -0.445308, -0.724813, -0.52569, -0.002831, 0.156428, 0.515105, -0.842735, -1.2e-05, 0.0, 0.0, 0.0, 1.0],
                [0.856818, -0.474088, -0.20274, 0.124994, -0.495537, -0.648461, -0.57788, -0.002831, 0.142496, 0.5956, -0.790544, -1.2e-05, 0.0, 0.0, 0.0, 1.0],
                [0.847429, -0.47407, -0.239002, 0.124994, -0.512894, -0.614756, -0.599181, -0.002831, 0.137125, 0.630343, -0.764113, -1.2e-05, 0.0, 0.0, 0.0, 1.0],
                [0.847374, -0.474608, -0.238129, 0.124994, -0.512938, -0.615666, -0.598208, -0.002831, 0.137306, 0.629049, -0.765147, -1.2e-05, 0.0, 0.0, 0.0, 1.0],
                [0.847206, -0.476219, -0.235496, 0.124994, -0.51307, -0.6184, -0.595269, -0.002831, 0.137847, 0.625138, -0.768248, -1.2e-05, 0.0, 0.0, 0.0, 1.0],
                [0.846928, -0.478825, -0.231171, 0.124994, -0.513285, -0.622819, -0.590456, -0.002831, 0.138747, 0.618727, -0.77326, -1.2e-05, 0.0, 0.0, 0.0, 1.0],
                [0.84655, -0.482274, -0.22531, 0.124994, -0.513567, -0.628649, -0.583997, -0.002831, 0.140005, 0.610092, -0.779866, -1.2e-05, 0.0, 0.0, 0.0, 1.0],
                [0.84609, -0.486373, -0.218114, 0.124994, -0.513883, -0.635556, -0.576192, -0.002831, 0.141619, 0.599592, -0.787679, -1.2e-05, 0.0, 0.0, 0.0, 1.0],
                [0.845576, -0.490914, -0.209773, 0.124994, -0.514182, -0.643221, -0.567351, -0.002831, 0.143589, 0.587597, -0.796315, -1.2e-05, 0.0, 0.0, 0.0, 1.0],
                [0.845049, -0.495722, -0.200379, 0.124994, -0.514394, -0.651459, -0.557677, -0.002831, 0.145913, 0.574335, -0.805514, -1.2e-05, 0.0, 0.0, 0.0, 1.0],
                [0.844563, -0.500554, -0.190156, 0.124994, -0.514427, -0.659961, -0.547558, -0.002831, 0.148586, 0.560265, -0.81488, -1.2e-05, 0.0, 0.0, 0.0, 1.0],
                [0.844184, -0.505273, -0.179033, 0.124994, -0.514168, -0.668772, -0.537009, -0.002831, 0.151603, 0.545385, -0.824365, -1.2e-05, 0.0, 0.0, 0.0, 1.0],
                [0.843992, -0.509634, -0.167185, 0.124994, -0.513486, -0.677698, -0.526366, -0.002831, 0.154952, 0.530093, -0.833664, -1.2e-05, 0.0, 0.0, 0.0, 1.0],
                [0.844072, -0.51345, -0.154634, 0.124994, -0.512233, -0.686747, -0.515752, -0.002831, 0.158618, 0.514537, -0.842673, -1.2e-05, 0.0, 0.0, 0.0, 1.0],
                [0.844516, -0.516537, -0.141362, 0.124994, -0.510257, -0.695987, -0.505217, -0.002831, 0.162576, 0.498791, -0.851341, -1.2e-05, 0.0, 0.0, 0.0, 1.0],
                [0.845409, -0.518693, -0.127443, 0.124994, -0.507408, -0.705424, -0.494892, -0.002831, 0.166795, 0.483048, -0.859563, -1.2e-05, 0.0, 0.0, 0.0, 1.0],
                [0.846828, -0.519752, -0.112872, 0.124994, -0.503548, -0.715156, -0.484762, -0.002831, 0.171234, 0.467344, -0.867337, -1.2e-05, 0.0, 0.0, 0.0, 1.0],
                [0.848831, -0.519552, -0.097736, 0.124994, -0.498563, -0.72521, -0.474878, -0.002831, 0.175844, 0.451815, -0.874612, -1.2e-05, 0.0, 0.0, 0.0, 1.0],
                [0.85145, -0.517974, -0.082079, 0.124994, -0.492371, -0.735653, -0.465176, -0.002831, 0.180566, 0.436484, -0.88141, -1.2e-05, 0.0, 0.0, 0.0, 1.0],
                [0.85469, -0.51493, -0.065972, 0.124994, -0.484928, -0.746527, -0.455572, -0.002831, 0.185337, 0.421361, -0.887756, -1.2e-05, 0.0, 0.0, 0.0, 1.0],
                [0.858528, -0.510365, -0.049573, 0.124994, -0.476231, -0.757785, -0.44606, -0.002831, 0.190087, 0.40656, -0.893633, -1.2e-05, 0.0, 0.0, 0.0, 1.0],
                [0.862913, -0.504275, -0.032985, 0.124994, -0.466319, -0.769412, -0.436525, -0.002831, 0.194749, 0.392061, -0.899092, -1.2e-05, 0.0, 0.0, 0.0, 1.0],
                [0.867772, -0.496693, -0.016358, 0.124994, -0.455268, -0.781341, -0.426897, -0.002831, 0.199254, 0.377894, -0.904157, -1.2e-05, 0.0, 0.0, 0.0, 1.0],
                [0.873017, -0.48769, 0.000146, 0.124994, -0.443185, -0.793474, -0.417122, -0.002831, 0.203541, 0.364086, -0.908855, -1.2e-05, 0.0, 0.0, 0.0, 1.0],
                [0.87855, -0.47737, 0.016387, 0.124994, -0.4302, -0.805716, -0.407129, -0.002831, 0.207553, 0.35063, -0.913228, -1.2e-05, 0.0, 0.0, 0.0, 1.0],
                [0.884271, -0.465867, 0.032147, 0.124994, -0.416463, -0.817892, -0.397006, -0.002831, 0.211245, 0.33767, -0.917257, -1.2e-05, 0.0, 0.0, 0.0, 1.0],
                [0.890084, -0.453336, 0.047297, 0.124994, -0.402128, -0.829893, -0.386748, -0.002831, 0.214578, 0.325216, -0.920976, -1.2e-05, 0.0, 0.0, 0.0, 1.0],
                [0.895941, -0.439802, 0.062162, 0.124994, -0.38727, -0.842009, -0.37556, -0.002831, 0.217512, 0.312403, -0.924715, -1.2e-05, 0.0, 0.0, 0.0, 1.0],
                [0.901824, -0.42518, 0.077044, 0.124994, -0.371904, -0.854527, -0.362594, -0.002831, 0.220003, 0.298339, -0.928761, -1.2e-05, 0.0, 0.0, 0.0, 1.0],
                [0.907694, -0.409479, 0.091753, 0.124994, -0.356092, -0.867295, -0.347853, -0.002831, 0.222015, 0.283069, -0.933052, -1.2e-05, 0.0, 0.0, 0.0, 1.0],
                [0.913516, -0.392723, 0.106099, 0.124994, -0.339893, -0.880153, -0.33137, -0.002831, 0.223519, 0.266647, -0.93752, -1.2e-05, 0.0, 0.0, 0.0, 1.0],
                [0.919261, -0.374946, 0.119893, 0.124994, -0.323361, -0.892941, -0.313203, -0.002831, 0.224491, 0.249144, -0.942091, -1.2e-05, 0.0, 0.0, 0.0, 1.0],
                [0.924902, -0.356202, 0.132952, 0.124994, -0.306547, -0.905497, -0.293441, -0.002831, 0.224911, 0.230646, -0.946691, -1.2e-05, 0.0, 0.0, 0.0, 1.0],
                [0.930416, -0.336561, 0.145097, 0.124994, -0.289497, -0.91766, -0.272204, -0.002831, 0.224762, 0.211255, -0.951241, -1.2e-05, 0.0, 0.0, 0.0, 1.0],
                [0.935781, -0.316113, 0.156164, 0.124994, -0.272256, -0.929278, -0.249644, -0.002831, 0.224034, 0.191092, -0.955666, -1.2e-05, 0.0, 0.0, 0.0, 1.0],
                [0.940978, -0.294965, 0.166001, 0.124994, -0.254865, -0.94021, -0.225944, -0.002831, 0.22272, 0.170297, -0.959896, -1.2e-05, 0.0, 0.0, 0.0, 1.0],
                [0.945989, -0.273245, 0.174477, 0.124994, -0.237368, -0.950331, -0.201319, -0.002831, 0.22082, 0.149028, -0.963865, -1.2e-05, 0.0, 0.0, 0.0, 1.0],
                [0.950798, -0.251095, 0.18148, 0.124994, -0.219803, -0.959532, -0.17603, -0.002831, 0.218335, 0.127476, -0.967515, -1.2e-05, 0.0, 0.0, 0.0, 1.0],
                [0.955388, -0.228671, 0.18693, 0.124994, -0.202212, -0.967735, -0.150336, -0.002831, 0.215275, 0.105827, -0.970806, -1.2e-05, 0.0, 0.0, 0.0, 1.0],
                [0.959746, -0.206117, 0.190799, 0.124994, -0.184638, -0.9749, -0.124418, -0.002831, 0.211654, 0.084178, -0.973716, -1.2e-05, 0.0, 0.0, 0.0, 1.0],
                [0.963856, -0.183645, 0.193021, 0.124994, -0.167123, -0.980975, -0.098794, -0.002831, 0.207491, 0.062962, -0.976212, -1.2e-05, 0.0, 0.0, 0.0, 1.0],
                [0.967705, -0.16143, 0.193616, 0.124994, -0.149713, -0.985973, -0.073796, -0.002831, 0.202813, 0.042424, -0.978302, -1.2e-05, 0.0, 0.0, 0.0, 1.0],
                [0.971283, -0.139597, 0.192673, 0.124994, -0.132456, -0.989951, -0.049528, -0.002831, 0.19765, 0.022582, -0.980016, -1.2e-05, 0.0, 0.0, 0.0, 1.0],
                [0.974578, -0.118325, 0.190253, 0.124994, -0.115402, -0.992968, -0.026415, -0.002831, 0.19204, 0.003785, -0.981383, -1.2e-05, 0.0, 0.0, 0.0, 1.0],
                [0.977585, -0.097763, 0.186469, 0.124994, -0.098603, -0.995116, -0.00479, -0.002831, 0.186026, -0.013706, -0.982453, -1.2e-05, 0.0, 0.0, 0.0, 1.0],
                [0.980296, -0.078029, 0.181467, 0.124994, -0.082112, -0.99651, 0.015082, -0.002831, 0.179656, -0.029687, -0.983285, -1.2e-05, 0.0, 0.0, 0.0, 1.0],
                [0.982712, -0.059224, 0.175415, 0.124994, -0.065985, -0.997277, 0.032957, -0.002831, 0.172985, -0.043965, -0.983947, -1.2e-05, 0.0, 0.0, 0.0, 1.0],
                [0.984832, -0.041422, 0.168497, 0.124994, -0.050277, -0.997551, 0.048627, -0.002831, 0.166069, -0.056363, -0.984506, -1.2e-05, 0.0, 0.0, 0.0, 1.0],
                [0.986661, -0.024672, 0.160907, 0.124994, -0.035041, -0.997466, 0.061924, -0.002831, 0.158971, -0.066739, -0.985029, -1.2e-05, 0.0, 0.0, 0.0, 1.0],
                [0.988209, -0.009002, 0.152846, 0.124994, -0.020332, -0.997145, 0.072725, -0.002831, 0.151755, -0.074977, -0.985574, -1.2e-05, 0.0, 0.0, 0.0, 1.0],
                [0.989488, 0.005571, 0.144511, 0.124994, -0.0062, -0.996706, 0.080872, -0.002831, 0.144485, -0.08092, -0.986197, -1.2e-05, 0.0, 0.0, 0.0, 1.0],
                [0.990512, 0.019086, 0.136092, 0.124994, 0.007309, -0.996224, 0.086514, -0.002831, 0.137229, -0.0847, -0.986915, -1.2e-05, 0.0, 0.0, 0.0, 1.0],
                [0.991303, 0.031548, 0.127765, 0.124994, 0.020151, -0.99578, 0.089534, -0.002831, 0.13005, -0.086183, -0.987759, -1.2e-05, 0.0, 0.0, 0.0, 1.0],
                [0.991879, 0.042997, 0.119693, 0.124994, 0.032288, -0.995417, 0.090012, -0.002831, 0.123014, -0.085418, -0.988726, -1.2e-05, 0.0, 0.0, 0.0, 1.0],
                [0.992267, 0.053464, 0.112018, 0.124994, 0.043688, -0.995164, 0.087979, -0.002831, 0.11618, -0.082407, -0.989808, -1.2e-05, 0.0, 0.0, 0.0, 1.0],
                [0.99249, 0.063, 0.104859, 0.124994, 0.054323, -0.995014, 0.083641, -0.002831, 0.109605, -0.077318, -0.990967, -1.2e-05, 0.0, 0.0, 0.0, 1.0],
                [0.992574, 0.07163, 0.098321, 0.124994, 0.064172, -0.994962, 0.07703, -0.002831, 0.103343, -0.07015, -0.992173, -1.2e-05, 0.0, 0.0, 0.0, 1.0],
                [0.992544, 0.079407, 0.092468, 0.124994, 0.073219, -0.994961, 0.068494, -0.002831, 0.097441, -0.061214, -0.993361, -1.2e-05, 0.0, 0.0, 0.0, 1.0],
                [0.992427, 0.086338, 0.087372, 0.124994, 0.081453, -0.994988, 0.058012, -0.002831, 0.091942, -0.050458, -0.994489, -1.2e-05, 0.0, 0.0, 0.0, 1.0],
                [0.992247, 0.092468, 0.083045, 0.124994, 0.088869, -0.994979, 0.046035, -0.002831, 0.086884, -0.038299, -0.995486, -1.2e-05, 0.0, 0.0, 0.0, 1.0],
                [0.992025, 0.097799, 0.079512, 0.124994, 0.095466, -0.994898, 0.032633, -0.002831, 0.082298, -0.024783, -0.996304, -1.2e-05, 0.0, 0.0, 0.0, 1.0],
                [0.991782, 0.10235, 0.076761, 0.124994, 0.101247, -0.994696, 0.018142, -0.002831, 0.078211, -0.010222, -0.996888, -1.2e-05, 0.0, 0.0, 0.0, 1.0],
                [0.991538, 0.106153, 0.074733, 0.124994, 0.106217, -0.994338, 0.003136, -0.002831, 0.074643, 0.004827, -0.997203, -1.2e-05, 0.0, 0.0, 0.0, 1.0],
                [0.991306, 0.109211, 0.07339, 0.124994, 0.110386, -0.993815, -0.012128, -0.002831, 0.071611, 0.020122, -0.997234, -1.2e-05, 0.0, 0.0, 0.0, 1.0],
                [0.9911, 0.111562, 0.072626, 0.124994, 0.113764, -0.993143, -0.026911, -0.002831, 0.069125, 0.034933, -0.997, -1.2e-05, 0.0, 0.0, 0.0, 1.0],
                [0.990931, 0.113252, 0.072319, 0.124994, 0.116366, -0.992385, -0.04039, -0.002831, 0.067193, 0.048438, -0.996567, -1.2e-05, 0.0, 0.0, 0.0, 1.0],
                [0.990806, 0.114352, 0.072305, 0.124994, 0.118205, -0.991655, -0.051459, -0.002831, 0.065817, 0.059532, -0.996058, -1.2e-05, 0.0, 0.0, 0.0, 1.0],
                [0.990729, 0.114952, 0.072404, 0.124994, 0.119298, -0.991113, -0.058855, -0.002831, 0.064995, 0.066946, -0.995641, -1.2e-05, 0.0, 0.0, 0.0, 1.0],
                [0.990703, 0.115139, 0.072459, 0.124994, 0.119659, -0.99091, -0.06147, -0.002831, 0.064723, 0.069568, -0.99548, -1.2e-05, 0.0, 0.0, 0.0, 1.0]
            ]
        },
        {
            "name": "Leg_R",
            "time": [0.0, 0.0167, 0.0333, 0.05, 0.0667, 0.0833, 0.1, 0.1167, 0.1333, 0.15, 0.1667, 0.1833, 0.2, 0.2167, 0.2333, 0.25, 0.2667, 0.2833, 0.3, 0.3167, 0.3333, 0.35, 0.3667, 0.3833, 0.4, 0.4167, 0.4333, 0.45, 0.4667, 0.4833, 0.5, 0.5167, 0.5333, 0.55, 0.5667, 0.5833, 0.6, 0.6167, 0.6333, 0.65, 0.6667, 0.6833, 0.7, 0.7167, 0.7333, 0.75, 0.7667, 0.7833, 0.8, 0.8167, 0.8333, 0.85, 0.8667, 0.8833, 0.9, 0.9167, 0.9333, 0.95, 0.9667, 0.9833, 1.0, 1.0167, 1.0333, 1.05, 1.0667, 1.0833, 1.1, 1.1167, 1.1333, 1.15, 1.1667, 1.1833, 1.2, 1.2167, 1.2333, 1.25, 1.2667, 1.2833, 1.3, 1.3167, 1.3333, 1.35, 1.3667, 1.3833, 1.4, 1.4167, 1.4333, 1.45, 1.4667, 1.4833, 1.5, 1.5167, 1.5333, 1.55, 1.5667, 1.5833, 1.6, 1.6167, 1.6333, 1.65, 1.6667, 1.6833, 1.7],
            "transform": [
                [1.0, -0.000268, -0.000148, -0.0, 0.000295, 0.970947, 0.239298, 0.375166, 7.9e-05, -0.239298, 0.970946, 0.0, 0.0, 0.0, 0.0, 1.0],
                [1.0, -0.000268, -0.000148, -0.0, 0.000295, 0.970947, 0.239298, 0.375166, 7.9e-05, -0.239298, 0.970946, 0.0, 0.0, 0.0, 0.0, 1.0],
                [1.0, -0.000268, -0.000148, -0.0, 0.000295, 0.970947, 0.239298, 0.375166, 7.9e-05, -0.239298, 0.970946, 0.0, 0.0, 0.0, 0.0, 1.0],
                [1.0, -0.000268, -0.000148, -0.0, 0.000295, 0.970947, 0.239298, 0.375166, 7.9e-05, -0.239298, 0.970946, 0.0, 0.0, 0.0, 0.0, 1.0],
                [1.0, -0.000268, -0.000148, -0.0, 0.000295, 0.970947, 0.239298, 0.375166, 7.9e-05, -0.239298, 0.970946, 0.0, 0.0, 0.0, 0.0, 1.0],
                [1.0, -0.000268, -0.000148, -0.0, 0.000295, 0.970947, 0.239298, 0.375166, 7.9e-05, -0.239298, 0.970946, 0.0, 0.0, 0.0, 0.0, 1.0],
                [1.0, -0.000268, -0.000148, -0.0, 0.000295, 0.970947, 0.239298, 0.375166, 7.9e-05, -0.239298, 0.970946, 0.0, 0.0, 0.0, 0.0, 1.0],
                [1.0, -0.000268, -0.000148, -0.0, 0.000295, 0.970947, 0.239298, 0.375166, 7.9e-05, -0.239298, 0.970946, 0.0, 0.0, 0.0, 0.0, 1.0],
                [1.0, -0.000268, -0.000148, -0.0, 0.000295, 0.970947, 0.239298, 0.375166, 7.9e-05, -0.239298, 0.970946, 0.0, 0.0, 0.0, 0.0, 1.0],
                [1.0, -0.000268, -0.000148, -0.0, 0.000295, 0.970947, 0.239298, 0.375166, 7.9e-05, -0.239298, 0.970946, 0.0, 0.0, 0.0, 0.0, 1.0],
                [1.0, -0.000268, -0.000148, -0.0, 0.000295, 0.970947, 0.239298, 0.375166, 7.9e-05, -0.239298, 0.970946, 0.0, 0.0, 0.0, 0.0, 1.0],
                [1.0, -0.000268, -0.000148, -0.0, 0.000295, 0.970947, 0.239298, 0.375166, 7.9e-05, -0.239298, 0.970946, 0.0, 0.0, 0.0, 0.0, 1.0],
                [1.0, -0.000268, -0.000148, -0.0, 0.000295, 0.970947, 0.239298, 0.375166, 7.9e-05, -0.239298, 0.970946, 0.0, 0.0, 0.0, 0.0, 1.0],
                [1.0, -0.000268, -0.000148, -0.0, 0.000295, 0.970947, 0.239298, 0.375166, 7.9e-05, -0.239298, 0.970946, 0.0, 0.0, 0.0, 0.0, 1.0],
                [1.0, -0.000268, -0.000148, -0.0, 0.000295, 0.970947, 0.239298, 0.375166, 7.9e-05, -0.239298, 0.970946, 0.0, 0.0, 0.0, 0.0, 1.0],
                [1.0, -0.000268, -0.000148, -0.0, 0.000295, 0.970947, 0.239298, 0.375166, 7.9e-05, -0.239298, 0.970946, 0.0, 0.0, 0.0, 0.0, 1.0],
                [1.0, -0.000268, -0.000148, -0.0, 0.000295, 0.970947, 0.239298, 0.375166, 7.9e-05, -0.239298, 0.970946, 0.0, 0.0, 0.0, 0.0, 1.0],
                [1.0, -0.000268, -0.000148, -0.0, 0.000295, 0.970947, 0.239298, 0.375166, 7.9e-05, -0.239298, 0.970946, 0.0, 0.0, 0.0, 0.0, 1.0],
                [1.0, -0.000268, -0.000148, -0.0, 0.000295, 0.970947, 0.239298, 0.375166, 7.9e-05, -0.239298, 0.970946, 0.0, 0.0, 0.0, 0.0, 1.0],
                [1.0, -0.000268, -0.000148, -0.0, 0.000295, 0.970947, 0.239298, 0.375166, 7.9e-05, -0.239298, 0.970946, 0.0, 0.0, 0.0, 0.0, 1.0],
                [1.0, -0.000268, -0.000148, -0.0, 0.000295, 0.970947, 0.239298, 0.375166, 7.9e-05, -0.239298, 0.970946, 0.0, 0.0, 0.0, 0.0, 1.0],
                [1.0, -0.000268, -0.000148, -0.0, 0.000295, 0.970947, 0.239298, 0.375166, 7.9e-05, -0.239298, 0.970946, 0.0, 0.0, 0.0, 0.0, 1.0],
                [1.0, -0.000268, -0.000148, -0.0, 0.000295, 0.970947, 0.239298, 0.375166, 7.9e-05, -0.239298, 0.970946, 0.0, 0.0, 0.0, 0.0, 1.0],
                [1.0, -0.000268, -0.000148, -0.0, 0.000295, 0.970947, 0.239298, 0.375166, 7.9e-05, -0.239298, 0.970946, 0.0, 0.0, 0.0, 0.0, 1.0],
                [1.0, -0.000268, -0.000148, -0.0, 0.000295, 0.970947, 0.239298, 0.375166, 7.9e-05, -0.239298, 0.970946, 0.0, 0.0, 0.0, 0.0, 1.0],
                [1.0, -0.000357, -0.000174, 0.0, 0.000394, 0.947583, 0.319513, 0.375166, 5e-05, -0.319511, 0.947582, 0.0, 0.0, 0.0, 0.0, 1.0],
                [1.0, -0.000528, -0.000248, -0.0, 0.000582, 0.881473, 0.472237, 0.375166, -3.1e-05, -0.472234, 0.881472, -0.0, 0.0, 0.0, 0.0, 1.0],
                [1.0, -0.00069, -0.000353, -0.0, 0.000761, 0.78692, 0.617057, 0.375166, -0.000148, -0.617054, 0.786919, -0.0, 0.0, 0.0, 0.0, 1.0],
                [0.999999, -0.000812, -0.000464, -0.0, 0.000895, 0.687816, 0.725887, 0.375166, -0.00027, -0.725883, 0.687815, 0.0, 0.0, 0.0, 0.0, 1.0],
                [0.999999, -0.000884, -0.000549, 0.0, 0.000975, 0.612323, 0.790609, 0.375166, -0.000363, -0.790606, 0.612322, -0.0, 0.0, 0.0, 0.0, 1.0],
                [0.999999, -0.000908, -0.000581, 0.0, 0.001001, 0.583695, 0.811975, 0.375166, -0.000398, -0.811971, 0.583694, 0.0, 0.0, 0.0, 0.0, 1.0],
                [0.999999, -0.000885, -0.00055, -0.0, 0.000976, 0.610908, 0.791703, 0.375166, -0.000365, -0.791699, 0.610907, 0.0, 0.0, 0.0, 0.0, 1.0],
                [1.0, -0.000815, -0.000467, 0.0, 0.000898, 0.685103, 0.728449, 0.375166, -0.000273, -0.728444, 0.685102, -0.0, 0.0, 0.0, 0.0, 1.0],
                [1.0, -0.000695, -0.000358, 0.0, 0.000767, 0.783146, 0.621841, 0.375166, -0.000153, -0.621837, 0.783145, -0.0, 0.0, 0.0, 0.0, 1.0],
                [1.0, -0.000538, -0.000253, -0.0, 0.000593, 0.87689, 0.480692, 0.375166, -3.7e-05, -0.48069, 0.87689, 0.0, 0.0, 0.0, 0.0, 1.0],
                [1.0, -0.000374, -0.000179, -0.0, 0.000412, 0.942495, 0.334221, 0.375166, 4.4e-05, -0.33422, 0.942494, 0.0, 0.0, 0.0, 0.0, 1.0],
                [1.0, -0.00029, -0.000153, -0.0, 0.00032, 0.965692, 0.259692, 0.375166, 7.3e-05, -0.259691, 0.965691, 0.0, 0.0, 0.0, 0.0, 1.0],
                [1.0, -0.000294, -0.000154, -0.0, 0.000325, 0.964737, 0.263217, 0.375166, 7.2e-05, -0.263216, 0.964736, -0.0, 0.0, 0.0, 0.0, 1.0],
                [1.0, -0.000306, -0.000158, 0.0, 0.000338, 0.961782, 0.27382, 0.375166, 6.8e-05, -0.273819, 0.961781, 0.0, 0.0, 0.0, 0.0, 1.0],
                [1.0, -0.000325, -0.000163, 0.0, 0.000359, 0.956703, 0.291068, 0.375166, 6.2e-05, -0.291066, 0.956703, 0.0, 0.0, 0.0, 0.0, 1.0],
                [1.0, -0.000351, -0.000171, -0.0, 0.000387, 0.949407, 0.31405, 0.375166, 5.3e-05, -0.314049, 0.949406, -0.0, 0.0, 0.0, 0.0, 1.0],
                [1.0, -0.000382, -0.000182, 0.0, 0.000421, 0.939846, 0.341602, 0.375166, 4.1e-05, -0.3416, 0.939845, -0.0, 0.0, 0.0, 0.0, 1.0],
                [1.0, -0.000417, -0.000195, 0.0, 0.000459, 0.928023, 0.372527, 0.375166, 2.6e-05, -0.372525, 0.928022, -0.0, 0.0, 0.0, 0.0, 1.0],
                [1.0, -0.000454, -0.000211, 0.0, 0.000501, 0.913891, 0.405962, 0.375166, 9e-06, -0.405959, 0.91389, 0.0, 0.0, 0.0, 0.0, 1.0],
                [1.0, -0.000493, -0.000229, -0.0, 0.000543, 0.897729, 0.440551, 0.375166, -1.1e-05, -0.440549, 0.897728, 0.0, 0.0, 0.0, 0.0, 1.0],
                [1.0, -0.000532, -0.00025, 0.0, 0.000587, 0.879449, 0.475995, 0.375166, -3.4e-05, -0.475993, 0.879448, 0.0, 0.0, 0.0, 0.0, 1.0],
                [1.0, -0.000572, -0.000272, 0.0, 0.00063, 0.859492, 0.511152, 0.375166, -5.8e-05, -0.511149, 0.859491, 0.0, 0.0, 0.0, 0.0, 1.0],
                [1.0, -0.00061, -0.000296, -0.0, 0.000673, 0.838129, 0.545475, 0.375166, -8.5e-05, -0.545472, 0.838127, -0.0, 0.0, 0.0, 0.0, 1.0],
