{
    "animation": [
        {
            "name": "Root",
            "time": [0.0, 0.0167, 0.0333, 0.05, 0.0667, 0.0833, 0.1, 0.1167, 0.1333, 0.15, 0.1667, 0.1833, 0.2, 0.2167, 0.2333, 0.25, 0.2667, 0.2833, 0.3, 0.3167, 0.3333, 0.35, 0.3667, 0.3833, 0.4, 0.4167, 0.4333, 0.45, 0.4667, 0.4833, 0.5, 0.5167, 0.5333, 0.55, 0.5667, 0.5833, 0.6, 0.6167, 0.6333, 0.65, 0.6667, 0.6833, 0.7, 0.7167, 0.7333, 0.75, 0.7667, 0.7833, 0.8, 0.8167, 0.8333, 0.85, 0.8667, 0.8833, 0.9, 0.9167, 0.9333, 0.95, 0.9667, 0.9833, 1.0, 1.0167, 1.0333, 1.05, 1.0667, 1.0833, 1.1, 1.1167, 1.1333, 1.15, 1.1667, 1.1833, 1.2, 1.2167, 1.2333, 1.25, 1.2667, 1.2833, 1.3, 1.3167, 1.3333, 1.35, 1.3667, 1.3833, 1.4, 1.4167, 1.4333, 1.45, 1.4667, 1.4833, 1.5, 1.5167, 1.5333, 1.55, 1.5667, 1.5833, 1.6, 1.6167, 1.6333, 1.65, 1.6667, 1.6833, 1.7, 1.7167, 1.7333, 1.75, 1.7667, 1.7833, 1.8, 1.8167, 1.8333, 1.85, 1.8667, 1.8833, 1.9, 1.9167, 1.9333, 1.95, 1.9667, 1.9833, 2.0],
            "transform": [
                [0.556191, 0.0, 0.831055, -5e-06, 0.831055, 0.0, -0.556191, 0.000946, 0.0, 1.0, 0.0, 0.739346, 0.0, 0.0, 0.0, 1.0],
                [0.556191, 0.0, 0.831055, -5e-06, 0.831055, 0.0, -0.556191, 0.000946, 0.0, 1.0, 0.0, 0.739338, 0.0, 0.0, 0.0, 1.0],
                [0.556191, 0.0, 0.831055, -5e-06, 0.831055, 0.0, -0.556191, 0.000946, 0.0, 1.0, 0.0, 0.739316, 0.0, 0.0, 0.0, 1.0],
                [0.556191, 0.0, 0.831055, -5e-06, 0.831055, 0.0, -0.556191, 0.000946, 0.0, 1.0, 0.0, 0.739278, 0.0, 0.0, 0.0, 1.0],
                [0.556191, 0.0, 0.831055, -5e-06, 0.831055, 0.0, -0.556191, 0.000946, 0.0, 1.0, 0.0, 0.739224, 0.0, 0.0, 0.0, 1.0],
                [0.556191, 0.0, 0.831055, -5e-06, 0.831055, 0.0, -0.556191, 0.000946, 0.0, 1.0, 0.0, 0.739156, 0.0, 0.0, 0.0, 1.0],
                [0.556191, 0.0, 0.831055, -5e-06, 0.831055, 0.0, -0.556191, 0.000946, 0.0, 1.0, 0.0, 0.739072, 0.0, 0.0, 0.0, 1.0],
                [0.556191, 0.0, 0.831055, -5e-06, 0.831055, 0.0, -0.556191, 0.000946, 0.0, 1.0, 0.0, 0.738972, 0.0, 0.0, 0.0, 1.0],
                [0.556191, 0.0, 0.831055, -5e-06, 0.831055, 0.0, -0.556191, 0.000946, 0.0, 1.0, 0.0, 0.738857, 0.0, 0.0, 0.0, 1.0],
                [0.556191, 0.0, 0.831055, -5e-06, 0.831055, 0.0, -0.556191, 0.000946, 0.0, 1.0, 0.0, 0.738727, 0.0, 0.0, 0.0, 1.0],
                [0.556191, 0.0, 0.831055, -5e-06, 0.831055, 0.0, -0.556191, 0.000946, 0.0, 1.0, 0.0, 0.738582, 0.0, 0.0, 0.0, 1.0],
                [0.556191, 0.0, 0.831055, -5e-06, 0.831055, 0.0, -0.556191, 0.000946, 0.0, 1.0, 0.0, 0.738421, 0.0, 0.0, 0.0, 1.0],
                [0.556191, 0.0, 0.831055, -5e-06, 0.831055, 0.0, -0.556191, 0.000946, 0.0, 1.0, 0.0, 0.738246, 0.0, 0.0, 0.0, 1.0],
                [0.556191, 0.0, 0.831055, -5e-06, 0.831055, 0.0, -0.556191, 0.000946, 0.0, 1.0, 0.0, 0.738056, 0.0, 0.0, 0.0, 1.0],
                [0.556191, 0.0, 0.831055, -5e-06, 0.831055, 0.0, -0.556191, 0.000946, 0.0, 1.0, 0.0, 0.737853, 0.0, 0.0, 0.0, 1.0],
                [0.556191, 0.0, 0.831055, -5e-06, 0.831055, 0.0, -0.556191, 0.000946, 0.0, 1.0, 0.0, 0.737635, 0.0, 0.0, 0.0, 1.0],
                [0.556191, 0.0, 0.831055, -5e-06, 0.831055, 0.0, -0.556191, 0.000946, 0.0, 1.0, 0.0, 0.737404, 0.0, 0.0, 0.0, 1.0],
                [0.556191, 0.0, 0.831055, -5e-06, 0.831055, 0.0, -0.556191, 0.000946, 0.0, 1.0, 0.0, 0.73716, 0.0, 0.0, 0.0, 1.0],
                [0.556191, 0.0, 0.831055, -5e-06, 0.831055, 0.0, -0.556191, 0.000946, 0.0, 1.0, 0.0, 0.736904, 0.0, 0.0, 0.0, 1.0],
                [0.556191, 0.0, 0.831055, -5e-06, 0.831055, 0.0, -0.556191, 0.000946, 0.0, 1.0, 0.0, 0.736636, 0.0, 0.0, 0.0, 1.0],
                [0.556191, 0.0, 0.831055, -5e-06, 0.831055, 0.0, -0.556191, 0.000946, 0.0, 1.0, 0.0, 0.736357, 0.0, 0.0, 0.0, 1.0],
                [0.556191, 0.0, 0.831055, -5e-06, 0.831055, 0.0, -0.556191, 0.000946, 0.0, 1.0, 0.0, 0.736068, 0.0, 0.0, 0.0, 1.0],
                [0.556191, 0.0, 0.831055, -5e-06, 0.831055, 0.0, -0.556191, 0.000946, 0.0, 1.0, 0.0, 0.73577, 0.0, 0.0, 0.0, 1.0],
                [0.556191, 0.0, 0.831055, -5e-06, 0.831055, 0.0, -0.556191, 0.000946, 0.0, 1.0, 0.0, 0.735463, 0.0, 0.0, 0.0, 1.0],
                [0.556191, 0.0, 0.831055, -5e-06, 0.831055, 0.0, -0.556191, 0.000946, 0.0, 1.0, 0.0, 0.735149, 0.0, 0.0, 0.0, 1.0],
                [0.556191, 0.0, 0.831055, -5e-06, 0.831055, 0.0, -0.556191, 0.000946, 0.0, 1.0, 0.0, 0.734828, 0.0, 0.0, 0.0, 1.0],
                [0.556191, 0.0, 0.831055, -5e-06, 0.831055, 0.0, -0.556191, 0.000946, 0.0, 1.0, 0.0, 0.734501, 0.0, 0.0, 0.0, 1.0],
                [0.556191, 0.0, 0.831055, -5e-06, 0.831055, 0.0, -0.556191, 0.000946, 0.0, 1.0, 0.0, 0.73417, 0.0, 0.0, 0.0, 1.0],
                [0.556191, 0.0, 0.831055, -5e-06, 0.831055, 0.0, -0.556191, 0.000946, 0.0, 1.0, 0.0, 0.733835, 0.0, 0.0, 0.0, 1.0],
                [0.556191, 0.0, 0.831055, -5e-06, 0.831055, 0.0, -0.556191, 0.000946, 0.0, 1.0, 0.0, 0.733498, 0.0, 0.0, 0.0, 1.0],
                [0.556191, 0.0, 0.831055, -5e-06, 0.831055, 0.0, -0.556191, 0.000946, 0.0, 1.0, 0.0, 0.73316, 0.0, 0.0, 0.0, 1.0],
                [0.556191, 0.0, 0.831055, -5e-06, 0.831055, 0.0, -0.556191, 0.000946, 0.0, 1.0, 0.0, 0.732822, 0.0, 0.0, 0.0, 1.0],
                [0.556191, 0.0, 0.831055, -5e-06, 0.831055, 0.0, -0.556191, 0.000946, 0.0, 1.0, 0.0, 0.732485, 0.0, 0.0, 0.0, 1.0],
                [0.556191, 0.0, 0.831055, -5e-06, 0.831055, 0.0, -0.556191, 0.000946, 0.0, 1.0, 0.0, 0.732151, 0.0, 0.0, 0.0, 1.0],
                [0.556191, 0.0, 0.831055, -5e-06, 0.831055, 0.0, -0.556191, 0.000946, 0.0, 1.0, 0.0, 0.731819, 0.0, 0.0, 0.0, 1.0],
                [0.556191, 0.0, 0.831055, -5e-06, 0.831055, 0.0, -0.556191, 0.000946, 0.0, 1.0, 0.0, 0.731493, 0.0, 0.0, 0.0, 1.0],
                [0.556191, 0.0, 0.831055, -5e-06, 0.831055, 0.0, -0.556191, 0.000946, 0.0, 1.0, 0.0, 0.731172, 0.0, 0.0, 0.0, 1.0],
                [0.556191, 0.0, 0.831055, -5e-06, 0.831055, 0.0, -0.556191, 0.000946, 0.0, 1.0, 0.0, 0.730857, 0.0, 0.0, 0.0, 1.0],
                [0.556191, 0.0, 0.831055, -5e-06, 0.831055, 0.0, -0.556191, 0.000946, 0.0, 1.0, 0.0, 0.73055, 0.0, 0.0, 0.0, 1.0],
                [0.556191, 0.0, 0.831055, -5e-06, 0.831055, 0.0, -0.556191, 0.000946, 0.0, 1.0, 0.0, 0.730252, 0.0, 0.0, 0.0, 1.0],
                [0.556191, 0.0, 0.831055, -5e-06, 0.831055, 0.0, -0.556191, 0.000946, 0.0, 1.0, 0.0, 0.729963, 0.0, 0.0, 0.0, 1.0],
                [0.556191, 0.0, 0.831055, -5e-06, 0.831055, 0.0, -0.556191, 0.000946, 0.0, 1.0, 0.0, 0.729684, 0.0, 0.0, 0.0, 1.0],
                [0.556191, 0.0, 0.831055, -5e-06, 0.831055, 0.0, -0.556191, 0.000946, 0.0, 1.0, 0.0, 0.729416, 0.0, 0.0, 0.0, 1.0],
                [0.556191, 0.0, 0.831055, -5e-06, 0.831055, 0.0, -0.556191, 0.000946, 0.0, 1.0, 0.0, 0.72916, 0.0, 0.0, 0.0, 1.0],
                [0.556191, 0.0, 0.831055, -5e-06, 0.831055, 0.0, -0.556191, 0.000946, 0.0, 1.0, 0.0, 0.728916, 0.0, 0.0, 0.0, 1.0],
                [0.556191, 0.0, 0.831055, -5e-06, 0.831055, 0.0, -0.556191, 0.000946, 0.0, 1.0, 0.0, 0.728685, 0.0, 0.0, 0.0, 1.0],
                [0.556191, 0.0, 0.831055, -5e-06, 0.831055, 0.0, -0.556191, 0.000946, 0.0, 1.0, 0.0, 0.728468, 0.0, 0.0, 0.0, 1.0],
                [0.556191, 0.0, 0.831055, -5e-06, 0.831055, 0.0, -0.556191, 0.000946, 0.0, 1.0, 0.0, 0.728264, 0.0, 0.0, 0.0, 1.0],
                [0.556191, 0.0, 0.831055, -5e-06, 0.831055, 0.0, -0.556191, 0.000946, 0.0, 1.0, 0.0, 0.728074, 0.0, 0.0, 0.0, 1.0],
                [0.556191, 0.0, 0.831055, -5e-06, 0.831055, 0.0, -0.556191, 0.000946, 0.0, 1.0, 0.0, 0.727899, 0.0, 0.0, 0.0, 1.0],
                [0.556191, 0.0, 0.831055, -5e-06, 0.831055, 0.0, -0.556191, 0.000946, 0.0, 1.0, 0.0, 0.727739, 0.0, 0.0, 0.0, 1.0],
                [0.556191, 0.0, 0.831055, -5e-06, 0.831055, 0.0, -0.556191, 0.000946, 0.0, 1.0, 0.0, 0.727593, 0.0, 0.0, 0.0, 1.0],
                [0.556191, 0.0, 0.831055, -5e-06, 0.831055, 0.0, -0.556191, 0.000946, 0.0, 1.0, 0.0, 0.727463, 0.0, 0.0, 0.0, 1.0],
                [0.556191, 0.0, 0.831055, -5e-06, 0.831055, 0.0, -0.556191, 0.000946, 0.0, 1.0, 0.0, 0.727348, 0.0, 0.0, 0.0, 1.0],
                [0.556191, 0.0, 0.831055, -5e-06, 0.831055, 0.0, -0.556191, 0.000946, 0.0, 1.0, 0.0, 0.727249, 0.0, 0.0, 0.0, 1.0],
                [0.556191, 0.0, 0.831055, -5e-06, 0.831055, 0.0, -0.556191, 0.000946, 0.0, 1.0, 0.0, 0.727165, 0.0, 0.0, 0.0, 1.0],
                [0.556191, 0.0, 0.831055, -5e-06, 0.831055, 0.0, -0.556191, 0.000946, 0.0, 1.0, 0.0, 0.727096, 0.0, 0.0, 0.0, 1.0],
                [0.556191, 0.0, 0.831055, -5e-06, 0.831055, 0.0, -0.556191, 0.000946, 0.0, 1.0, 0.0, 0.727043, 0.0, 0.0, 0.0, 1.0],
                [0.556191, 0.0, 0.831055, -5e-06, 0.831055, 0.0, -0.556191, 0.000946, 0.0, 1.0, 0.0, 0.727005, 0.0, 0.0, 0.0, 1.0],
                [0.556191, 0.0, 0.831055, -5e-06, 0.831055, 0.0, -0.556191, 0.000946, 0.0, 1.0, 0.0, 0.726982, 0.0, 0.0, 0.0, 1.0],
                [0.556191, 0.0, 0.831055, -5e-06, 0.831055, 0.0, -0.556191, 0.000946, 0.0, 1.0, 0.0, 0.726974, 0.0, 0.0, 0.0, 1.0],
                [0.556191, 0.0, 0.831055, -5e-06, 0.831055, 0.0, -0.556191, 0.000946, 0.0, 1.0, 0.0, 0.726982, 0.0, 0.0, 0.0, 1.0],
                [0.556191, 0.0, 0.831055, -5e-06, 0.831055, 0.0, -0.556191, 0.000946, 0.0, 1.0, 0.0, 0.727005, 0.0, 0.0, 0.0, 1.0],
                [0.556191, 0.0, 0.831055, -5e-06, 0.831055, 0.0, -0.556191, 0.000946, 0.0, 1.0, 0.0, 0.727043, 0.0, 0.0, 0.0, 1.0],
                [0.556191, 0.0, 0.831055, -5e-06, 0.831055, 0.0, -0.556191, 0.000946, 0.0, 1.0, 0.0, 0.727096, 0.0, 0.0, 0.0, 1.0],
                [0.556191, 0.0, 0.831055, -5e-06, 0.831055, 0.0, -0.556191, 0.000946, 0.0, 1.0, 0.0, 0.727165, 0.0, 0.0, 0.0, 1.0],
                [0.556191, 0.0, 0.831055, -5e-06, 0.831055, 0.0, -0.556191, 0.000946, 0.0, 1.0, 0.0, 0.727249, 0.0, 0.0, 0.0, 1.0],
                [0.556191, 0.0, 0.831055, -5e-06, 0.831055, 0.0, -0.556191, 0.000946, 0.0, 1.0, 0.0, 0.727348, 0.0, 0.0, 0.0, 1.0],
                [0.556191, 0.0, 0.831055, -5e-06, 0.831055, 0.0, -0.556191, 0.000946, 0.0, 1.0, 0.0, 0.727463, 0.0, 0.0, 0.0, 1.0],
                [0.556191, 0.0, 0.831055, -5e-06, 0.831055, 0.0, -0.556191, 0.000946, 0.0, 1.0, 0.0, 0.727593, 0.0, 0.0, 0.0, 1.0],
                [0.556191, 0.0, 0.831055, -5e-06, 0.831055, 0.0, -0.556191, 0.000946, 0.0, 1.0, 0.0, 0.727739, 0.0, 0.0, 0.0, 1.0],
                [0.556191, 0.0, 0.831055, -5e-06, 0.831055, 0.0, -0.556191, 0.000946, 0.0, 1.0, 0.0, 0.727899, 0.0, 0.0, 0.0, 1.0],
                [0.556191, 0.0, 0.831055, -5e-06, 0.831055, 0.0, -0.556191, 0.000946, 0.0, 1.0, 0.0, 0.728074, 0.0, 0.0, 0.0, 1.0],
                [0.556191, 0.0, 0.831055, -5e-06, 0.831055, 0.0, -0.556191, 0.000946, 0.0, 1.0, 0.0, 0.728264, 0.0, 0.0, 0.0, 1.0],
                [0.556191, 0.0, 0.831055, -5e-06, 0.831055, 0.0, -0.556191, 0.000946, 0.0, 1.0, 0.0, 0.728468, 0.0, 0.0, 0.0, 1.0],
                [0.556191, 0.0, 0.831055, -5e-06, 0.831055, 0.0, -0.556191, 0.000946, 0.0, 1.0, 0.0, 0.728685, 0.0, 0.0, 0.0, 1.0],
                [0.556191, 0.0, 0.831055, -5e-06, 0.831055, 0.0, -0.556191, 0.000946, 0.0, 1.0, 0.0, 0.728916, 0.0, 0.0, 0.0, 1.0],
                [0.556191, 0.0, 0.831055, -5e-06, 0.831055, 0.0, -0.556191, 0.000946, 0.0, 1.0, 0.0, 0.72916, 0.0, 0.0, 0.0, 1.0],
                [0.556191, 0.0, 0.831055, -5e-06, 0.831055, 0.0, -0.556191, 0.000946, 0.0, 1.0, 0.0, 0.729416, 0.0, 0.0, 0.0, 1.0],
                [0.556191, 0.0, 0.831055, -5e-06, 0.831055, 0.0, -0.556191, 0.000946, 0.0, 1.0, 0.0, 0.729684, 0.0, 0.0, 0.0, 1.0],
                [0.556191, 0.0, 0.831055, -5e-06, 0.831055, 0.0, -0.556191, 0.000946, 0.0, 1.0, 0.0, 0.729963, 0.0, 0.0, 0.0, 1.0],
                [0.556191, 0.0, 0.831055, -5e-06, 0.831055, 0.0, -0.556191, 0.000946, 0.0, 1.0, 0.0, 0.730252, 0.0, 0.0, 0.0, 1.0],
                [0.556191, 0.0, 0.831055, -5e-06, 0.831055, 0.0, -0.556191, 0.000946, 0.0, 1.0, 0.0, 0.73055, 0.0, 0.0, 0.0, 1.0],
                [0.556191, 0.0, 0.831055, -5e-06, 0.831055, 0.0, -0.556191, 0.000946, 0.0, 1.0, 0.0, 0.730857, 0.0, 0.0, 0.0, 1.0],
                [0.556191, 0.0, 0.831055, -5e-06, 0.831055, 0.0, -0.556191, 0.000946, 0.0, 1.0, 0.0, 0.731172, 0.0, 0.0, 0.0, 1.0],
                [0.556191, 0.0, 0.831055, -5e-06, 0.831055, 0.0, -0.556191, 0.000946, 0.0, 1.0, 0.0, 0.731493, 0.0, 0.0, 0.0, 1.0],
                [0.556191, 0.0, 0.831055, -5e-06, 0.831055, 0.0, -0.556191, 0.000946, 0.0, 1.0, 0.0, 0.731819, 0.0, 0.0, 0.0, 1.0],
                [0.556191, 0.0, 0.831055, -5e-06, 0.831055, 0.0, -0.556191, 0.000946, 0.0, 1.0, 0.0, 0.732151, 0.0, 0.0, 0.0, 1.0],
                [0.556191, 0.0, 0.831055, -5e-06, 0.831055, 0.0, -0.556191, 0.000946, 0.0, 1.0, 0.0, 0.732485, 0.0, 0.0, 0.0, 1.0],
                [0.556191, 0.0, 0.831055, -5e-06, 0.831055, 0.0, -0.556191, 0.000946, 0.0, 1.0, 0.0, 0.732822, 0.0, 0.0, 0.0, 1.0],
                [0.556191, 0.0, 0.831055, -5e-06, 0.831055, 0.0, -0.556191, 0.000946, 0.0, 1.0, 0.0, 0.73316, 0.0, 0.0, 0.0, 1.0],
                [0.556191, 0.0, 0.831055, -5e-06, 0.831055, 0.0, -0.556191, 0.000946, 0.0, 1.0, 0.0, 0.733498, 0.0, 0.0, 0.0, 1.0],
                [0.556191, 0.0, 0.831055, -5e-06, 0.831055, 0.0, -0.556191, 0.000946, 0.0, 1.0, 0.0, 0.733835, 0.0, 0.0, 0.0, 1.0],
                [0.556191, 0.0, 0.831055, -5e-06, 0.831055, 0.0, -0.556191, 0.000946, 0.0, 1.0, 0.0, 0.73417, 0.0, 0.0, 0.0, 1.0],
                [0.556191, 0.0, 0.831055, -5e-06, 0.831055, 0.0, -0.556191, 0.000946, 0.0, 1.0, 0.0, 0.734501, 0.0, 0.0, 0.0, 1.0],
                [0.556191, 0.0, 0.831055, -5e-06, 0.831055, 0.0, -0.556191, 0.000946, 0.0, 1.0, 0.0, 0.734828, 0.0, 0.0, 0.0, 1.0],
                [0.556191, 0.0, 0.831055, -5e-06, 0.831055, 0.0, -0.556191, 0.000946, 0.0, 1.0, 0.0, 0.735149, 0.0, 0.0, 0.0, 1.0],
                [0.556191, 0.0, 0.831055, -5e-06, 0.831055, 0.0, -0.556191, 0.000946, 0.0, 1.0, 0.0, 0.735463, 0.0, 0.0, 0.0, 1.0],
                [0.556191, 0.0, 0.831055, -5e-06, 0.831055, 0.0, -0.556191, 0.000946, 0.0, 1.0, 0.0, 0.73577, 0.0, 0.0, 0.0, 1.0],
                [0.556191, 0.0, 0.831055, -5e-06, 0.831055, 0.0, -0.556191, 0.000946, 0.0, 1.0, 0.0, 0.736068, 0.0, 0.0, 0.0, 1.0],
                [0.556191, 0.0, 0.831055, -5e-06, 0.831055, 0.0, -0.556191, 0.000946, 0.0, 1.0, 0.0, 0.736357, 0.0, 0.0, 0.0, 1.0],
                [0.556191, 0.0, 0.831055, -5e-06, 0.831055, 0.0, -0.556191, 0.000946, 0.0, 1.0, 0.0, 0.736636, 0.0, 0.0, 0.0, 1.0],
                [0.556191, 0.0, 0.831055, -5e-06, 0.831055, 0.0, -0.556191, 0.000946, 0.0, 1.0, 0.0, 0.736904, 0.0, 0.0, 0.0, 1.0],
                [0.556191, 0.0, 0.831055, -5e-06, 0.831055, 0.0, -0.556191, 0.000946, 0.0, 1.0, 0.0, 0.73716, 0.0, 0.0, 0.0, 1.0],
                [0.556191, 0.0, 0.831055, -5e-06, 0.831055, 0.0, -0.556191, 0.000946, 0.0, 1.0, 0.0, 0.737404, 0.0, 0.0, 0.0, 1.0],
                [0.556191, 0.0, 0.831055, -5e-06, 0.831055, 0.0, -0.556191, 0.000946, 0.0, 1.0, 0.0, 0.737635, 0.0, 0.0, 0.0, 1.0],
                [0.556191, 0.0, 0.831055, -5e-06, 0.831055, 0.0, -0.556191, 0.000946, 0.0, 1.0, 0.0, 0.737853, 0.0, 0.0, 0.0, 1.0],
                [0.556191, 0.0, 0.831055, -5e-06, 0.831055, 0.0, -0.556191, 0.000946, 0.0, 1.0, 0.0, 0.738056, 0.0, 0.0, 0.0, 1.0],
                [0.556191, 0.0, 0.831055, -5e-06, 0.831055, 0.0, -0.556191, 0.000946, 0.0, 1.0, 0.0, 0.738246, 0.0, 0.0, 0.0, 1.0],
                [0.556191, 0.0, 0.831055, -5e-06, 0.831055, 0.0, -0.556191, 0.000946, 0.0, 1.0, 0.0, 0.738421, 0.0, 0.0, 0.0, 1.0],
                [0.556191, 0.0, 0.831055, -5e-06, 0.831055, 0.0, -0.556191, 0.000946, 0.0, 1.0, 0.0, 0.738582, 0.0, 0.0, 0.0, 1.0],
                [0.556191, 0.0, 0.831055, -5e-06, 0.831055, 0.0, -0.556191, 0.000946, 0.0, 1.0, 0.0, 0.738727, 0.0, 0.0, 0.0, 1.0],
                [0.556191, 0.0, 0.831055, -5e-06, 0.831055, 0.0, -0.556191, 0.000946, 0.0, 1.0, 0.0, 0.738857, 0.0, 0.0, 0.0, 1.0],
                [0.556191, 0.0, 0.831055, -5e-06, 0.831055, 0.0, -0.556191, 0.000946, 0.0, 1.0, 0.0, 0.738972, 0.0, 0.0, 0.0, 1.0],
                [0.556191, 0.0, 0.831055, -5e-06, 0.831055, 0.0, -0.556191, 0.000946, 0.0, 1.0, 0.0, 0.739072, 0.0, 0.0, 0.0, 1.0],
                [0.556191, 0.0, 0.831055, -5e-06, 0.831055, 0.0, -0.556191, 0.000946, 0.0, 1.0, 0.0, 0.739156, 0.0, 0.0, 0.0, 1.0],
                [0.556191, 0.0, 0.831055, -5e-06, 0.831055, 0.0, -0.556191, 0.000946, 0.0, 1.0, 0.0, 0.739224, 0.0, 0.0, 0.0, 1.0],
                [0.556191, 0.0, 0.831055, -5e-06, 0.831055, 0.0, -0.556191, 0.000946, 0.0, 1.0, 0.0, 0.739278, 0.0, 0.0, 0.0, 1.0],
                [0.556191, 0.0, 0.831055, -5e-06, 0.831055, 0.0, -0.556191, 0.000946, 0.0, 1.0, 0.0, 0.739316, 0.0, 0.0, 0.0, 1.0],
                [0.556191, 0.0, 0.831055, -5e-06, 0.831055, 0.0, -0.556191, 0.000946, 0.0, 1.0, 0.0, 0.739338, 0.0, 0.0, 0.0, 1.0],
                [0.556191, 0.0, 0.831055, -5e-06, 0.831055, 0.0, -0.556191, 0.000946, 0.0, 1.0, 0.0, 0.739346, 0.0, 0.0, 0.0, 1.0]
            ]
        },
        {
            "name": "Thigh_R",
            "time": [0.0, 0.0167, 0.0333, 0.05, 0.0667, 0.0833, 0.1, 0.1167, 0.1333, 0.15, 0.1667, 0.1833, 0.2, 0.2167, 0.2333, 0.25, 0.2667, 0.2833, 0.3, 0.3167, 0.3333, 0.35, 0.3667, 0.3833, 0.4, 0.4167, 0.4333, 0.45, 0.4667, 0.4833, 0.5, 0.5167, 0.5333, 0.55, 0.5667, 0.5833, 0.6, 0.6167, 0.6333, 0.65, 0.6667, 0.6833, 0.7, 0.7167, 0.7333, 0.75, 0.7667, 0.7833, 0.8, 0.8167, 0.8333, 0.85, 0.8667, 0.8833, 0.9, 0.9167, 0.9333, 0.95, 0.9667, 0.9833, 1.0, 1.0167, 1.0333, 1.05, 1.0667, 1.0833, 1.1, 1.1167, 1.1333, 1.15, 1.1667, 1.1833, 1.2, 1.2167, 1.2333, 1.25, 1.2667, 1.2833, 1.3, 1.3167, 1.3333, 1.35, 1.3667, 1.3833, 1.4, 1.4167, 1.4333, 1.45, 1.4667, 1.4833, 1.5, 1.5167, 1.5333, 1.55, 1.5667, 1.5833, 1.6, 1.6167, 1.6333, 1.65, 1.6667, 1.6833, 1.7, 1.7167, 1.7333, 1.75, 1.7667, 1.7833, 1.8, 1.8167, 1.8333, 1.85, 1.8667, 1.8833, 1.9, 1.9167, 1.9333, 1.95, 1.9667, 1.9833, 2.0],
            "transform": [
                [0.430676, 0.322844, 0.842752, 0.124994, 0.008782, -0.935284, 0.353782, -0.002831, 0.902464, -0.144966, -0.405624, -1.2e-05, 0.0, 0.0, 0.0, 1.0],
                [0.430676, 0.322905, 0.842729, 0.124994, 0.008782, -0.935258, 0.35385, -0.002831, 0.902464, -0.144995, -0.405613, -1.2e-05, 0.0, 0.0, 0.0, 1.0],
                [0.430676, 0.323088, 0.842659, 0.124994, 0.008783, -0.935181, 0.354052, -0.002831, 0.902464, -0.145083, -0.405582, -1.2e-05, 0.0, 0.0, 0.0, 1.0],
                [0.430676, 0.323395, 0.842542, 0.124994, 0.008784, -0.935053, 0.354392, -0.002831, 0.902464, -0.145229, -0.405529, -1.2e-05, 0.0, 0.0, 0.0, 1.0],
                [0.430675, 0.323822, 0.842378, 0.124994, 0.008785, -0.934873, 0.354866, -0.002831, 0.902464, -0.145434, -0.405455, -1.2e-05, 0.0, 0.0, 0.0, 1.0],
                [0.430674, 0.324372, 0.842167, 0.124994, 0.008786, -0.934641, 0.355475, -0.002831, 0.902465, -0.145696, -0.40536, -1.2e-05, 0.0, 0.0, 0.0, 1.0],
                [0.430674, 0.325041, 0.841909, 0.124994, 0.008788, -0.934359, 0.356217, -0.002831, 0.902465, -0.146016, -0.405244, -1.2e-05, 0.0, 0.0, 0.0, 1.0],
                [0.430673, 0.325829, 0.841605, 0.124994, 0.00879, -0.934025, 0.35709, -0.002831, 0.902465, -0.146393, -0.405107, -1.2e-05, 0.0, 0.0, 0.0, 1.0],
                [0.430672, 0.326733, 0.841255, 0.124994, 0.008792, -0.933642, 0.358092, -0.002831, 0.902466, -0.146826, -0.40495, -1.2e-05, 0.0, 0.0, 0.0, 1.0],
                [0.43067, 0.327748, 0.84086, 0.124994, 0.008795, -0.933209, 0.359217, -0.002831, 0.902466, -0.147311, -0.404772, -1.2e-05, 0.0, 0.0, 0.0, 1.0],
                [0.430669, 0.328871, 0.840422, 0.124994, 0.008797, -0.932729, 0.360463, -0.002831, 0.902467, -0.147848, -0.404575, -1.2e-05, 0.0, 0.0, 0.0, 1.0],
                [0.430668, 0.3301, 0.839941, 0.124994, 0.008801, -0.932202, 0.361824, -0.002831, 0.902468, -0.148436, -0.404358, -1.2e-05, 0.0, 0.0, 0.0, 1.0],
                [0.430666, 0.331429, 0.839419, 0.124994, 0.008804, -0.931629, 0.363297, -0.002831, 0.902468, -0.149071, -0.404123, -1.2e-05, 0.0, 0.0, 0.0, 1.0],
                [0.430664, 0.332851, 0.838857, 0.124994, 0.008808, -0.931012, 0.364874, -0.002831, 0.902469, -0.149751, -0.403869, -1.2e-05, 0.0, 0.0, 0.0, 1.0],
                [0.430662, 0.334364, 0.838256, 0.124994, 0.008812, -0.930353, 0.366551, -0.002831, 0.90247, -0.150475, -0.403598, -1.2e-05, 0.0, 0.0, 0.0, 1.0],
                [0.43066, 0.335959, 0.837619, 0.124994, 0.008816, -0.929654, 0.368319, -0.002831, 0.902471, -0.151238, -0.403311, -1.2e-05, 0.0, 0.0, 0.0, 1.0],
                [0.430658, 0.337632, 0.836947, 0.124994, 0.00882, -0.928918, 0.370173, -0.002831, 0.902472, -0.152037, -0.403008, -1.2e-05, 0.0, 0.0, 0.0, 1.0],
                [0.430656, 0.339375, 0.836243, 0.124994, 0.008825, -0.928145, 0.372106, -0.002831, 0.902473, -0.152871, -0.40269, -1.2e-05, 0.0, 0.0, 0.0, 1.0],
                [0.430654, 0.341181, 0.835509, 0.124994, 0.00883, -0.92734, 0.374107, -0.002831, 0.902474, -0.153735, -0.402359, -1.2e-05, 0.0, 0.0, 0.0, 1.0],
                [0.430651, 0.343044, 0.834747, 0.124994, 0.008835, -0.926504, 0.376172, -0.002831, 0.902475, -0.154626, -0.402015, -1.2e-05, 0.0, 0.0, 0.0, 1.0],
                [0.430649, 0.344957, 0.83396, 0.124994, 0.00884, -0.925641, 0.378292, -0.002831, 0.902476, -0.15554, -0.401659, -1.2e-05, 0.0, 0.0, 0.0, 1.0],
                [0.430646, 0.346912, 0.83315, 0.124994, 0.008845, -0.924752, 0.38046, -0.002831, 0.902478, -0.156476, -0.401293, -1.2e-05, 0.0, 0.0, 0.0, 1.0],
                [0.430643, 0.348904, 0.832319, 0.124994, 0.008851, -0.92384, 0.382668, -0.002831, 0.902479, -0.157428, -0.400918, -1.2e-05, 0.0, 0.0, 0.0, 1.0],
                [0.430641, 0.350925, 0.83147, 0.124994, 0.008856, -0.922909, 0.384908, -0.002831, 0.90248, -0.158395, -0.400534, -1.2e-05, 0.0, 0.0, 0.0, 1.0],
                [0.430638, 0.352967, 0.830607, 0.124994, 0.008862, -0.921962, 0.387171, -0.002831, 0.902481, -0.159371, -0.400144, -1.2e-05, 0.0, 0.0, 0.0, 1.0],
                [0.430635, 0.355023, 0.829732, 0.124994, 0.008868, -0.921002, 0.38945, -0.002831, 0.902483, -0.160354, -0.399748, -1.2e-05, 0.0, 0.0, 0.0, 1.0],
                [0.430632, 0.357087, 0.828847, 0.124994, 0.008874, -0.920031, 0.391737, -0.002831, 0.902484, -0.161341, -0.399348, -1.2e-05, 0.0, 0.0, 0.0, 1.0],
                [0.430629, 0.35915, 0.827957, 0.124994, 0.00888, -0.919053, 0.394025, -0.002831, 0.902485, -0.162328, -0.398944, -1.2e-05, 0.0, 0.0, 0.0, 1.0],
                [0.430626, 0.361208, 0.827063, 0.124994, 0.008886, -0.918072, 0.396306, -0.002831, 0.902487, -0.163312, -0.39854, -1.2e-05, 0.0, 0.0, 0.0, 1.0],
                [0.430623, 0.363239, 0.826174, 0.124994, 0.008892, -0.917097, 0.398557, -0.002831, 0.902488, -0.164283, -0.398137, -1.2e-05, 0.0, 0.0, 0.0, 1.0],
                [0.43062, 0.365252, 0.825288, 0.124994, 0.008898, -0.916124, 0.400788, -0.002831, 0.90249, -0.165246, -0.397735, -1.2e-05, 0.0, 0.0, 0.0, 1.0],
                [0.430617, 0.36724, 0.824407, 0.124994, 0.008904, -0.915156, 0.402992, -0.002831, 0.902491, -0.166196, -0.397336, -1.2e-05, 0.0, 0.0, 0.0, 1.0],
                [0.430614, 0.369199, 0.823533, 0.124994, 0.00891, -0.914197, 0.405163, -0.002831, 0.902492, -0.167133, -0.39694, -1.2e-05, 0.0, 0.0, 0.0, 1.0],
                [0.430611, 0.37112, 0.82267, 0.124994, 0.008915, -0.91325, 0.407293, -0.002831, 0.902494, -0.168052, -0.396549, -1.2e-05, 0.0, 0.0, 0.0, 1.0],
                [0.430608, 0.373002, 0.821821, 0.124994, 0.008921, -0.912317, 0.409378, -0.002831, 0.902495, -0.168951, -0.396163, -1.2e-05, 0.0, 0.0, 0.0, 1.0],
                [0.430605, 0.374837, 0.820987, 0.124994, 0.008927, -0.911402, 0.411413, -0.002831, 0.902496, -0.169829, -0.395785, -1.2e-05, 0.0, 0.0, 0.0, 1.0],
                [0.430602, 0.376705, 0.820133, 0.124994, 0.008932, -0.910464, 0.413483, -0.002831, 0.902498, -0.170722, -0.395397, -1.2e-05, 0.0, 0.0, 0.0, 1.0],
                [0.430599, 0.378442, 0.819334, 0.124994, 0.008938, -0.909588, 0.415408, -0.002831, 0.902499, -0.171553, -0.395035, -1.2e-05, 0.0, 0.0, 0.0, 1.0],
                [0.430597, 0.380118, 0.81856, 0.124994, 0.008943, -0.908737, 0.417266, -0.002831, 0.9025, -0.172354, -0.394683, -1.2e-05, 0.0, 0.0, 0.0, 1.0],
                [0.430594, 0.381733, 0.817809, 0.124994, 0.008948, -0.907913, 0.419056, -0.002831, 0.902501, -0.173126, -0.394342, -1.2e-05, 0.0, 0.0, 0.0, 1.0],
                [0.430592, 0.383283, 0.817085, 0.124994, 0.008953, -0.907118, 0.420773, -0.002831, 0.902502, -0.173867, -0.394013, -1.2e-05, 0.0, 0.0, 0.0, 1.0],
                [0.430589, 0.384764, 0.81639, 0.124994, 0.008958, -0.906354, 0.422416, -0.002831, 0.902503, -0.174576, -0.393697, -1.2e-05, 0.0, 0.0, 0.0, 1.0],
                [0.430587, 0.386176, 0.815724, 0.124994, 0.008962, -0.905623, 0.423981, -0.002831, 0.902505, -0.175251, -0.393394, -1.2e-05, 0.0, 0.0, 0.0, 1.0],
                [0.430584, 0.387509, 0.815093, 0.124994, 0.008967, -0.90493, 0.425458, -0.002831, 0.902506, -0.175888, -0.393108, -1.2e-05, 0.0, 0.0, 0.0, 1.0],
                [0.430582, 0.388767, 0.814495, 0.124994, 0.008971, -0.904272, 0.426853, -0.002831, 0.902507, -0.17649, -0.392836, -1.2e-05, 0.0, 0.0, 0.0, 1.0],
                [0.43058, 0.389952, 0.81393, 0.124994, 0.008975, -0.903652, 0.428166, -0.002831, 0.902508, -0.177056, -0.392579, -1.2e-05, 0.0, 0.0, 0.0, 1.0],
                [0.430578, 0.39106, 0.813399, 0.124994, 0.008978, -0.903068, 0.429394, -0.002831, 0.902508, -0.177586, -0.392337, -1.2e-05, 0.0, 0.0, 0.0, 1.0],
                [0.430577, 0.392093, 0.812902, 0.124994, 0.008982, -0.902523, 0.430539, -0.002831, 0.902509, -0.17808, -0.392111, -1.2e-05, 0.0, 0.0, 0.0, 1.0],
                [0.430575, 0.393048, 0.812442, 0.124994, 0.008985, -0.902017, 0.431598, -0.002831, 0.90251, -0.178537, -0.391902, -1.2e-05, 0.0, 0.0, 0.0, 1.0],
                [0.430573, 0.393926, 0.812017, 0.124994, 0.008988, -0.901551, 0.432571, -0.002831, 0.902511, -0.178957, -0.391709, -1.2e-05, 0.0, 0.0, 0.0, 1.0],
                [0.430572, 0.394727, 0.811629, 0.124994, 0.00899, -0.901125, 0.433458, -0.002831, 0.902511, -0.17934, -0.391532, -1.2e-05, 0.0, 0.0, 0.0, 1.0],
                [0.430571, 0.395449, 0.811278, 0.124994, 0.008993, -0.900739, 0.434259, -0.002831, 0.902512, -0.179685, -0.391372, -1.2e-05, 0.0, 0.0, 0.0, 1.0],
                [0.43057, 0.396094, 0.810964, 0.124994, 0.008995, -0.900394, 0.434974, -0.002831, 0.902513, -0.179993, -0.391229, -1.2e-05, 0.0, 0.0, 0.0, 1.0],
                [0.430569, 0.396662, 0.810687, 0.124994, 0.008997, -0.90009, 0.435603, -0.002831, 0.902513, -0.180265, -0.391103, -1.2e-05, 0.0, 0.0, 0.0, 1.0],
                [0.430568, 0.397152, 0.810448, 0.124994, 0.008998, -0.899827, 0.436146, -0.002831, 0.902513, -0.180499, -0.390994, -1.2e-05, 0.0, 0.0, 0.0, 1.0],
                [0.430567, 0.397565, 0.810245, 0.124994, 0.009, -0.899604, 0.436604, -0.002831, 0.902514, -0.180697, -0.390902, -1.2e-05, 0.0, 0.0, 0.0, 1.0],
                [0.430566, 0.397902, 0.81008, 0.124994, 0.009001, -0.899423, 0.436977, -0.002831, 0.902514, -0.180858, -0.390827, -1.2e-05, 0.0, 0.0, 0.0, 1.0],
                [0.430566, 0.398162, 0.809953, 0.124994, 0.009002, -0.899283, 0.437266, -0.002831, 0.902514, -0.180982, -0.390769, -1.2e-05, 0.0, 0.0, 0.0, 1.0],
                [0.430566, 0.398348, 0.809861, 0.124994, 0.009002, -0.899183, 0.437472, -0.002831, 0.902514, -0.181071, -0.390728, -1.2e-05, 0.0, 0.0, 0.0, 1.0],
                [0.430565, 0.398459, 0.809807, 0.124994, 0.009003, -0.899123, 0.437595, -0.002831, 0.902515, -0.181124, -0.390703, -1.2e-05, 0.0, 0.0, 0.0, 1.0],
                [0.430565, 0.398496, 0.809789, 0.124994, 0.009003, -0.899103, 0.437636, -0.002831, 0.902515, -0.181142, -0.390694, -1.2e-05, 0.0, 0.0, 0.0, 1.0],
                [0.430565, 0.398459, 0.809807, 0.124994, 0.009003, -0.899123, 0.437595, -0.002831, 0.902515, -0.181124, -0.390703, -1.2e-05, 0.0, 0.0, 0.0, 1.0],
                [0.430566, 0.398348, 0.809861, 0.124994, 0.009002, -0.899183, 0.437472, -0.002831, 0.902514, -0.181071, -0.390728, -1.2e-05, 0.0, 0.0, 0.0, 1.0],
                [0.430566, 0.398162, 0.809953, 0.124994, 0.009002, -0.899283, 0.437266, -0.002831, 0.902514, -0.180982, -0.390769, -1.2e-05, 0.0, 0.0, 0.0, 1.0],
                [0.430566, 0.397902, 0.81008, 0.124994, 0.009001, -0.899423, 0.436977, -0.002831, 0.902514, -0.180858, -0.390827, -1.2e-05, 0.0, 0.0, 0.0, 1.0],
                [0.430567, 0.397565, 0.810245, 0.124994, 0.009, -0.899604, 0.436604, -0.002831, 0.902514, -0.180697, -0.390902, -1.2e-05, 0.0, 0.0, 0.0, 1.0],
                [0.430568, 0.397152, 0.810448, 0.124994, 0.008998, -0.899827, 0.436146, -0.002831, 0.902513, -0.180499, -0.390994, -1.2e-05, 0.0, 0.0, 0.0, 1.0],
                [0.430569, 0.396662, 0.810687, 0.124994, 0.008997, -0.90009, 0.435603, -0.002831, 0.902513, -0.180265, -0.391103, -1.2e-05, 0.0, 0.0, 0.0, 1.0],
                [0.43057, 0.396094, 0.810964, 0.124994, 0.008995, -0.900394, 0.434974, -0.002831, 0.902513, -0.179993, -0.391229, -1.2e-05, 0.0, 0.0, 0.0, 1.0],
                [0.430571, 0.395449, 0.811278, 0.124994, 0.008993, -0.900739, 0.434259, -0.002831, 0.902512, -0.179685, -0.391372, -1.2e-05, 0.0, 0.0, 0.0, 1.0],
                [0.430572, 0.394727, 0.811629, 0.124994, 0.00899, -0.901125, 0.433458, -0.002831, 0.902511, -0.17934, -0.391532, -1.2e-05, 0.0, 0.0, 0.0, 1.0],
                [0.430573, 0.393926, 0.812017, 0.124994, 0.008988, -0.901551, 0.432571, -0.002831, 0.902511, -0.178957, -0.391709, -1.2e-05, 0.0, 0.0, 0.0, 1.0],
                [0.430575, 0.393048, 0.812442, 0.124994, 0.008985, -0.902017, 0.431598, -0.002831, 0.90251, -0.178537, -0.391902, -1.2e-05, 0.0, 0.0, 0.0, 1.0],
                [0.430577, 0.392093, 0.812902, 0.124994, 0.008982, -0.902523, 0.430539, -0.002831, 0.902509, -0.17808, -0.392111, -1.2e-05, 0.0, 0.0, 0.0, 1.0],
                [0.430578, 0.39106, 0.813399, 0.124994, 0.008978, -0.903068, 0.429394, -0.002831, 0.902508, -0.177586, -0.392337, -1.2e-05, 0.0, 0.0, 0.0, 1.0],
                [0.43058, 0.389952, 0.81393, 0.124994, 0.008975, -0.903652, 0.428166, -0.002831, 0.902508, -0.177056, -0.392579, -1.2e-05, 0.0, 0.0, 0.0, 1.0],
                [0.430582, 0.388767, 0.814495, 0.124994, 0.008971, -0.904272, 0.426853, -0.002831, 0.902507, -0.17649, -0.392836, -1.2e-05, 0.0, 0.0, 0.0, 1.0],
                [0.430584, 0.387509, 0.815093, 0.124994, 0.008967, -0.90493, 0.425458, -0.002831, 0.902506, -0.175888, -0.393108, -1.2e-05, 0.0, 0.0, 0.0, 1.0],
                [0.430587, 0.386176, 0.815724, 0.124994, 0.008962, -0.905623, 0.423981, -0.002831, 0.902505, -0.175251, -0.393394, -1.2e-05, 0.0, 0.0, 0.0, 1.0],
                [0.430589, 0.384764, 0.81639, 0.124994, 0.008958, -0.906354, 0.422416, -0.002831, 0.902503, -0.174576, -0.393697, -1.2e-05, 0.0, 0.0, 0.0, 1.0],
                [0.430592, 0.383283, 0.817085, 0.124994, 0.008953, -0.907118, 0.420773, -0.002831, 0.902502, -0.173867, -0.394013, -1.2e-05, 0.0, 0.0, 0.0, 1.0],
                [0.430594, 0.381733, 0.817809, 0.124994, 0.008948, -0.907913, 0.419056, -0.002831, 0.902501, -0.173126, -0.394342, -1.2e-05, 0.0, 0.0, 0.0, 1.0],
                [0.430597, 0.380118, 0.81856, 0.124994, 0.008943, -0.908737, 0.417266, -0.002831, 0.9025, -0.172354, -0.394683, -1.2e-05, 0.0, 0.0, 0.0, 1.0],
                [0.430599, 0.378442, 0.819334, 0.124994, 0.008938, -0.909588, 0.415408, -0.002831, 0.902499, -0.171553, -0.395035, -1.2e-05, 0.0, 0.0, 0.0, 1.0],
                [0.430602, 0.376705, 0.820133, 0.124994, 0.008932, -0.910464, 0.413483, -0.002831, 0.902498, -0.170722, -0.395397, -1.2e-05, 0.0, 0.0, 0.0, 1.0],
                [0.430605, 0.374837, 0.820987, 0.124994, 0.008927, -0.911402, 0.411413, -0.002831, 0.902496, -0.169829, -0.395785, -1.2e-05, 0.0, 0.0, 0.0, 1.0],
                [0.430608, 0.373002, 0.821821, 0.124994, 0.008921, -0.912317, 0.409378, -0.002831, 0.902495, -0.168951, -0.396163, -1.2e-05, 0.0, 0.0, 0.0, 1.0],
                [0.430611, 0.37112, 0.82267, 0.124994, 0.008915, -0.91325, 0.407293, -0.002831, 0.902494, -0.168052, -0.396549, -1.2e-05, 0.0, 0.0, 0.0, 1.0],
                [0.430614, 0.369199, 0.823533, 0.124994, 0.00891, -0.914197, 0.405163, -0.002831, 0.902492, -0.167133, -0.39694, -1.2e-05, 0.0, 0.0, 0.0, 1.0],
                [0.430617, 0.36724, 0.824407, 0.124994, 0.008904, -0.915156, 0.402992, -0.002831, 0.902491, -0.166196, -0.397336, -1.2e-05, 0.0, 0.0, 0.0, 1.0],
                [0.43062, 0.365252, 0.825288, 0.124994, 0.008898, -0.916124, 0.400788, -0.002831, 0.90249, -0.165246, -0.397735, -1.2e-05, 0.0, 0.0, 0.0, 1.0],
                [0.430623, 0.363239, 0.826174, 0.124994, 0.008892, -0.917097, 0.398557, -0.002831, 0.902488, -0.164283, -0.398137, -1.2e-05, 0.0, 0.0, 0.0, 1.0],
                [0.430626, 0.361208, 0.827063, 0.124994, 0.008886, -0.918072, 0.396306, -0.002831, 0.902487, -0.163312, -0.39854, -1.2e-05, 0.0, 0.0, 0.0, 1.0],
                [0.430629, 0.35915, 0.827957, 0.124994, 0.00888, -0.919053, 0.394025, -0.002831, 0.902485, -0.162328, -0.398944, -1.2e-05, 0.0, 0.0, 0.0, 1.0],
                [0.430632, 0.357087, 0.828847, 0.124994, 0.008874, -0.920031, 0.391737, -0.002831, 0.902484, -0.161341, -0.399348, -1.2e-05, 0.0, 0.0, 0.0, 1.0],
                [0.430635, 0.355023, 0.829732, 0.124994, 0.008868, -0.921002, 0.38945, -0.002831, 0.902483, -0.160354, -0.399748, -1.2e-05, 0.0, 0.0, 0.0, 1.0],
                [0.430638, 0.352967, 0.830607, 0.124994, 0.008862, -0.921962, 0.387171, -0.002831, 0.902481, -0.159371, -0.400144, -1.2e-05, 0.0, 0.0, 0.0, 1.0],
                [0.430641, 0.350925, 0.83147, 0.124994, 0.008856, -0.922909, 0.384908, -0.002831, 0.90248, -0.158395, -0.400534, -1.2e-05, 0.0, 0.0, 0.0, 1.0],
                [0.430643, 0.348904, 0.832319, 0.124994, 0.008851, -0.92384, 0.382668, -0.002831, 0.902479, -0.157428, -0.400918, -1.2e-05, 0.0, 0.0, 0.0, 1.0],
                [0.430646, 0.346912, 0.83315, 0.124994, 0.008845, -0.924752, 0.38046, -0.002831, 0.902478, -0.156476, -0.401293, -1.2e-05, 0.0, 0.0, 0.0, 1.0],
                [0.430649, 0.344957, 0.83396, 0.124994, 0.00884, -0.925641, 0.378292, -0.002831, 0.902476, -0.15554, -0.401659, -1.2e-05, 0.0, 0.0, 0.0, 1.0],
                [0.430651, 0.343044, 0.834747, 0.124994, 0.008835, -0.926504, 0.376172, -0.002831, 0.902475, -0.154626, -0.402015, -1.2e-05, 0.0, 0.0, 0.0, 1.0],
                [0.430654, 0.341181, 0.835509, 0.124994, 0.00883, -0.92734, 0.374107, -0.002831, 0.902474, -0.153735, -0.402359, -1.2e-05, 0.0, 0.0, 0.0, 1.0],
                [0.430656, 0.339375, 0.836243, 0.124994, 0.008825, -0.928145, 0.372106, -0.002831, 0.902473, -0.152871, -0.40269, -1.2e-05, 0.0, 0.0, 0.0, 1.0],
                [0.430658, 0.337632, 0.836947, 0.124994, 0.00882, -0.928918, 0.370173, -0.002831, 0.902472, -0.152037, -0.403008, -1.2e-05, 0.0, 0.0, 0.0, 1.0],
                [0.43066, 0.335959, 0.837619, 0.124994, 0.008816, -0.929654, 0.368319, -0.002831, 0.902471, -0.151238, -0.403311, -1.2e-05, 0.0, 0.0, 0.0, 1.0],
                [0.430662, 0.334364, 0.838256, 0.124994, 0.008812, -0.930353, 0.366551, -0.002831, 0.90247, -0.150475, -0.403598, -1.2e-05, 0.0, 0.0, 0.0, 1.0],
                [0.430664, 0.332851, 0.838857, 0.124994, 0.008808, -0.931012, 0.364874, -0.002831, 0.902469, -0.149751, -0.403869, -1.2e-05, 0.0, 0.0, 0.0, 1.0],
                [0.430666, 0.331429, 0.839419, 0.124994, 0.008804, -0.931629, 0.363297, -0.002831, 0.902468, -0.149071, -0.404123, -1.2e-05, 0.0, 0.0, 0.0, 1.0],
                [0.430668, 0.3301, 0.839941, 0.124994, 0.008801, -0.932202, 0.361824, -0.002831, 0.902468, -0.148436, -0.404358, -1.2e-05, 0.0, 0.0, 0.0, 1.0],
                [0.430669, 0.328871, 0.840422, 0.124994, 0.008797, -0.932729, 0.360463, -0.002831, 0.902467, -0.147848, -0.404575, -1.2e-05, 0.0, 0.0, 0.0, 1.0],
                [0.43067, 0.327748, 0.84086, 0.124994, 0.008795, -0.933209, 0.359217, -0.002831, 0.902466, -0.147311, -0.404772, -1.2e-05, 0.0, 0.0, 0.0, 1.0],
                [0.430672, 0.326733, 0.841255, 0.124994, 0.008792, -0.933642, 0.358092, -0.002831, 0.902466, -0.146826, -0.40495, -1.2e-05, 0.0, 0.0, 0.0, 1.0],
                [0.430673, 0.325829, 0.841605, 0.124994, 0.00879, -0.934025, 0.35709, -0.002831, 0.902465, -0.146393, -0.405107, -1.2e-05, 0.0, 0.0, 0.0, 1.0],
                [0.430674, 0.325041, 0.841909, 0.124994, 0.008788, -0.934359, 0.356217, -0.002831, 0.902465, -0.146016, -0.405244, -1.2e-05, 0.0, 0.0, 0.0, 1.0],
                [0.430674, 0.324372, 0.842167, 0.124994, 0.008786, -0.934641, 0.355475, -0.002831, 0.902465, -0.145696, -0.40536, -1.2e-05, 0.0, 0.0, 0.0, 1.0],
                [0.430675, 0.323822, 0.842378, 0.124994, 0.008785, -0.934873, 0.354866, -0.002831, 0.902464, -0.145434, -0.405455, -1.2e-05, 0.0, 0.0, 0.0, 1.0],
                [0.430676, 0.323395, 0.842542, 0.124994, 0.008784, -0.935053, 0.354392, -0.002831, 0.902464, -0.145229, -0.405529, -1.2e-05, 0.0, 0.0, 0.0, 1.0],
                [0.430676, 0.323088, 0.842659, 0.124994, 0.008783, -0.935181, 0.354052, -0.002831, 0.902464, -0.145083, -0.405582, -1.2e-05, 0.0, 0.0, 0.0, 1.0],
                [0.430676, 0.322905, 0.842729, 0.124994, 0.008782, -0.935258, 0.35385, -0.002831, 0.902464, -0.144995, -0.405613, -1.2e-05, 0.0, 0.0, 0.0, 1.0],
                [0.430676, 0.322844, 0.842752, 0.124994, 0.008782, -0.935284, 0.353782, -0.002831, 0.902464, -0.144966, -0.405624, -1.2e-05, 0.0, 0.0, 0.0, 1.0]
            ]
        },
        {
            "name": "Leg_R",
            "time": [0.0, 0.0167, 0.0333, 0.05, 0.0667, 0.0833, 0.1, 0.1167, 0.1333, 0.15, 0.1667, 0.1833, 0.2, 0.2167, 0.2333, 0.25, 0.2667, 0.2833, 0.3, 0.3167, 0.3333, 0.35, 0.3667, 0.3833, 0.4, 0.4167, 0.4333, 0.45, 0.4667, 0.4833, 0.5, 0.5167, 0.5333, 0.55, 0.5667, 0.5833, 0.6, 0.6167, 0.6333, 0.65, 0.6667, 0.6833, 0.7, 0.7167, 0.7333, 0.75, 0.7667, 0.7833, 0.8, 0.8167, 0.8333, 0.85, 0.8667, 0.8833, 0.9, 0.9167, 0.9333, 0.95, 0.9667, 0.9833, 1.0, 1.0167, 1.0333, 1.05, 1.0667, 1.0833, 1.1, 1.1167, 1.1333, 1.15, 1.1667, 1.1833, 1.2, 1.2167, 1.2333, 1.25, 1.2667, 1.2833, 1.3, 1.3167, 1.3333, 1.35, 1.3667, 1.3833, 1.4, 1.4167, 1.4333, 1.45, 1.4667, 1.4833, 1.5, 1.5167, 1.5333, 1.55, 1.5667, 1.5833, 1.6, 1.6167, 1.6333, 1.65, 1.6667, 1.6833, 1.7, 1.7167, 1.7333, 1.75, 1.7667, 1.7833, 1.8, 1.8167, 1.8333, 1.85, 1.8667, 1.8833, 1.9, 1.9167, 1.9333, 1.95, 1.9667, 1.9833, 2.0],
            "transform": [
                [1.0, -0.00031, -0.000159, 0.0, 0.000342, 0.960818, 0.277174, 0.375166, 6.7e-05, -0.277183, 0.96082, -0.0, 0.0, 0.0, 0.0, 1.0],
                [1.0, -0.00031, -0.000159, 0.0, 0.000342, 0.960779, 0.277309, 0.375166, 6.7e-05, -0.277318, 0.960781, 0.0, 0.0, 0.0, 0.0, 1.0],
                [1.0, -0.000311, -0.000159, -0.0, 0.000343, 0.960662, 0.277712, 0.375166, 6.7e-05, -0.277721, 0.960664, -0.0, 0.0, 0.0, 0.0, 1.0],
                [1.0, -0.000311, -0.000159, -0.0, 0.000343, 0.960466, 0.278388, 0.375166, 6.6e-05, -0.278397, 0.960469, -0.0, 0.0, 0.0, 0.0, 1.0],
                [1.0, -0.000312, -0.000159, -0.0, 0.000345, 0.960192, 0.279332, 0.375166, 6.6e-05, -0.279341, 0.960195, 0.0, 0.0, 0.0, 0.0, 1.0],
                [1.0, -0.000314, -0.00016, -0.0, 0.000346, 0.959839, 0.280543, 0.375166, 6.6e-05, -0.280552, 0.959841, 0.0, 0.0, 0.0, 0.0, 1.0],
                [1.0, -0.000315, -0.00016, -0.0, 0.000348, 0.959407, 0.282018, 0.375166, 6.5e-05, -0.282027, 0.959409, -0.0, 0.0, 0.0, 0.0, 1.0],
                [1.0, -0.000317, -0.000161, -0.0, 0.00035, 0.958894, 0.283755, 0.375166, 6.4e-05, -0.283765, 0.958897, -0.0, 0.0, 0.0, 0.0, 1.0],
                [1.0, -0.00032, -0.000162, -0.0, 0.000352, 0.958303, 0.285746, 0.375166, 6.4e-05, -0.285756, 0.958305, 0.0, 0.0, 0.0, 0.0, 1.0],
                [1.0, -0.000322, -0.000162, -0.0, 0.000355, 0.957634, 0.28798, 0.375166, 6.3e-05, -0.28799, 0.957636, 0.0, 0.0, 0.0, 0.0, 1.0],
                [1.0, -0.000325, -0.000163, 0.0, 0.000358, 0.956887, 0.290453, 0.375166, 6.2e-05, -0.290463, 0.956889, -0.0, 0.0, 0.0, 0.0, 1.0],
