{
    "animation": [
        {
            "name": "Root",
            "time": [0.0, 0.0167, 0.0333, 0.05, 0.0667, 0.0833, 0.1, 0.1167, 0.1333, 0.15, 0.1667, 0.1833, 0.2, 0.2167, 0.2333, 0.25, 0.2667, 0.2833, 0.3, 0.3167, 0.3333, 0.35, 0.3667, 0.3833, 0.4, 0.4167, 0.4333, 0.45, 0.4667, 0.4833, 0.5, 0.5167, 0.5333, 0.55, 0.5667, 0.5833, 0.6, 0.6167, 0.6333, 0.65, 0.6667, 0.6833, 0.7, 0.7167, 0.7333, 0.75, 0.7667, 0.7833, 0.8, 0.8167, 0.8333, 0.85, 0.8667, 0.8833, 0.9, 0.9167, 0.9333, 0.95, 0.9667, 0.9833, 1.0, 1.0167, 1.0333, 1.05, 1.0667, 1.0833, 1.1, 1.1167, 1.1333, 1.15, 1.1667, 1.1833, 1.2, 1.2167, 1.2333, 1.25, 1.2667, 1.2833, 1.3, 1.3167, 1.3333, 1.35, 1.3667, 1.3833, 1.4, 1.4167, 1.4333, 1.45, 1.4667, 1.4833, 1.5, 1.5167, 1.5333, 1.55, 1.5667, 1.5833, 1.6, 1.6167, 1.6333, 1.65, 1.6667, 1.6833, 1.7, 1.7167, 1.7333, 1.75, 1.7667, 1.7833, 1.8, 1.8167, 1.8333, 1.85, 1.8667, 1.8833, 1.9, 1.9167, 1.9333, 1.95, 1.9667, 1.9833, 2.0],
            "transform": [
                [0.941021, 0.0, -0.338348, -5e-06, -0.338348, 0.0, -0.941021, 0.000946, 0.0, 1.0, 0.0, 0.739346, 0.0, 0.0, 0.0, 1.0],
                [0.941021, 0.0, -0.338348, -5e-06, -0.338348, 0.0, -0.941021, 0.000946, 0.0, 1.0, 0.0, 0.73934, 0.0, 0.0, 0.0, 1.0],
                [0.941021, 0.0, -0.338348, -5e-06, -0.338348, 0.0, -0.941021, 0.000946, 0.0, 1.0, 0.0, 0.739322, 0.0, 0.0, 0.0, 1.0],
                [0.941021, 0.0, -0.338348, -5e-06, -0.338348, 0.0, -0.941021, 0.000946, 0.0, 1.0, 0.0, 0.739292, 0.0, 0.0, 0.0, 1.0],
                [0.941021, 0.0, -0.338348, -5e-06, -0.338348, 0.0, -0.941021, 0.000946, 0.0, 1.0, 0.0, 0.73925, 0.0, 0.0, 0.0, 1.0],
                [0.941021, 0.0, -0.338348, -5e-06, -0.338348, 0.0, -0.941021, 0.000946, 0.0, 1.0, 0.0, 0.739196, 0.0, 0.0, 0.0, 1.0],
                [0.941021, 0.0, -0.338348, -5e-06, -0.338348, 0.0, -0.941021, 0.000946, 0.0, 1.0, 0.0, 0.73913, 0.0, 0.0, 0.0, 1.0],
                [0.941021, 0.0, -0.338348, -5e-06, -0.338348, 0.0, -0.941021, 0.000946, 0.0, 1.0, 0.0, 0.739052, 0.0, 0.0, 0.0, 1.0],
                [0.941021, 0.0, -0.338348, -5e-06, -0.338348, 0.0, -0.941021, 0.000946, 0.0, 1.0, 0.0, 0.738962, 0.0, 0.0, 0.0, 1.0],
                [0.941021, 0.0, -0.338348, -5e-06, -0.338348, 0.0, -0.941021, 0.000946, 0.0, 1.0, 0.0, 0.73886, 0.0, 0.0, 0.0, 1.0],
                [0.941021, 0.0, -0.338348, -5e-06, -0.338348, 0.0, -0.941021, 0.000946, 0.0, 1.0, 0.0, 0.738745, 0.0, 0.0, 0.0, 1.0],
                [0.941021, 0.0, -0.338348, -5e-06, -0.338348, 0.0, -0.941021, 0.000946, 0.0, 1.0, 0.0, 0.738619, 0.0, 0.0, 0.0, 1.0],
                [0.941021, 0.0, -0.338348, -5e-06, -0.338348, 0.0, -0.941021, 0.000946, 0.0, 1.0, 0.0, 0.738482, 0.0, 0.0, 0.0, 1.0],
                [0.941021, 0.0, -0.338348, -5e-06, -0.338348, 0.0, -0.941021, 0.000946, 0.0, 1.0, 0.0, 0.738333, 0.0, 0.0, 0.0, 1.0],
                [0.941021, 0.0, -0.338348, -5e-06, -0.338348, 0.0, -0.941021, 0.000946, 0.0, 1.0, 0.0, 0.738173, 0.0, 0.0, 0.0, 1.0],
                [0.941021, 0.0, -0.338348, -5e-06, -0.338348, 0.0, -0.941021, 0.000946, 0.0, 1.0, 0.0, 0.738002, 0.0, 0.0, 0.0, 1.0],
                [0.941021, 0.0, -0.338348, -5e-06, -0.338348, 0.0, -0.941021, 0.000946, 0.0, 1.0, 0.0, 0.73782, 0.0, 0.0, 0.0, 1.0],
                [0.941021, 0.0, -0.338348, -5e-06, -0.338348, 0.0, -0.941021, 0.000946, 0.0, 1.0, 0.0, 0.737629, 0.0, 0.0, 0.0, 1.0],
                [0.941021, 0.0, -0.338348, -5e-06, -0.338348, 0.0, -0.941021, 0.000946, 0.0, 1.0, 0.0, 0.737427, 0.0, 0.0, 0.0, 1.0],
                [0.941021, 0.0, -0.338348, -5e-06, -0.338348, 0.0, -0.941021, 0.000946, 0.0, 1.0, 0.0, 0.737217, 0.0, 0.0, 0.0, 1.0],
                [0.941021, 0.0, -0.338348, -5e-06, -0.338348, 0.0, -0.941021, 0.000946, 0.0, 1.0, 0.0, 0.736998, 0.0, 0.0, 0.0, 1.0],
                [0.941021, 0.0, -0.338348, -5e-06, -0.338348, 0.0, -0.941021, 0.000946, 0.0, 1.0, 0.0, 0.736771, 0.0, 0.0, 0.0, 1.0],
                [0.941021, 0.0, -0.338348, -5e-06, -0.338348, 0.0, -0.941021, 0.000946, 0.0, 1.0, 0.0, 0.736536, 0.0, 0.0, 0.0, 1.0],
                [0.941021, 0.0, -0.338348, -5e-06, -0.338348, 0.0, -0.941021, 0.000946, 0.0, 1.0, 0.0, 0.736295, 0.0, 0.0, 0.0, 1.0],
                [0.941021, 0.0, -0.338348, -5e-06, -0.338348, 0.0, -0.941021, 0.000946, 0.0, 1.0, 0.0, 0.736048, 0.0, 0.0, 0.0, 1.0],
                [0.941021, 0.0, -0.338348, -5e-06, -0.338348, 0.0, -0.941021, 0.000946, 0.0, 1.0, 0.0, 0.735796, 0.0, 0.0, 0.0, 1.0],
                [0.941021, 0.0, -0.338348, -5e-06, -0.338348, 0.0, -0.941021, 0.000946, 0.0, 1.0, 0.0, 0.735539, 0.0, 0.0, 0.0, 1.0],
                [0.941021, 0.0, -0.338348, -5e-06, -0.338348, 0.0, -0.941021, 0.000946, 0.0, 1.0, 0.0, 0.735279, 0.0, 0.0, 0.0, 1.0],
                [0.941021, 0.0, -0.338348, -5e-06, -0.338348, 0.0, -0.941021, 0.000946, 0.0, 1.0, 0.0, 0.735016, 0.0, 0.0, 0.0, 1.0],
                [0.941021, 0.0, -0.338348, -5e-06, -0.338348, 0.0, -0.941021, 0.000946, 0.0, 1.0, 0.0, 0.734751, 0.0, 0.0, 0.0, 1.0],
                [0.941021, 0.0, -0.338348, -5e-06, -0.338348, 0.0, -0.941021, 0.000946, 0.0, 1.0, 0.0, 0.734486, 0.0, 0.0, 0.0, 1.0],
                [0.941021, 0.0, -0.338348, -5e-06, -0.338348, 0.0, -0.941021, 0.000946, 0.0, 1.0, 0.0, 0.73422, 0.0, 0.0, 0.0, 1.0],
                [0.941021, 0.0, -0.338348, -5e-06, -0.338348, 0.0, -0.941021, 0.000946, 0.0, 1.0, 0.0, 0.733955, 0.0, 0.0, 0.0, 1.0],
                [0.941021, 0.0, -0.338348, -5e-06, -0.338348, 0.0, -0.941021, 0.000946, 0.0, 1.0, 0.0, 0.733692, 0.0, 0.0, 0.0, 1.0],
                [0.941021, 0.0, -0.338348, -5e-06, -0.338348, 0.0, -0.941021, 0.000946, 0.0, 1.0, 0.0, 0.733432, 0.0, 0.0, 0.0, 1.0],
                [0.941021, 0.0, -0.338348, -5e-06, -0.338348, 0.0, -0.941021, 0.000946, 0.0, 1.0, 0.0, 0.733175, 0.0, 0.0, 0.0, 1.0],
                [0.941021, 0.0, -0.338348, -5e-06, -0.338348, 0.0, -0.941021, 0.000946, 0.0, 1.0, 0.0, 0.732923, 0.0, 0.0, 0.0, 1.0],
                [0.941021, 0.0, -0.338348, -5e-06, -0.338348, 0.0, -0.941021, 0.000946, 0.0, 1.0, 0.0, 0.732676, 0.0, 0.0, 0.0, 1.0],
                [0.941021, 0.0, -0.338348, -5e-06, -0.338348, 0.0, -0.941021, 0.000946, 0.0, 1.0, 0.0, 0.732435, 0.0, 0.0, 0.0, 1.0],
                [0.941021, 0.0, -0.338348, -5e-06, -0.338348, 0.0, -0.941021, 0.000946, 0.0, 1.0, 0.0, 0.7322, 0.0, 0.0, 0.0, 1.0],
                [0.941021, 0.0, -0.338348, -5e-06, -0.338348, 0.0, -0.941021, 0.000946, 0.0, 1.0, 0.0, 0.731973, 0.0, 0.0, 0.0, 1.0],
                [0.941021, 0.0, -0.338348, -5e-06, -0.338348, 0.0, -0.941021, 0.000946, 0.0, 1.0, 0.0, 0.731754, 0.0, 0.0, 0.0, 1.0],
                [0.941021, 0.0, -0.338348, -5e-06, -0.338348, 0.0, -0.941021, 0.000946, 0.0, 1.0, 0.0, 0.731544, 0.0, 0.0, 0.0, 1.0],
                [0.941021, 0.0, -0.338348, -5e-06, -0.338348, 0.0, -0.941021, 0.000946, 0.0, 1.0, 0.0, 0.731343, 0.0, 0.0, 0.0, 1.0],
                [0.941021, 0.0, -0.338348, -5e-06, -0.338348, 0.0, -0.941021, 0.000946, 0.0, 1.0, 0.0, 0.731151, 0.0, 0.0, 0.0, 1.0],
                [0.941021, 0.0, -0.338348, -5e-06, -0.338348, 0.0, -0.941021, 0.000946, 0.0, 1.0, 0.0, 0.730969, 0.0, 0.0, 0.0, 1.0],
                [0.941021, 0.0, -0.338348, -5e-06, -0.338348, 0.0, -0.941021, 0.000946, 0.0, 1.0, 0.0, 0.730798, 0.0, 0.0, 0.0, 1.0],
                [0.941021, 0.0, -0.338348, -5e-06, -0.338348, 0.0, -0.941021, 0.000946, 0.0, 1.0, 0.0, 0.730638, 0.0, 0.0, 0.0, 1.0],
                [0.941021, 0.0, -0.338348, -5e-06, -0.338348, 0.0, -0.941021, 0.000946, 0.0, 1.0, 0.0, 0.730489, 0.0, 0.0, 0.0, 1.0],
                [0.941021, 0.0, -0.338348, -5e-06, -0.338348, 0.0, -0.941021, 0.000946, 0.0, 1.0, 0.0, 0.730352, 0.0, 0.0, 0.0, 1.0],
                [0.941021, 0.0, -0.338348, -5e-06, -0.338348, 0.0, -0.941021, 0.000946, 0.0, 1.0, 0.0, 0.730226, 0.0, 0.0, 0.0, 1.0],
                [0.941021, 0.0, -0.338348, -5e-06, -0.338348, 0.0, -0.941021, 0.000946, 0.0, 1.0, 0.0, 0.730112, 0.0, 0.0, 0.0, 1.0],
                [0.941021, 0.0, -0.338348, -5e-06, -0.338348, 0.0, -0.941021, 0.000946, 0.0, 1.0, 0.0, 0.730009, 0.0, 0.0, 0.0, 1.0],
                [0.941021, 0.0, -0.338348, -5e-06, -0.338348, 0.0, -0.941021, 0.000946, 0.0, 1.0, 0.0, 0.729919, 0.0, 0.0, 0.0, 1.0],
                [0.941021, 0.0, -0.338348, -5e-06, -0.338348, 0.0, -0.941021, 0.000946, 0.0, 1.0, 0.0, 0.729841, 0.0, 0.0, 0.0, 1.0],
                [0.941021, 0.0, -0.338348, -5e-06, -0.338348, 0.0, -0.941021, 0.000946, 0.0, 1.0, 0.0, 0.729775, 0.0, 0.0, 0.0, 1.0],
                [0.941021, 0.0, -0.338348, -5e-06, -0.338348, 0.0, -0.941021, 0.000946, 0.0, 1.0, 0.0, 0.729721, 0.0, 0.0, 0.0, 1.0],
                [0.941021, 0.0, -0.338348, -5e-06, -0.338348, 0.0, -0.941021, 0.000946, 0.0, 1.0, 0.0, 0.729679, 0.0, 0.0, 0.0, 1.0],
                [0.941021, 0.0, -0.338348, -5e-06, -0.338348, 0.0, -0.941021, 0.000946, 0.0, 1.0, 0.0, 0.729649, 0.0, 0.0, 0.0, 1.0],
                [0.941021, 0.0, -0.338348, -5e-06, -0.338348, 0.0, -0.941021, 0.000946, 0.0, 1.0, 0.0, 0.729631, 0.0, 0.0, 0.0, 1.0],
                [0.941021, 0.0, -0.338348, -5e-06, -0.338348, 0.0, -0.941021, 0.000946, 0.0, 1.0, 0.0, 0.729625, 0.0, 0.0, 0.0, 1.0],
                [0.941021, 0.0, -0.338348, -5e-06, -0.338348, 0.0, -0.941021, 0.000946, 0.0, 1.0, 0.0, 0.729631, 0.0, 0.0, 0.0, 1.0],
                [0.941021, 0.0, -0.338348, -5e-06, -0.338348, 0.0, -0.941021, 0.000946, 0.0, 1.0, 0.0, 0.729649, 0.0, 0.0, 0.0, 1.0],
                [0.941021, 0.0, -0.338348, -5e-06, -0.338348, 0.0, -0.941021, 0.000946, 0.0, 1.0, 0.0, 0.729679, 0.0, 0.0, 0.0, 1.0],
                [0.941021, 0.0, -0.338348, -5e-06, -0.338348, 0.0, -0.941021, 0.000946, 0.0, 1.0, 0.0, 0.729721, 0.0, 0.0, 0.0, 1.0],
                [0.941021, 0.0, -0.338348, -5e-06, -0.338348, 0.0, -0.941021, 0.000946, 0.0, 1.0, 0.0, 0.729775, 0.0, 0.0, 0.0, 1.0],
                [0.941021, 0.0, -0.338348, -5e-06, -0.338348, 0.0, -0.941021, 0.000946, 0.0, 1.0, 0.0, 0.729841, 0.0, 0.0, 0.0, 1.0],
                [0.941021, 0.0, -0.338348, -5e-06, -0.338348, 0.0, -0.941021, 0.000946, 0.0, 1.0, 0.0, 0.729919, 0.0, 0.0, 0.0, 1.0],
                [0.941021, 0.0, -0.338348, -5e-06, -0.338348, 0.0, -0.941021, 0.000946, 0.0, 1.0, 0.0, 0.730009, 0.0, 0.0, 0.0, 1.0],
                [0.941021, 0.0, -0.338348, -5e-06, -0.338348, 0.0, -0.941021, 0.000946, 0.0, 1.0, 0.0, 0.730112, 0.0, 0.0, 0.0, 1.0],
                [0.941021, 0.0, -0.338348, -5e-06, -0.338348, 0.0, -0.941021, 0.000946, 0.0, 1.0, 0.0, 0.730226, 0.0, 0.0, 0.0, 1.0],
                [0.941021, 0.0, -0.338348, -5e-06, -0.338348, 0.0, -0.941021, 0.000946, 0.0, 1.0, 0.0, 0.730352, 0.0, 0.0, 0.0, 1.0],
                [0.941021, 0.0, -0.338348, -5e-06, -0.338348, 0.0, -0.941021, 0.000946, 0.0, 1.0, 0.0, 0.730489, 0.0, 0.0, 0.0, 1.0],
                [0.941021, 0.0, -0.338348, -5e-06, -0.338348, 0.0, -0.941021, 0.000946, 0.0, 1.0, 0.0, 0.730638, 0.0, 0.0, 0.0, 1.0],
                [0.941021, 0.0, -0.338348, -5e-06, -0.338348, 0.0, -0.941021, 0.000946, 0.0, 1.0, 0.0, 0.730798, 0.0, 0.0, 0.0, 1.0],
                [0.941021, 0.0, -0.338348, -5e-06, -0.338348, 0.0, -0.941021, 0.000946, 0.0, 1.0, 0.0, 0.730969, 0.0, 0.0, 0.0, 1.0],
                [0.941021, 0.0, -0.338348, -5e-06, -0.338348, 0.0, -0.941021, 0.000946, 0.0, 1.0, 0.0, 0.731151, 0.0, 0.0, 0.0, 1.0],
                [0.941021, 0.0, -0.338348, -5e-06, -0.338348, 0.0, -0.941021, 0.000946, 0.0, 1.0, 0.0, 0.731343, 0.0, 0.0, 0.0, 1.0],
                [0.941021, 0.0, -0.338348, -5e-06, -0.338348, 0.0, -0.941021, 0.000946, 0.0, 1.0, 0.0, 0.731544, 0.0, 0.0, 0.0, 1.0],
                [0.941021, 0.0, -0.338348, -5e-06, -0.338348, 0.0, -0.941021, 0.000946, 0.0, 1.0, 0.0, 0.731754, 0.0, 0.0, 0.0, 1.0],
                [0.941021, 0.0, -0.338348, -5e-06, -0.338348, 0.0, -0.941021, 0.000946, 0.0, 1.0, 0.0, 0.731973, 0.0, 0.0, 0.0, 1.0],
                [0.941021, 0.0, -0.338348, -5e-06, -0.338348, 0.0, -0.941021, 0.000946, 0.0, 1.0, 0.0, 0.7322, 0.0, 0.0, 0.0, 1.0],
                [0.941021, 0.0, -0.338348, -5e-06, -0.338348, 0.0, -0.941021, 0.000946, 0.0, 1.0, 0.0, 0.732435, 0.0, 0.0, 0.0, 1.0],
                [0.941021, 0.0, -0.338348, -5e-06, -0.338348, 0.0, -0.941021, 0.000946, 0.0, 1.0, 0.0, 0.732676, 0.0, 0.0, 0.0, 1.0],
                [0.941021, 0.0, -0.338348, -5e-06, -0.338348, 0.0, -0.941021, 0.000946, 0.0, 1.0, 0.0, 0.732923, 0.0, 0.0, 0.0, 1.0],
                [0.941021, 0.0, -0.338348, -5e-06, -0.338348, 0.0, -0.941021, 0.000946, 0.0, 1.0, 0.0, 0.733175, 0.0, 0.0, 0.0, 1.0],
                [0.941021, 0.0, -0.338348, -5e-06, -0.338348, 0.0, -0.941021, 0.000946, 0.0, 1.0, 0.0, 0.733432, 0.0, 0.0, 0.0, 1.0],
                [0.941021, 0.0, -0.338348, -5e-06, -0.338348, 0.0, -0.941021, 0.000946, 0.0, 1.0, 0.0, 0.733692, 0.0, 0.0, 0.0, 1.0],
                [0.941021, 0.0, -0.338348, -5e-06, -0.338348, 0.0, -0.941021, 0.000946, 0.0, 1.0, 0.0, 0.733955, 0.0, 0.0, 0.0, 1.0],
                [0.941021, 0.0, -0.338348, -5e-06, -0.338348, 0.0, -0.941021, 0.000946, 0.0, 1.0, 0.0, 0.73422, 0.0, 0.0, 0.0, 1.0],
                [0.941021, 0.0, -0.338348, -5e-06, -0.338348, 0.0, -0.941021, 0.000946, 0.0, 1.0, 0.0, 0.734486, 0.0, 0.0, 0.0, 1.0],
                [0.941021, 0.0, -0.338348, -5e-06, -0.338348, 0.0, -0.941021, 0.000946, 0.0, 1.0, 0.0, 0.734751, 0.0, 0.0, 0.0, 1.0],
                [0.941021, 0.0, -0.338348, -5e-06, -0.338348, 0.0, -0.941021, 0.000946, 0.0, 1.0, 0.0, 0.735016, 0.0, 0.0, 0.0, 1.0],
                [0.941021, 0.0, -0.338348, -5e-06, -0.338348, 0.0, -0.941021, 0.000946, 0.0, 1.0, 0.0, 0.735279, 0.0, 0.0, 0.0, 1.0],
                [0.941021, 0.0, -0.338348, -5e-06, -0.338348, 0.0, -0.941021, 0.000946, 0.0, 1.0, 0.0, 0.735539, 0.0, 0.0, 0.0, 1.0],
                [0.941021, 0.0, -0.338348, -5e-06, -0.338348, 0.0, -0.941021, 0.000946, 0.0, 1.0, 0.0, 0.735796, 0.0, 0.0, 0.0, 1.0],
                [0.941021, 0.0, -0.338348, -5e-06, -0.338348, 0.0, -0.941021, 0.000946, 0.0, 1.0, 0.0, 0.736048, 0.0, 0.0, 0.0, 1.0],
                [0.941021, 0.0, -0.338348, -5e-06, -0.338348, 0.0, -0.941021, 0.000946, 0.0, 1.0, 0.0, 0.736295, 0.0, 0.0, 0.0, 1.0],
                [0.941021, 0.0, -0.338348, -5e-06, -0.338348, 0.0, -0.941021, 0.000946, 0.0, 1.0, 0.0, 0.736536, 0.0, 0.0, 0.0, 1.0],
                [0.941021, 0.0, -0.338348, -5e-06, -0.338348, 0.0, -0.941021, 0.000946, 0.0, 1.0, 0.0, 0.736771, 0.0, 0.0, 0.0, 1.0],
                [0.941021, 0.0, -0.338348, -5e-06, -0.338348, 0.0, -0.941021, 0.000946, 0.0, 1.0, 0.0, 0.736998, 0.0, 0.0, 0.0, 1.0],
                [0.941021, 0.0, -0.338348, -5e-06, -0.338348, 0.0, -0.941021, 0.000946, 0.0, 1.0, 0.0, 0.737217, 0.0, 0.0, 0.0, 1.0],
                [0.941021, 0.0, -0.338348, -5e-06, -0.338348, 0.0, -0.941021, 0.000946, 0.0, 1.0, 0.0, 0.737427, 0.0, 0.0, 0.0, 1.0],
                [0.941021, 0.0, -0.338348, -5e-06, -0.338348, 0.0, -0.941021, 0.000946, 0.0, 1.0, 0.0, 0.737629, 0.0, 0.0, 0.0, 1.0],
                [0.941021, 0.0, -0.338348, -5e-06, -0.338348, 0.0, -0.941021, 0.000946, 0.0, 1.0, 0.0, 0.73782, 0.0, 0.0, 0.0, 1.0],
                [0.941021, 0.0, -0.338348, -5e-06, -0.338348, 0.0, -0.941021, 0.000946, 0.0, 1.0, 0.0, 0.738002, 0.0, 0.0, 0.0, 1.0],
                [0.941021, 0.0, -0.338348, -5e-06, -0.338348, 0.0, -0.941021, 0.000946, 0.0, 1.0, 0.0, 0.738173, 0.0, 0.0, 0.0, 1.0],
                [0.941021, 0.0, -0.338348, -5e-06, -0.338348, 0.0, -0.941021, 0.000946, 0.0, 1.0, 0.0, 0.738333, 0.0, 0.0, 0.0, 1.0],
                [0.941021, 0.0, -0.338348, -5e-06, -0.338348, 0.0, -0.941021, 0.000946, 0.0, 1.0, 0.0, 0.738482, 0.0, 0.0, 0.0, 1.0],
                [0.941021, 0.0, -0.338348, -5e-06, -0.338348, 0.0, -0.941021, 0.000946, 0.0, 1.0, 0.0, 0.738619, 0.0, 0.0, 0.0, 1.0],
                [0.941021, 0.0, -0.338348, -5e-06, -0.338348, 0.0, -0.941021, 0.000946, 0.0, 1.0, 0.0, 0.738745, 0.0, 0.0, 0.0, 1.0],
                [0.941021, 0.0, -0.338348, -5e-06, -0.338348, 0.0, -0.941021, 0.000946, 0.0, 1.0, 0.0, 0.73886, 0.0, 0.0, 0.0, 1.0],
                [0.941021, 0.0, -0.338348, -5e-06, -0.338348, 0.0, -0.941021, 0.000946, 0.0, 1.0, 0.0, 0.738962, 0.0, 0.0, 0.0, 1.0],
                [0.941021, 0.0, -0.338348, -5e-06, -0.338348, 0.0, -0.941021, 0.000946, 0.0, 1.0, 0.0, 0.739052, 0.0, 0.0, 0.0, 1.0],
                [0.941021, 0.0, -0.338348, -5e-06, -0.338348, 0.0, -0.941021, 0.000946, 0.0, 1.0, 0.0, 0.73913, 0.0, 0.0, 0.0, 1.0],
                [0.941021, 0.0, -0.338348, -5e-06, -0.338348, 0.0, -0.941021, 0.000946, 0.0, 1.0, 0.0, 0.739196, 0.0, 0.0, 0.0, 1.0],
                [0.941021, 0.0, -0.338348, -5e-06, -0.338348, 0.0, -0.941021, 0.000946, 0.0, 1.0, 0.0, 0.73925, 0.0, 0.0, 0.0, 1.0],
                [0.941021, 0.0, -0.338348, -5e-06, -0.338348, 0.0, -0.941021, 0.000946, 0.0, 1.0, 0.0, 0.739292, 0.0, 0.0, 0.0, 1.0],
                [0.941021, 0.0, -0.338348, -5e-06, -0.338348, 0.0, -0.941021, 0.000946, 0.0, 1.0, 0.0, 0.739322, 0.0, 0.0, 0.0, 1.0],
                [0.941021, 0.0, -0.338348, -5e-06, -0.338348, 0.0, -0.941021, 0.000946, 0.0, 1.0, 0.0, 0.73934, 0.0, 0.0, 0.0, 1.0],
                [0.941021, 0.0, -0.338348, -5e-06, -0.338348, 0.0, -0.941021, 0.000946, 0.0, 1.0, 0.0, 0.739346, 0.0, 0.0, 0.0, 1.0]
            ]
        },
        {
            "name": "Thigh_R",
            "time": [0.0, 0.0167, 0.0333, 0.05, 0.0667, 0.0833, 0.1, 0.1167, 0.1333, 0.15, 0.1667, 0.1833, 0.2, 0.2167, 0.2333, 0.25, 0.2667, 0.2833, 0.3, 0.3167, 0.3333, 0.35, 0.3667, 0.3833, 0.4, 0.4167, 0.4333, 0.45, 0.4667, 0.4833, 0.5, 0.5167, 0.5333, 0.55, 0.5667, 0.5833, 0.6, 0.6167, 0.6333, 0.65, 0.6667, 0.6833, 0.7, 0.7167, 0.7333, 0.75, 0.7667, 0.7833, 0.8, 0.8167, 0.8333, 0.85, 0.8667, 0.8833, 0.9, 0.9167, 0.9333, 0.95, 0.9667, 0.9833, 1.0, 1.0167, 1.0333, 1.05, 1.0667, 1.0833, 1.1, 1.1167, 1.1333, 1.15, 1.1667, 1.1833, 1.2, 1.2167, 1.2333, 1.25, 1.2667, 1.2833, 1.3, 1.3167, 1.3333, 1.35, 1.3667, 1.3833, 1.4, 1.4167, 1.4333, 1.45, 1.4667, 1.4833, 1.5, 1.5167, 1.5333, 1.55, 1.5667, 1.5833, 1.6, 1.6167, 1.6333, 1.65, 1.6667, 1.6833, 1.7, 1.7167, 1.7333, 1.75, 1.7667, 1.7833, 1.8, 1.8167, 1.8333, 1.85, 1.8667, 1.8833, 1.9, 1.9167, 1.9333, 1.95, 1.9667, 1.9833, 2.0],
            "transform": [
                [0.990703, 0.115138, 0.072456, 0.124994, 0.119659, -0.99091, -0.061466, -0.002831, 0.064722, 0.069574, -0.995437, -1.2e-05, 0.0, 0.0, 0.0, 1.0],
                [0.990703, 0.115144, 0.07245, 0.124994, 0.11966, -0.990914, -0.061404, -0.002831, 0.064723, 0.069512, -0.995441, -1.2e-05, 0.0, 0.0, 0.0, 1.0],
                [0.990702, 0.115161, 0.07243, 0.124994, 0.119663, -0.990925, -0.061218, -0.002831, 0.064725, 0.069325, -0.995454, -1.2e-05, 0.0, 0.0, 0.0, 1.0],
                [0.990702, 0.115189, 0.072397, 0.124994, 0.119669, -0.990943, -0.060906, -0.002831, 0.064728, 0.069013, -0.995476, -1.2e-05, 0.0, 0.0, 0.0, 1.0],
                [0.9907, 0.115229, 0.072351, 0.124994, 0.119677, -0.990969, -0.060471, -0.002831, 0.064732, 0.068577, -0.995506, -1.2e-05, 0.0, 0.0, 0.0, 1.0],
                [0.990699, 0.115279, 0.072292, 0.124994, 0.119687, -0.991002, -0.059912, -0.002831, 0.064737, 0.068016, -0.995544, -1.2e-05, 0.0, 0.0, 0.0, 1.0],
                [0.990697, 0.115341, 0.07222, 0.124994, 0.1197, -0.991041, -0.059232, -0.002831, 0.064744, 0.067335, -0.99559, -1.2e-05, 0.0, 0.0, 0.0, 1.0],
                [0.990694, 0.115414, 0.072136, 0.124994, 0.119715, -0.991087, -0.058431, -0.002831, 0.064751, 0.066532, -0.995643, -1.2e-05, 0.0, 0.0, 0.0, 1.0],
                [0.990692, 0.115497, 0.072039, 0.124994, 0.119732, -0.991138, -0.057513, -0.002831, 0.06476, 0.065613, -0.995704, -1.2e-05, 0.0, 0.0, 0.0, 1.0],
                [0.990689, 0.115591, 0.07193, 0.124994, 0.119752, -0.991195, -0.056483, -0.002831, 0.06477, 0.06458, -0.995771, -1.2e-05, 0.0, 0.0, 0.0, 1.0],
                [0.990685, 0.115695, 0.07181, 0.124994, 0.119774, -0.991257, -0.055342, -0.002831, 0.064781, 0.063437, -0.995843, -1.2e-05, 0.0, 0.0, 0.0, 1.0],
                [0.990682, 0.115809, 0.071678, 0.124994, 0.119798, -0.991323, -0.054094, -0.002831, 0.064794, 0.062186, -0.995921, -1.2e-05, 0.0, 0.0, 0.0, 1.0],
                [0.990677, 0.115931, 0.071536, 0.124994, 0.119825, -0.991392, -0.052748, -0.002831, 0.064807, 0.060837, -0.996004, -1.2e-05, 0.0, 0.0, 0.0, 1.0],
                [0.990673, 0.116063, 0.071384, 0.124994, 0.119853, -0.991464, -0.051305, -0.002831, 0.064822, 0.059392, -0.99609, -1.2e-05, 0.0, 0.0, 0.0, 1.0],
                [0.990668, 0.116203, 0.071222, 0.124994, 0.119884, -0.991539, -0.049773, -0.002831, 0.064838, 0.057857, -0.996179, -1.2e-05, 0.0, 0.0, 0.0, 1.0],
                [0.990663, 0.11635, 0.071051, 0.124994, 0.119917, -0.991615, -0.048158, -0.002831, 0.064855, 0.056238, -0.996271, -1.2e-05, 0.0, 0.0, 0.0, 1.0],
                [0.990658, 0.116505, 0.070873, 0.124994, 0.119952, -0.991691, -0.046465, -0.002831, 0.064872, 0.054541, -0.996364, -1.2e-05, 0.0, 0.0, 0.0, 1.0],
                [0.990652, 0.116667, 0.070686, 0.124994, 0.119988, -0.991768, -0.044701, -0.002831, 0.064891, 0.052775, -0.996458, -1.2e-05, 0.0, 0.0, 0.0, 1.0],
                [0.990646, 0.116834, 0.070493, 0.124994, 0.120027, -0.991844, -0.042874, -0.002831, 0.064911, 0.050944, -0.996552, -1.2e-05, 0.0, 0.0, 0.0, 1.0],
                [0.99064, 0.117007, 0.070294, 0.124994, 0.120067, -0.991919, -0.040991, -0.002831, 0.064932, 0.049057, -0.996645, -1.2e-05, 0.0, 0.0, 0.0, 1.0],
                [0.990633, 0.117184, 0.07009, 0.124994, 0.120109, -0.991991, -0.039057, -0.002831, 0.064954, 0.047119, -0.996737, -1.2e-05, 0.0, 0.0, 0.0, 1.0],
                [0.990627, 0.117366, 0.069881, 0.124994, 0.120153, -0.992062, -0.037081, -0.002831, 0.064976, 0.045139, -0.996827, -1.2e-05, 0.0, 0.0, 0.0, 1.0],
                [0.99062, 0.117551, 0.069668, 0.124994, 0.120198, -0.99213, -0.03507, -0.002831, 0.064999, 0.043125, -0.996915, -1.2e-05, 0.0, 0.0, 0.0, 1.0],
                [0.990612, 0.117739, 0.069453, 0.124994, 0.120244, -0.992194, -0.033031, -0.002831, 0.065023, 0.041082, -0.997, -1.2e-05, 0.0, 0.0, 0.0, 1.0],
                [0.990605, 0.11793, 0.069235, 0.124994, 0.120291, -0.992255, -0.030971, -0.002831, 0.065048, 0.039018, -0.997081, -1.2e-05, 0.0, 0.0, 0.0, 1.0],
                [0.990598, 0.118121, 0.069015, 0.124994, 0.12034, -0.992311, -0.028898, -0.002831, 0.065073, 0.036941, -0.997159, -1.2e-05, 0.0, 0.0, 0.0, 1.0],
                [0.99059, 0.118314, 0.068795, 0.124994, 0.120389, -0.992364, -0.026818, -0.002831, 0.065099, 0.034858, -0.997232, -1.2e-05, 0.0, 0.0, 0.0, 1.0],
                [0.990582, 0.118506, 0.068575, 0.124994, 0.120439, -0.992412, -0.024739, -0.002831, 0.065125, 0.032775, -0.997301, -1.2e-05, 0.0, 0.0, 0.0, 1.0],
                [0.990574, 0.118699, 0.068355, 0.124994, 0.120489, -0.992455, -0.02267, -0.002831, 0.065151, 0.030702, -0.997365, -1.2e-05, 0.0, 0.0, 0.0, 1.0],
                [0.990566, 0.11889, 0.068137, 0.124994, 0.12054, -0.992494, -0.020615, -0.002831, 0.065177, 0.028643, -0.997425, -1.2e-05, 0.0, 0.0, 0.0, 1.0],
                [0.990559, 0.119079, 0.067922, 0.124994, 0.120591, -0.992528, -0.01858, -0.002831, 0.065204, 0.026606, -0.997479, -1.2e-05, 0.0, 0.0, 0.0, 1.0],
                [0.990551, 0.119267, 0.067708, 0.124994, 0.120642, -0.992557, -0.016571, -0.002831, 0.06523, 0.024593, -0.997529, -1.2e-05, 0.0, 0.0, 0.0, 1.0],
                [0.990543, 0.119451, 0.067499, 0.124994, 0.120693, -0.992582, -0.014594, -0.002831, 0.065257, 0.022612, -0.997574, -1.2e-05, 0.0, 0.0, 0.0, 1.0],
                [0.990535, 0.119633, 0.067293, 0.124994, 0.120743, -0.992602, -0.012654, -0.002831, 0.065283, 0.02067, -0.997615, -1.2e-05, 0.0, 0.0, 0.0, 1.0],
                [0.990527, 0.119811, 0.067091, 0.124994, 0.120793, -0.992619, -0.010757, -0.002831, 0.065309, 0.018769, -0.997651, -1.2e-05, 0.0, 0.0, 0.0, 1.0],
                [0.990519, 0.119984, 0.066895, 0.124994, 0.120842, -0.992631, -0.008907, -0.002831, 0.065335, 0.016916, -0.997682, -1.2e-05, 0.0, 0.0, 0.0, 1.0],
                [0.990512, 0.120153, 0.066703, 0.124994, 0.120891, -0.99264, -0.007108, -0.002831, 0.065361, 0.015114, -0.997709, -1.2e-05, 0.0, 0.0, 0.0, 1.0],
                [0.990504, 0.120317, 0.066518, 0.124994, 0.120938, -0.992645, -0.005365, -0.002831, 0.065385, 0.013368, -0.997733, -1.2e-05, 0.0, 0.0, 0.0, 1.0],
                [0.990497, 0.120476, 0.066339, 0.124994, 0.120985, -0.992647, -0.003681, -0.002831, 0.06541, 0.011682, -0.997752, -1.2e-05, 0.0, 0.0, 0.0, 1.0],
                [0.99049, 0.120629, 0.066166, 0.124994, 0.12103, -0.992646, -0.00206, -0.002831, 0.065433, 0.010058, -0.997769, -1.2e-05, 0.0, 0.0, 0.0, 1.0],
                [0.990483, 0.120776, 0.066, 0.124994, 0.121073, -0.992643, -0.000504, -0.002831, 0.065456, 0.008501, -0.997782, -1.2e-05, 0.0, 0.0, 0.0, 1.0],
                [0.990476, 0.120916, 0.065843, 0.124994, 0.121115, -0.992637, 0.000978, -0.002831, 0.065478, 0.007016, -0.997792, -1.2e-05, 0.0, 0.0, 0.0, 1.0],
                [0.99047, 0.121049, 0.065693, 0.124994, 0.121156, -0.99263, 0.002386, -0.002831, 0.0655, 0.005606, -0.997799, -1.2e-05, 0.0, 0.0, 0.0, 1.0],
                [0.990464, 0.121176, 0.065551, 0.124994, 0.121195, -0.992621, 0.003721, -0.002831, 0.06552, 0.004269, -0.997804, -1.2e-05, 0.0, 0.0, 0.0, 1.0],
                [0.990458, 0.121296, 0.065416, 0.124994, 0.121232, -0.992611, 0.004984, -0.002831, 0.065539, 0.003004, -0.997808, -1.2e-05, 0.0, 0.0, 0.0, 1.0],
                [0.990453, 0.121409, 0.065289, 0.124994, 0.121266, -0.9926, 0.006173, -0.002831, 0.065558, 0.001814, -0.997809, -1.2e-05, 0.0, 0.0, 0.0, 1.0],
                [0.990448, 0.121515, 0.065171, 0.124994, 0.121299, -0.992589, 0.007285, -0.002831, 0.065575, 0.0007, -0.99781, -1.2e-05, 0.0, 0.0, 0.0, 1.0],
                [0.990443, 0.121614, 0.06506, 0.124994, 0.12133, -0.992577, 0.008321, -0.002831, 0.065591, -0.000337, -0.997809, -1.2e-05, 0.0, 0.0, 0.0, 1.0],
                [0.990438, 0.121705, 0.064958, 0.124994, 0.121359, -0.992565, 0.009279, -0.002831, 0.065606, -0.001297, -0.997807, -1.2e-05, 0.0, 0.0, 0.0, 1.0],
                [0.990434, 0.12179, 0.064864, 0.124994, 0.121385, -0.992553, 0.010161, -0.002831, 0.06562, -0.00218, -0.997805, -1.2e-05, 0.0, 0.0, 0.0, 1.0],
                [0.99043, 0.121866, 0.064778, 0.124994, 0.12141, -0.992541, 0.010964, -0.002831, 0.065633, -0.002984, -0.997802, -1.2e-05, 0.0, 0.0, 0.0, 1.0],
                [0.990427, 0.121936, 0.064701, 0.124994, 0.121432, -0.99253, 0.011689, -0.002831, 0.065645, -0.00371, -0.997798, -1.2e-05, 0.0, 0.0, 0.0, 1.0],
                [0.990424, 0.121997, 0.064632, 0.124994, 0.121451, -0.99252, 0.012335, -0.002831, 0.065655, -0.004357, -0.997795, -1.2e-05, 0.0, 0.0, 0.0, 1.0],
                [0.990421, 0.122052, 0.064571, 0.124994, 0.121469, -0.992511, 0.012904, -0.002831, 0.065664, -0.004927, -0.997792, -1.2e-05, 0.0, 0.0, 0.0, 1.0],
                [0.990418, 0.122099, 0.064518, 0.124994, 0.121484, -0.992502, 0.013396, -0.002831, 0.065672, -0.005419, -0.997789, -1.2e-05, 0.0, 0.0, 0.0, 1.0],
                [0.990416, 0.122139, 0.064474, 0.124994, 0.121497, -0.992495, 0.01381, -0.002831, 0.065679, -0.005834, -0.997786, -1.2e-05, 0.0, 0.0, 0.0, 1.0],
                [0.990415, 0.122171, 0.064438, 0.124994, 0.121507, -0.992489, 0.014148, -0.002831, 0.065684, -0.006172, -0.997784, -1.2e-05, 0.0, 0.0, 0.0, 1.0],
                [0.990414, 0.122196, 0.06441, 0.124994, 0.121515, -0.992484, 0.01441, -0.002831, 0.065689, -0.006434, -0.997782, -1.2e-05, 0.0, 0.0, 0.0, 1.0],
                [0.990413, 0.122214, 0.06439, 0.124994, 0.121521, -0.992481, 0.014596, -0.002831, 0.065692, -0.006621, -0.99778, -1.2e-05, 0.0, 0.0, 0.0, 1.0],
                [0.990412, 0.122225, 0.064378, 0.124994, 0.121524, -0.992479, 0.014707, -0.002831, 0.065694, -0.006732, -0.997779, -1.2e-05, 0.0, 0.0, 0.0, 1.0],
                [0.990412, 0.122228, 0.064374, 0.124994, 0.121526, -0.992478, 0.014744, -0.002831, 0.065694, -0.006769, -0.997779, -1.2e-05, 0.0, 0.0, 0.0, 1.0],
                [0.990412, 0.122225, 0.064378, 0.124994, 0.121524, -0.992479, 0.014707, -0.002831, 0.065694, -0.006732, -0.997779, -1.2e-05, 0.0, 0.0, 0.0, 1.0],
                [0.990413, 0.122214, 0.06439, 0.124994, 0.121521, -0.992481, 0.014596, -0.002831, 0.065692, -0.006621, -0.99778, -1.2e-05, 0.0, 0.0, 0.0, 1.0],
                [0.990414, 0.122196, 0.06441, 0.124994, 0.121515, -0.992484, 0.01441, -0.002831, 0.065689, -0.006434, -0.997782, -1.2e-05, 0.0, 0.0, 0.0, 1.0],
                [0.990415, 0.122171, 0.064438, 0.124994, 0.121507, -0.992489, 0.014148, -0.002831, 0.065684, -0.006172, -0.997784, -1.2e-05, 0.0, 0.0, 0.0, 1.0],
                [0.990416, 0.122139, 0.064474, 0.124994, 0.121497, -0.992495, 0.01381, -0.002831, 0.065679, -0.005834, -0.997786, -1.2e-05, 0.0, 0.0, 0.0, 1.0],
                [0.990418, 0.122099, 0.064518, 0.124994, 0.121484, -0.992502, 0.013396, -0.002831, 0.065672, -0.005419, -0.997789, -1.2e-05, 0.0, 0.0, 0.0, 1.0],
                [0.990421, 0.122052, 0.064571, 0.124994, 0.121469, -0.992511, 0.012904, -0.002831, 0.065664, -0.004927, -0.997792, -1.2e-05, 0.0, 0.0, 0.0, 1.0],
                [0.990424, 0.121997, 0.064632, 0.124994, 0.121451, -0.99252, 0.012335, -0.002831, 0.065655, -0.004357, -0.997795, -1.2e-05, 0.0, 0.0, 0.0, 1.0],
                [0.990427, 0.121936, 0.064701, 0.124994, 0.121432, -0.99253, 0.011689, -0.002831, 0.065645, -0.00371, -0.997798, -1.2e-05, 0.0, 0.0, 0.0, 1.0],
                [0.99043, 0.121866, 0.064778, 0.124994, 0.12141, -0.992541, 0.010964, -0.002831, 0.065633, -0.002984, -0.997802, -1.2e-05, 0.0, 0.0, 0.0, 1.0],
                [0.990434, 0.12179, 0.064864, 0.124994, 0.121385, -0.992553, 0.010161, -0.002831, 0.06562, -0.00218, -0.997805, -1.2e-05, 0.0, 0.0, 0.0, 1.0],
                [0.990438, 0.121705, 0.064958, 0.124994, 0.121359, -0.992565, 0.009279, -0.002831, 0.065606, -0.001297, -0.997807, -1.2e-05, 0.0, 0.0, 0.0, 1.0],
                [0.990443, 0.121614, 0.06506, 0.124994, 0.12133, -0.992577, 0.008321, -0.002831, 0.065591, -0.000337, -0.997809, -1.2e-05, 0.0, 0.0, 0.0, 1.0],
                [0.990448, 0.121515, 0.065171, 0.124994, 0.121299, -0.992589, 0.007285, -0.002831, 0.065575, 0.0007, -0.99781, -1.2e-05, 0.0, 0.0, 0.0, 1.0],
                [0.990453, 0.121409, 0.065289, 0.124994, 0.121266, -0.9926, 0.006173, -0.002831, 0.065558, 0.001814, -0.997809, -1.2e-05, 0.0, 0.0, 0.0, 1.0],
                [0.990458, 0.121296, 0.065416, 0.124994, 0.121232, -0.992611, 0.004984, -0.002831, 0.065539, 0.003004, -0.997808, -1.2e-05, 0.0, 0.0, 0.0, 1.0],
                [0.990464, 0.121176, 0.065551, 0.124994, 0.121195, -0.992621, 0.003721, -0.002831, 0.06552, 0.004269, -0.997804, -1.2e-05, 0.0, 0.0, 0.0, 1.0],
                [0.99047, 0.121049, 0.065693, 0.124994, 0.121156, -0.99263, 0.002386, -0.002831, 0.0655, 0.005606, -0.997799, -1.2e-05, 0.0, 0.0, 0.0, 1.0],
                [0.990476, 0.120916, 0.065843, 0.124994, 0.121115, -0.992637, 0.000978, -0.002831, 0.065478, 0.007016, -0.997792, -1.2e-05, 0.0, 0.0, 0.0, 1.0],
                [0.990483, 0.120776, 0.066, 0.124994, 0.121073, -0.992643, -0.000504, -0.002831, 0.065456, 0.008501, -0.997782, -1.2e-05, 0.0, 0.0, 0.0, 1.0],
                [0.99049, 0.120629, 0.066166, 0.124994, 0.12103, -0.992646, -0.00206, -0.002831, 0.065433, 0.010058, -0.997769, -1.2e-05, 0.0, 0.0, 0.0, 1.0],
                [0.990497, 0.120476, 0.066339, 0.124994, 0.120985, -0.992647, -0.003681, -0.002831, 0.06541, 0.011682, -0.997752, -1.2e-05, 0.0, 0.0, 0.0, 1.0],
                [0.990504, 0.120317, 0.066518, 0.124994, 0.120938, -0.992645, -0.005365, -0.002831, 0.065385, 0.013368, -0.997733, -1.2e-05, 0.0, 0.0, 0.0, 1.0],
                [0.990512, 0.120153, 0.066703, 0.124994, 0.120891, -0.99264, -0.007108, -0.002831, 0.065361, 0.015114, -0.997709, -1.2e-05, 0.0, 0.0, 0.0, 1.0],
                [0.990519, 0.119984, 0.066895, 0.124994, 0.120842, -0.992631, -0.008907, -0.002831, 0.065335, 0.016916, -0.997682, -1.2e-05, 0.0, 0.0, 0.0, 1.0],
                [0.990527, 0.119811, 0.067091, 0.124994, 0.120793, -0.992619, -0.010757, -0.002831, 0.065309, 0.018769, -0.997651, -1.2e-05, 0.0, 0.0, 0.0, 1.0],
                [0.990535, 0.119633, 0.067293, 0.124994, 0.120743, -0.992602, -0.012654, -0.002831, 0.065283, 0.02067, -0.997615, -1.2e-05, 0.0, 0.0, 0.0, 1.0],
                [0.990543, 0.119451, 0.067499, 0.124994, 0.120693, -0.992582, -0.014594, -0.002831, 0.065257, 0.022612, -0.997574, -1.2e-05, 0.0, 0.0, 0.0, 1.0],
                [0.990551, 0.119267, 0.067708, 0.124994, 0.120642, -0.992557, -0.016571, -0.002831, 0.06523, 0.024593, -0.997529, -1.2e-05, 0.0, 0.0, 0.0, 1.0],
                [0.990559, 0.119079, 0.067922, 0.124994, 0.120591, -0.992528, -0.01858, -0.002831, 0.065204, 0.026606, -0.997479, -1.2e-05, 0.0, 0.0, 0.0, 1.0],
                [0.990566, 0.11889, 0.068137, 0.124994, 0.12054, -0.992494, -0.020615, -0.002831, 0.065177, 0.028643, -0.997425, -1.2e-05, 0.0, 0.0, 0.0, 1.0],
                [0.990574, 0.118699, 0.068355, 0.124994, 0.120489, -0.992455, -0.02267, -0.002831, 0.065151, 0.030702, -0.997365, -1.2e-05, 0.0, 0.0, 0.0, 1.0],
                [0.990582, 0.118506, 0.068575, 0.124994, 0.120439, -0.992412, -0.024739, -0.002831, 0.065125, 0.032775, -0.997301, -1.2e-05, 0.0, 0.0, 0.0, 1.0],
                [0.99059, 0.118314, 0.068795, 0.124994, 0.120389, -0.992364, -0.026818, -0.002831, 0.065099, 0.034858, -0.997232, -1.2e-05, 0.0, 0.0, 0.0, 1.0],
                [0.990598, 0.118121, 0.069015, 0.124994, 0.12034, -0.992311, -0.028898, -0.002831, 0.065073, 0.036941, -0.997159, -1.2e-05, 0.0, 0.0, 0.0, 1.0],
                [0.990605, 0.11793, 0.069235, 0.124994, 0.120291, -0.992255, -0.030971, -0.002831, 0.065048, 0.039018, -0.997081, -1.2e-05, 0.0, 0.0, 0.0, 1.0],
                [0.990612, 0.117739, 0.069453, 0.124994, 0.120244, -0.992194, -0.033031, -0.002831, 0.065023, 0.041082, -0.997, -1.2e-05, 0.0, 0.0, 0.0, 1.0],
                [0.99062, 0.117551, 0.069668, 0.124994, 0.120198, -0.99213, -0.03507, -0.002831, 0.064999, 0.043125, -0.996915, -1.2e-05, 0.0, 0.0, 0.0, 1.0],
                [0.990627, 0.117366, 0.069881, 0.124994, 0.120153, -0.992062, -0.037081, -0.002831, 0.064976, 0.045139, -0.996827, -1.2e-05, 0.0, 0.0, 0.0, 1.0],
                [0.990633, 0.117184, 0.07009, 0.124994, 0.120109, -0.991991, -0.039057, -0.002831, 0.064954, 0.047119, -0.996737, -1.2e-05, 0.0, 0.0, 0.0, 1.0],
                [0.99064, 0.117007, 0.070294, 0.124994, 0.120067, -0.991919, -0.040991, -0.002831, 0.064932, 0.049057, -0.996645, -1.2e-05, 0.0, 0.0, 0.0, 1.0],
                [0.990646, 0.116834, 0.070493, 0.124994, 0.120027, -0.991844, -0.042874, -0.002831, 0.064911, 0.050944, -0.996552, -1.2e-05, 0.0, 0.0, 0.0, 1.0],
                [0.990652, 0.116667, 0.070686, 0.124994, 0.119988, -0.991768, -0.044701, -0.002831, 0.064891, 0.052775, -0.996458, -1.2e-05, 0.0, 0.0, 0.0, 1.0],
                [0.990658, 0.116505, 0.070873, 0.124994, 0.119952, -0.991691, -0.046465, -0.002831, 0.064872, 0.054541, -0.996364, -1.2e-05, 0.0, 0.0, 0.0, 1.0],
                [0.990663, 0.11635, 0.071051, 0.124994, 0.119917, -0.991615, -0.048158, -0.002831, 0.064855, 0.056238, -0.996271, -1.2e-05, 0.0, 0.0, 0.0, 1.0],
                [0.990668, 0.116203, 0.071222, 0.124994, 0.119884, -0.991539, -0.049773, -0.002831, 0.064838, 0.057857, -0.996179, -1.2e-05, 0.0, 0.0, 0.0, 1.0],
                [0.990673, 0.116063, 0.071384, 0.124994, 0.119853, -0.991464, -0.051305, -0.002831, 0.064822, 0.059392, -0.99609, -1.2e-05, 0.0, 0.0, 0.0, 1.0],
                [0.990677, 0.115931, 0.071536, 0.124994, 0.119825, -0.991392, -0.052748, -0.002831, 0.064807, 0.060837, -0.996004, -1.2e-05, 0.0, 0.0, 0.0, 1.0],
                [0.990682, 0.115809, 0.071678, 0.124994, 0.119798, -0.991323, -0.054094, -0.002831, 0.064794, 0.062186, -0.995921, -1.2e-05, 0.0, 0.0, 0.0, 1.0],
                [0.990685, 0.115695, 0.07181, 0.124994, 0.119774, -0.991257, -0.055342, -0.002831, 0.064781, 0.063437, -0.995843, -1.2e-05, 0.0, 0.0, 0.0, 1.0],
                [0.990689, 0.115591, 0.07193, 0.124994, 0.119752, -0.991195, -0.056483, -0.002831, 0.06477, 0.06458, -0.995771, -1.2e-05, 0.0, 0.0, 0.0, 1.0],
                [0.990692, 0.115497, 0.072039, 0.124994, 0.119732, -0.991138, -0.057513, -0.002831, 0.06476, 0.065613, -0.995704, -1.2e-05, 0.0, 0.0, 0.0, 1.0],
                [0.990694, 0.115414, 0.072136, 0.124994, 0.119715, -0.991087, -0.058431, -0.002831, 0.064751, 0.066532, -0.995643, -1.2e-05, 0.0, 0.0, 0.0, 1.0],
                [0.990697, 0.115341, 0.07222, 0.124994, 0.1197, -0.991041, -0.059232, -0.002831, 0.064744, 0.067335, -0.99559, -1.2e-05, 0.0, 0.0, 0.0, 1.0],
                [0.990699, 0.115279, 0.072292, 0.124994, 0.119687, -0.991002, -0.059912, -0.002831, 0.064737, 0.068016, -0.995544, -1.2e-05, 0.0, 0.0, 0.0, 1.0],
                [0.9907, 0.115229, 0.072351, 0.124994, 0.119677, -0.990969, -0.060471, -0.002831, 0.064732, 0.068577, -0.995506, -1.2e-05, 0.0, 0.0, 0.0, 1.0],
                [0.990702, 0.115189, 0.072397, 0.124994, 0.119669, -0.990943, -0.060906, -0.002831, 0.064728, 0.069013, -0.995476, -1.2e-05, 0.0, 0.0, 0.0, 1.0],
                [0.990702, 0.115161, 0.07243, 0.124994, 0.119663, -0.990925, -0.061218, -0.002831, 0.064725, 0.069325, -0.995454, -1.2e-05, 0.0, 0.0, 0.0, 1.0],
                [0.990703, 0.115144, 0.07245, 0.124994, 0.11966, -0.990914, -0.061404, -0.002831, 0.064723, 0.069512, -0.995441, -1.2e-05, 0.0, 0.0, 0.0, 1.0],
                [0.990703, 0.115138, 0.072456, 0.124994, 0.119659, -0.99091, -0.061466, -0.002831, 0.064722, 0.069574, -0.995437, -1.2e-05, 0.0, 0.0, 0.0, 1.0]
            ]
        },
        {
            "name": "Leg_R",
            "time": [0.0, 0.0167, 0.0333, 0.05, 0.0667, 0.0833, 0.1, 0.1167, 0.1333, 0.15, 0.1667, 0.1833, 0.2, 0.2167, 0.2333, 0.25, 0.2667, 0.2833, 0.3, 0.3167, 0.3333, 0.35, 0.3667, 0.3833, 0.4, 0.4167, 0.4333, 0.45, 0.4667, 0.4833, 0.5, 0.5167, 0.5333, 0.55, 0.5667, 0.5833, 0.6, 0.6167, 0.6333, 0.65, 0.6667, 0.6833, 0.7, 0.7167, 0.7333, 0.75, 0.7667, 0.7833, 0.8, 0.8167, 0.8333, 0.85, 0.8667, 0.8833, 0.9, 0.9167, 0.9333, 0.95, 0.9667, 0.9833, 1.0, 1.0167, 1.0333, 1.05, 1.0667, 1.0833, 1.1, 1.1167, 1.1333, 1.15, 1.1667, 1.1833, 1.2, 1.2167, 1.2333, 1.25, 1.2667, 1.2833, 1.3, 1.3167, 1.3333, 1.35, 1.3667, 1.3833, 1.4, 1.4167, 1.4333, 1.45, 1.4667, 1.4833, 1.5, 1.5167, 1.5333, 1.55, 1.5667, 1.5833, 1.6, 1.6167, 1.6333, 1.65, 1.6667, 1.6833, 1.7, 1.7167, 1.7333, 1.75, 1.7667, 1.7833, 1.8, 1.8167, 1.8333, 1.85, 1.8667, 1.8833, 1.9, 1.9167, 1.9333, 1.95, 1.9667, 1.9833, 2.0],
            "transform": [
                [1.0, -0.000268, -0.000148, -0.0, 0.000295, 0.970946, 0.239292, 0.375166, 7.9e-05, -0.239299, 0.970948, -0.0, 0.0, 0.0, 0.0, 1.0],
                [1.0, -0.000268, -0.000148, -0.0, 0.000295, 0.970916, 0.239416, 0.375166, 7.9e-05, -0.239422, 0.970917, 0.0, 0.0, 0.0, 0.0, 1.0],
                [1.0, -0.000268, -0.000148, 0.0, 0.000296, 0.970824, 0.239789, 0.375166, 7.9e-05, -0.239795, 0.970825, -0.0, 0.0, 0.0, 0.0, 1.0],
                [1.0, -0.000269, -0.000148, 0.0, 0.000297, 0.970669, 0.240412, 0.375166, 7.9e-05, -0.240419, 0.970671, -0.0, 0.0, 0.0, 0.0, 1.0],
                [1.0, -0.00027, -0.000148, 0.0, 0.000298, 0.970453, 0.241283, 0.375166, 7.9e-05, -0.241289, 0.970455, 0.0, 0.0, 0.0, 0.0, 1.0],
                [1.0, -0.000271, -0.000148, -0.0, 0.000299, 0.970174, 0.242402, 0.375166, 7.8e-05, -0.242408, 0.970176, -0.0, 0.0, 0.0, 0.0, 1.0],
                [1.0, -0.000273, -0.000149, 0.0, 0.000301, 0.969834, 0.243761, 0.375166, 7.8e-05, -0.243768, 0.969835, -0.0, 0.0, 0.0, 0.0, 1.0],
                [1.0, -0.000274, -0.000149, 0.0, 0.000303, 0.96943, 0.245363, 0.375166, 7.7e-05, -0.245369, 0.969431, 0.0, 0.0, 0.0, 0.0, 1.0],
                [1.0, -0.000276, -0.00015, 0.0, 0.000305, 0.968964, 0.247197, 0.375166, 7.7e-05, -0.247204, 0.968965, 0.0, 0.0, 0.0, 0.0, 1.0],
