{
    "animation": [
        {
            "name": "Root",
            "time": [0.0, 0.0167, 0.0333, 0.05, 0.0667, 0.0833, 0.1, 0.1167, 0.1333, 0.15, 0.1667, 0.1833, 0.2, 0.2167, 0.2333, 0.25, 0.2667, 0.2833, 0.3, 0.3167, 0.3333, 0.35, 0.3667, 0.3833, 0.4, 0.4167, 0.4333, 0.45, 0.4667, 0.4833, 0.5, 0.5167, 0.5333, 0.55, 0.5667, 0.5833, 0.6, 0.6167, 0.6333, 0.65, 0.6667, 0.6833, 0.7, 0.7167, 0.7333, 0.75, 0.7667, 0.7833, 0.8, 0.8167, 0.8333, 0.85, 0.8667, 0.8833, 0.9, 0.9167, 0.9333, 0.95, 0.9667, 0.9833, 1.0, 1.0167, 1.0333, 1.05, 1.0667, 1.0833, 1.1, 1.1167, 1.1333, 1.15, 1.1667, 1.1833, 1.2, 1.2167, 1.2333, 1.25, 1.2667, 1.2833, 1.3, 1.3167, 1.3333, 1.35, 1.3667, 1.3833, 1.4, 1.4167, 1.4333, 1.45, 1.4667, 1.4833, 1.5],
            "transform": [
                [0.900842, 0.0, -0.434148, -5e-06, -0.434148, 0.0, -0.900842, 0.000946, 0.0, 1.0, 0.0, 0.739346, 0.0, 0.0, 0.0, 1.0],
                [0.883965, 0.0, -0.467553, -5e-06, -0.467553, 0.0, -0.883965, 0.000946, 0.0, 1.0, 0.0, 0.739346, 0.0, 0.0, 0.0, 1.0],
                [0.836076, 0.0, -0.548614, -5e-06, -0.548614, 0.0, -0.836076, 0.000946, 0.0, 1.0, 0.0, 0.739346, 0.0, 0.0, 0.0, 1.0],
                [0.76232, 0.0, -0.6472, -5e-06, -0.6472, 0.0, -0.76232, 0.000946, 0.0, 1.0, 0.0, 0.739346, 0.0, 0.0, 0.0, 1.0],
                [0.677009, 0.0, -0.735975, -5e-06, -0.735975, 0.0, -0.677009, 0.000946, 0.0, 1.0, 0.0, 0.739346, 0.0, 0.0, 0.0, 1.0],
                [0.604792, 0.0, -0.796383, -5e-06, -0.796383, 0.0, -0.604792, 0.000946, 0.0, 1.0, 0.0, 0.739346, 0.0, 0.0, 0.0, 1.0],
                [0.574569, 0.0, -0.818456, -5e-06, -0.818456, 0.0, -0.574569, 0.000946, 0.0, 1.0, 0.0, 0.739346, 0.0, 0.0, 0.0, 1.0],
                [0.574569, 0.0, -0.818456, 7.9e-05, -0.818456, 0.0, -0.574569, 0.001027, 0.0, 1.0, 0.0, 0.739346, 0.0, 0.0, 0.0, 1.0],
                [0.574569, 0.0, -0.818456, 0.000498, -0.818456, 0.0, -0.574569, 0.001666, 0.0, 1.0, 0.0, 0.739346, 0.0, 0.0, 0.0, 1.0],
                [0.574569, 0.0, -0.818456, 0.001509, -0.818456, 0.0, -0.574569, 0.003464, 0.0, 1.0, 0.0, 0.739346, 0.0, 0.0, 0.0, 1.0],
                [0.574569, 0.0, -0.818456, 0.003366, -0.818456, 0.0, -0.574569, 0.007019, 0.0, 1.0, 0.0, 0.739346, 0.0, 0.0, 0.0, 1.0],
                [0.574569, 0.0, -0.818456, 0.006326, -0.818456, 0.0, -0.574569, 0.012929, 0.0, 1.0, 0.0, 0.739346, 0.0, 0.0, 0.0, 1.0],
                [0.574569, 0.0, -0.818456, 0.010642, -0.818456, 0.0, -0.574569, 0.021793, 0.0, 1.0, 0.0, 0.739346, 0.0, 0.0, 0.0, 1.0],
                [0.623992, 0.0, -0.78143, 0.015506, -0.78143, 0.0, -0.623992, 0.041659, 0.0, 1.0, 0.0, 0.721908, 0.0, 0.0, 0.0, 1.0],
                [0.738689, 0.0, -0.674046, 0.014602, -0.674046, 0.0, -0.738689, 0.074393, 0.0, 1.0, 0.0, 0.678312, 0.0, 0.0, 0.0, 1.0],
                [0.862005, 0.0, -0.506899, 0.001616, -0.506899, 0.0, -0.862005, 0.108621, 0.0, 1.0, 0.0, 0.621637, 0.0, 0.0, 0.0, 1.0],
                [0.94813, 0.0, -0.317883, -0.022568, -0.317883, 0.0, -0.94813, 0.13582, 0.0, 1.0, 0.0, 0.564963, 0.0, 0.0, 0.0, 1.0],
                [0.986218, 0.0, -0.165449, -0.051051, -0.165449, 0.0, -0.986218, 0.158184, 0.0, 1.0, 0.0, 0.521367, 0.0, 0.0, 0.0, 1.0],
                [0.99455, 0.0, -0.104259, -0.074895, -0.104259, 0.0, -0.99455, 0.188874, 0.0, 1.0, 0.0, 0.503929, 0.0, 0.0, 0.0, 1.0],
                [0.99455, 0.0, -0.104259, -0.087616, -0.104259, 0.0, -0.99455, 0.232468, 0.0, 1.0, 0.0, 0.503929, 0.0, 0.0, 0.0, 1.0],
                [0.99455, 0.0, -0.104259, -0.092616, -0.104259, 0.0, -0.99455, 0.278959, 0.0, 1.0, 0.0, 0.503929, 0.0, 0.0, 0.0, 1.0],
                [0.99455, 0.0, -0.104259, -0.092305, -0.104259, 0.0, -0.99455, 0.323519, 0.0, 1.0, 0.0, 0.503929, 0.0, 0.0, 0.0, 1.0],
                [0.99455, 0.0, -0.104259, -0.089097, -0.104259, 0.0, -0.99455, 0.361324, 0.0, 1.0, 0.0, 0.503929, 0.0, 0.0, 0.0, 1.0],
                [0.99455, 0.0, -0.104259, -0.085402, -0.104259, 0.0, -0.99455, 0.387545, 0.0, 1.0, 0.0, 0.503929, 0.0, 0.0, 0.0, 1.0],
                [0.99455, 0.0, -0.104259, -0.083635, -0.104259, 0.0, -0.99455, 0.397358, 0.0, 1.0, 0.0, 0.503929, 0.0, 0.0, 0.0, 1.0],
                [0.99455, 0.0, -0.104259, -0.083635, -0.104259, 0.0, -0.99455, 0.397358, 0.0, 1.0, 0.0, 0.503929, 0.0, 0.0, 0.0, 1.0],
                [0.99455, 0.0, -0.104259, -0.083635, -0.104259, 0.0, -0.99455, 0.397358, 0.0, 1.0, 0.0, 0.503929, 0.0, 0.0, 0.0, 1.0],
                [0.99455, 0.0, -0.104259, -0.083635, -0.104259, 0.0, -0.99455, 0.397358, 0.0, 1.0, 0.0, 0.503929, 0.0, 0.0, 0.0, 1.0],
                [0.99455, 0.0, -0.104259, -0.083635, -0.104259, 0.0, -0.99455, 0.397358, 0.0, 1.0, 0.0, 0.503929, 0.0, 0.0, 0.0, 1.0],
                [0.99455, 0.0, -0.104259, -0.083635, -0.104259, 0.0, -0.99455, 0.397358, 0.0, 1.0, 0.0, 0.503929, 0.0, 0.0, 0.0, 1.0],
                [0.99455, 0.0, -0.104259, -0.083635, -0.104259, 0.0, -0.99455, 0.397358, 0.0, 1.0, 0.0, 0.503929, 0.0, 0.0, 0.0, 1.0],
                [0.99455, 0.0, -0.104259, -0.083635, -0.104259, 0.0, -0.99455, 0.397358, 0.0, 1.0, 0.0, 0.503929, 0.0, 0.0, 0.0, 1.0],
                [0.99455, 0.0, -0.104259, -0.083635, -0.104259, 0.0, -0.99455, 0.397358, 0.0, 1.0, 0.0, 0.503929, 0.0, 0.0, 0.0, 1.0],
                [0.99455, 0.0, -0.104259, -0.083635, -0.104259, 0.0, -0.99455, 0.397358, 0.0, 1.0, 0.0, 0.503929, 0.0, 0.0, 0.0, 1.0],
                [0.99455, 0.0, -0.104259, -0.083635, -0.104259, 0.0, -0.99455, 0.397358, 0.0, 1.0, 0.0, 0.503929, 0.0, 0.0, 0.0, 1.0],
                [0.99455, 0.0, -0.104259, -0.083635, -0.104259, 0.0, -0.99455, 0.397358, 0.0, 1.0, 0.0, 0.503929, 0.0, 0.0, 0.0, 1.0],
                [0.99455, 0.0, -0.104259, -0.083635, -0.104259, 0.0, -0.99455, 0.397358, 0.0, 1.0, 0.0, 0.503929, 0.0, 0.0, 0.0, 1.0],
                [0.99455, 0.0, -0.104259, -0.083635, -0.104259, 0.0, -0.99455, 0.397358, 0.0, 1.0, 0.0, 0.503929, 0.0, 0.0, 0.0, 1.0],
                [0.99455, 0.0, -0.104259, -0.083635, -0.104259, 0.0, -0.99455, 0.397358, 0.0, 1.0, 0.0, 0.503929, 0.0, 0.0, 0.0, 1.0],
                [0.99455, 0.0, -0.104259, -0.083635, -0.104259, 0.0, -0.99455, 0.397358, 0.0, 1.0, 0.0, 0.503929, 0.0, 0.0, 0.0, 1.0],
                [0.99455, 0.0, -0.104259, -0.083635, -0.104259, 0.0, -0.99455, 0.397358, 0.0, 1.0, 0.0, 0.503929, 0.0, 0.0, 0.0, 1.0],
                [0.99455, 0.0, -0.104259, -0.083635, -0.104259, 0.0, -0.99455, 0.397358, 0.0, 1.0, 0.0, 0.503929, 0.0, 0.0, 0.0, 1.0],
                [0.99455, 0.0, -0.104259, -0.083635, -0.104259, 0.0, -0.99455, 0.397358, 0.0, 1.0, 0.0, 0.503929, 0.0, 0.0, 0.0, 1.0],
                [0.99455, 0.0, -0.104259, -0.083635, -0.104259, 0.0, -0.99455, 0.397358, 0.0, 1.0, 0.0, 0.503929, 0.0, 0.0, 0.0, 1.0],
                [0.99455, 0.0, -0.104259, -0.083635, -0.104259, 0.0, -0.99455, 0.397358, 0.0, 1.0, 0.0, 0.503929, 0.0, 0.0, 0.0, 1.0],
                [0.99455, 0.0, -0.104259, -0.083635, -0.104259, 0.0, -0.99455, 0.397358, 0.0, 1.0, 0.0, 0.503929, 0.0, 0.0, 0.0, 1.0],
                [0.99455, 0.0, -0.104259, -0.083635, -0.104259, 0.0, -0.99455, 0.397358, 0.0, 1.0, 0.0, 0.503929, 0.0, 0.0, 0.0, 1.0],
                [0.99455, 0.0, -0.104259, -0.083635, -0.104259, 0.0, -0.99455, 0.397358, 0.0, 1.0, 0.0, 0.503929, 0.0, 0.0, 0.0, 1.0],
                [0.99455, 0.0, -0.104259, -0.083635, -0.104259, 0.0, -0.99455, 0.397358, 0.0, 1.0, 0.0, 0.503929, 0.0, 0.0, 0.0, 1.0],
                [0.994493, 0.0, -0.104799, -0.08308, -0.104799, 0.0, -0.994493, 0.397515, 0.0, 1.0, 0.0, 0.504323, 0.0, 0.0, 0.0, 1.0],
                [0.994325, 0.0, -0.106386, -0.081456, -0.106386, 0.0, -0.994325, 0.397966, 0.0, 1.0, 0.0, 0.50548, 0.0, 0.0, 0.0, 1.0],
                [0.994045, 0.0, -0.108973, -0.078839, -0.108973, 0.0, -0.994045, 0.398674, 0.0, 1.0, 0.0, 0.507361, 0.0, 0.0, 0.0, 1.0],
                [0.99365, 0.0, -0.112514, -0.075312, -0.112514, 0.0, -0.99365, 0.399589, 0.0, 1.0, 0.0, 0.509928, 0.0, 0.0, 0.0, 1.0],
                [0.993136, 0.0, -0.116966, -0.07097, -0.116966, 0.0, -0.993136, 0.400653, 0.0, 1.0, 0.0, 0.513144, 0.0, 0.0, 0.0, 1.0],
                [0.992495, 0.0, -0.122285, -0.065916, -0.122285, 0.0, -0.992495, 0.4018, 0.0, 1.0, 0.0, 0.51697, 0.0, 0.0, 0.0, 1.0],
                [0.991719, 0.0, -0.128429, -0.060259, -0.128429, 0.0, -0.991719, 0.402962, 0.0, 1.0, 0.0, 0.521367, 0.0, 0.0, 0.0, 1.0],
                [0.990797, 0.0, -0.135355, -0.054118, -0.135355, 0.0, -0.990797, 0.40407, 0.0, 1.0, 0.0, 0.526299, 0.0, 0.0, 0.0, 1.0],
                [0.98972, 0.0, -0.143019, -0.047612, -0.143019, 0.0, -0.98972, 0.405056, 0.0, 1.0, 0.0, 0.531726, 0.0, 0.0, 0.0, 1.0],
                [0.988477, 0.0, -0.151374, -0.040867, -0.151374, 0.0, -0.988477, 0.405857, 0.0, 1.0, 0.0, 0.537611, 0.0, 0.0, 0.0, 1.0],
                [0.987056, 0.0, -0.160372, -0.03401, -0.160372, 0.0, -0.987056, 0.406416, 0.0, 1.0, 0.0, 0.543915, 0.0, 0.0, 0.0, 1.0],
                [0.98545, 0.0, -0.169964, -0.027168, -0.169964, 0.0, -0.98545, 0.406682, 0.0, 1.0, 0.0, 0.550601, 0.0, 0.0, 0.0, 1.0],
                [0.983649, 0.0, -0.180094, -0.020466, -0.180094, 0.0, -0.983649, 0.406615, 0.0, 1.0, 0.0, 0.557629, 0.0, 0.0, 0.0, 1.0],
                [0.981647, 0.0, -0.190707, -0.014029, -0.190707, 0.0, -0.981647, 0.406186, 0.0, 1.0, 0.0, 0.564963, 0.0, 0.0, 0.0, 1.0],
                [0.979438, 0.0, -0.201743, -0.007972, -0.201743, 0.0, -0.979438, 0.405378, 0.0, 1.0, 0.0, 0.572564, 0.0, 0.0, 0.0, 1.0],
                [0.977021, 0.0, -0.213142, -0.002406, -0.213142, 0.0, -0.977021, 0.404183, 0.0, 1.0, 0.0, 0.580393, 0.0, 0.0, 0.0, 1.0],
                [0.974396, 0.0, -0.224838, 0.002569, -0.224838, 0.0, -0.974396, 0.402607, 0.0, 1.0, 0.0, 0.588413, 0.0, 0.0, 0.0, 1.0],
                [0.971567, 0.0, -0.236765, 0.006865, -0.236765, 0.0, -0.971567, 0.400669, 0.0, 1.0, 0.0, 0.596586, 0.0, 0.0, 0.0, 1.0],
                [0.968541, 0.0, -0.248856, 0.010406, -0.248856, 0.0, -0.968541, 0.398395, 0.0, 1.0, 0.0, 0.604873, 0.0, 0.0, 0.0, 1.0],
                [0.965328, 0.0, -0.261041, 0.013133, -0.261041, 0.0, -0.965328, 0.395824, 0.0, 1.0, 0.0, 0.613236, 0.0, 0.0, 0.0, 1.0],
                [0.961943, 0.0, -0.27325, 0.015004, -0.27325, 0.0, -0.961943, 0.393002, 0.0, 1.0, 0.0, 0.621637, 0.0, 0.0, 0.0, 1.0],
                [0.958404, 0.0, -0.285416, 0.015994, -0.285416, 0.0, -0.958404, 0.389979, 0.0, 1.0, 0.0, 0.630039, 0.0, 0.0, 0.0, 1.0],
                [0.954731, 0.0, -0.297471, 0.016095, -0.297471, 0.0, -0.954731, 0.386812, 0.0, 1.0, 0.0, 0.638402, 0.0, 0.0, 0.0, 1.0],
                [0.950949, 0.0, -0.309347, 0.015321, -0.309347, 0.0, -0.950949, 0.383559, 0.0, 1.0, 0.0, 0.646689, 0.0, 0.0, 0.0, 1.0],
                [0.947086, 0.0, -0.32098, 0.013702, -0.32098, 0.0, -0.947086, 0.380278, 0.0, 1.0, 0.0, 0.654862, 0.0, 0.0, 0.0, 1.0],
                [0.94317, 0.0, -0.33231, 0.011287, -0.33231, 0.0, -0.94317, 0.377024, 0.0, 1.0, 0.0, 0.662882, 0.0, 0.0, 0.0, 1.0],
                [0.939234, 0.0, -0.343276, 0.008142, -0.343276, 0.0, -0.939234, 0.373852, 0.0, 1.0, 0.0, 0.670711, 0.0, 0.0, 0.0, 1.0],
                [0.935311, 0.0, -0.353826, 0.004348, -0.353826, 0.0, -0.935311, 0.370806, 0.0, 1.0, 0.0, 0.678312, 0.0, 0.0, 0.0, 1.0],
                [0.931435, 0.0, -0.363907, -1e-06, -0.363907, 0.0, -0.931435, 0.367929, 0.0, 1.0, 0.0, 0.685646, 0.0, 0.0, 0.0, 1.0],
                [0.927642, 0.0, -0.373471, -0.004797, -0.373471, 0.0, -0.927642, 0.365252, 0.0, 1.0, 0.0, 0.692674, 0.0, 0.0, 0.0, 1.0],
                [0.923966, 0.0, -0.382474, -0.009923, -0.382474, 0.0, -0.923966, 0.362801, 0.0, 1.0, 0.0, 0.69936, 0.0, 0.0, 0.0, 1.0],
                [0.920443, 0.0, -0.390876, -0.015255, -0.390876, 0.0, -0.920443, 0.360592, 0.0, 1.0, 0.0, 0.705664, 0.0, 0.0, 0.0, 1.0],
                [0.917109, 0.0, -0.398637, -0.020663, -0.398637, 0.0, -0.917109, 0.358634, 0.0, 1.0, 0.0, 0.711549, 0.0, 0.0, 0.0, 1.0],
                [0.913996, 0.0, -0.405722, -0.026015, -0.405722, 0.0, -0.913996, 0.356928, 0.0, 1.0, 0.0, 0.716976, 0.0, 0.0, 0.0, 1.0],
                [0.911139, 0.0, -0.412099, -0.031177, -0.412099, 0.0, -0.911139, 0.35547, 0.0, 1.0, 0.0, 0.721907, 0.0, 0.0, 0.0, 1.0],
                [0.90857, 0.0, -0.417733, -0.036017, -0.417733, 0.0, -0.90857, 0.354249, 0.0, 1.0, 0.0, 0.726305, 0.0, 0.0, 0.0, 1.0],
                [0.906318, 0.0, -0.422595, -0.040407, -0.422595, 0.0, -0.906318, 0.353252, 0.0, 1.0, 0.0, 0.730131, 0.0, 0.0, 0.0, 1.0],
                [0.904416, 0.0, -0.426652, -0.044224, -0.426652, 0.0, -0.904416, 0.352463, 0.0, 1.0, 0.0, 0.733347, 0.0, 0.0, 0.0, 1.0],
                [0.90289, 0.0, -0.429872, -0.047355, -0.429872, 0.0, -0.90289, 0.351867, 0.0, 1.0, 0.0, 0.735914, 0.0, 0.0, 0.0, 1.0],
                [0.901768, 0.0, -0.43222, -0.049695, -0.43222, 0.0, -0.901768, 0.351449, 0.0, 1.0, 0.0, 0.737795, 0.0, 0.0, 0.0, 1.0],
                [0.901077, 0.0, -0.433659, -0.051154, -0.433659, 0.0, -0.901077, 0.351201, 0.0, 1.0, 0.0, 0.738952, 0.0, 0.0, 0.0, 1.0],
                [0.900842, 0.0, -0.434148, -0.051654, -0.434148, 0.0, -0.900842, 0.351118, 0.0, 1.0, 0.0, 0.739346, 0.0, 0.0, 0.0, 1.0]
            ]
        },
        {
            "name": "Thigh_R",
            "time": [0.0, 0.0167, 0.0333, 0.05, 0.0667, 0.0833, 0.1, 0.1167, 0.1333, 0.15, 0.1667, 0.1833, 0.2, 0.2167, 0.2333, 0.25, 0.2667, 0.2833, 0.3, 0.3167, 0.3333, 0.35, 0.3667, 0.3833, 0.4, 0.4167, 0.4333, 0.45, 0.4667, 0.4833, 0.5, 0.5167, 0.5333, 0.55, 0.5667, 0.5833, 0.6, 0.6167, 0.6333, 0.65, 0.6667, 0.6833, 0.7, 0.7167, 0.7333, 0.75, 0.7667, 0.7833, 0.8, 0.8167, 0.8333, 0.85, 0.8667, 0.8833, 0.9, 0.9167, 0.9333, 0.95, 0.9667, 0.9833, 1.0, 1.0167, 1.0333, 1.05, 1.0667, 1.0833, 1.1, 1.1167, 1.1333, 1.15, 1.1667, 1.1833, 1.2, 1.2167, 1.2333, 1.25, 1.2667, 1.2833, 1.3, 1.3167, 1.3333, 1.35, 1.3667, 1.3833, 1.4, 1.4167, 1.4333, 1.45, 1.4667, 1.4833, 1.5],
            "transform": [
                [0.990703, 0.115138, 0.072456, 0.124994, 0.119659, -0.99091, -0.061465, -0.002831, 0.064723, 0.069573, -0.995437, -1.2e-05, 0.0, 0.0, 0.0, 1.0],
                [0.992297, 0.117583, 0.038987, 0.124994, 0.119474, -0.99156, -0.050329, -0.002831, 0.032741, 0.054609, -0.997933, -1.2e-05, 0.0, 0.0, 0.0, 1.0],
                [0.991727, 0.120986, -0.042907, 0.124994, 0.119942, -0.992437, -0.026119, -0.002831, -0.045745, 0.020765, -0.998699, -1.2e-05, 0.0, 0.0, 0.0, 1.0],
                [0.982034, 0.121373, -0.14449, 0.124994, 0.122472, -0.992471, -0.001294, -0.002831, -0.143565, -0.016418, -0.989467, -1.2e-05, 0.0, 0.0, 0.0, 1.0],
                [0.964149, 0.119927, -0.236709, 0.124994, 0.127074, -0.991778, 0.015119, -0.002831, -0.232959, -0.04465, -0.971424, -1.2e-05, 0.0, 0.0, 0.0, 1.0],
                [0.94824, 0.121314, -0.293459, 0.124994, 0.132071, -0.991093, 0.017052, -0.002831, -0.288788, -0.05492, -0.95578, -1.2e-05, 0.0, 0.0, 0.0, 1.0],
                [0.947723, 0.129616, -0.291574, 0.124994, 0.135153, -0.990824, -0.001154, -0.002831, -0.289059, -0.038307, -0.956508, -1.2e-05, 0.0, 0.0, 0.0, 1.0],
                [0.957581, 0.142124, -0.25067, 0.124994, 0.137298, -0.989848, -0.036721, -0.002831, -0.253354, 0.000753, -0.967336, -1.2e-05, 0.0, 0.0, 0.0, 1.0],
                [0.965945, 0.155925, -0.20648, 0.124994, 0.140889, -0.986308, -0.085706, -0.002831, -0.217025, 0.053704, -0.97465, -1.2e-05, 0.0, 0.0, 0.0, 1.0],
                [0.97254, 0.177182, -0.150896, 0.124994, 0.146277, -0.969671, -0.195804, -0.002831, -0.181019, 0.168362, -0.968924, -1.2e-05, 0.0, 0.0, 0.0, 1.0],
                [0.977203, 0.181039, -0.110899, 0.124994, 0.154032, -0.964055, -0.216494, -0.002831, -0.146113, 0.194485, -0.969925, -1.2e-05, 0.0, 0.0, 0.0, 1.0],
                [0.97991, 0.186206, -0.07143, 0.124994, 0.164439, -0.957015, -0.238911, -0.002831, -0.112851, 0.222375, -0.968371, -1.2e-05, 0.0, 0.0, 0.0, 1.0],
                [0.980666, 0.192959, -0.032581, 0.124994, 0.177859, -0.948307, -0.26282, -0.002831, -0.081614, 0.251954, -0.964254, -1.2e-05, 0.0, 0.0, 0.0, 1.0],
                [0.976666, 0.214083, 0.017081, 0.124994, 0.209756, -0.933796, -0.289863, -0.002831, -0.046107, 0.286694, -0.956875, -1.2e-05, 0.0, 0.0, 0.0, 1.0],
                [0.962064, 0.270637, 0.03448, 0.124994, 0.27282, -0.953546, -0.127727, -0.002831, -0.00169, 0.132304, -0.991172, -1.2e-05, 0.0, 0.0, 0.0, 1.0],
                [0.930819, 0.360681, 0.059028, 0.124994, 0.362133, -0.931992, -0.015679, -0.002831, 0.04936, 0.035989, -0.998098, -1.2e-05, 0.0, 0.0, 0.0, 1.0],
                [0.878772, 0.467161, 0.097549, 0.124994, 0.466131, -0.884038, 0.034546, -0.002831, 0.102379, 0.015134, -0.994597, -1.2e-05, 0.0, 0.0, 0.0, 1.0],
                [0.81348, 0.56087, 0.153842, 0.124994, 0.562309, -0.82604, 0.038221, -0.002831, 0.148522, 0.055437, -0.987322, -1.2e-05, 0.0, 0.0, 0.0, 1.0],
                [0.761086, 0.60401, 0.236451, 0.124994, 0.624021, -0.781301, -0.012738, -0.002831, 0.177051, 0.157268, -0.971524, -1.2e-05, 0.0, 0.0, 0.0, 1.0],
                [0.736567, 0.614125, 0.283383, 0.124994, 0.647254, -0.761607, -0.031817, -0.002831, 0.196294, 0.206879, -0.958442, -1.2e-05, 0.0, 0.0, 0.0, 1.0],
                [0.723798, 0.631363, 0.278356, 0.124994, 0.654699, -0.755793, 0.011914, -0.002831, 0.217909, 0.17364, -0.960367, -1.2e-05, 0.0, 0.0, 0.0, 1.0],
                [0.710061, 0.628429, 0.317608, 0.124994, 0.664277, -0.747459, -0.006126, -0.002831, 0.233558, 0.215353, -0.948165, -1.2e-05, 0.0, 0.0, 0.0, 1.0],
                [0.694153, 0.591891, 0.40963, 0.124994, 0.678363, -0.728263, -0.097226, -0.002831, 0.240779, 0.345391, -0.907015, -1.2e-05, 0.0, 0.0, 0.0, 1.0],
                [0.684095, 0.544146, 0.485692, 0.124994, 0.68693, -0.704537, -0.178185, -0.002831, 0.245238, 0.455556, -0.855732, -1.2e-05, 0.0, 0.0, 0.0, 1.0],
                [0.68064, 0.514185, 0.521843, 0.124994, 0.689809, -0.689722, -0.220096, -0.002831, 0.246765, 0.509802, -0.824112, -1.2e-05, 0.0, 0.0, 0.0, 1.0],
                [0.68064, 0.514185, 0.521843, 0.124994, 0.689809, -0.689722, -0.220096, -0.002831, 0.246765, 0.509802, -0.824112, -1.2e-05, 0.0, 0.0, 0.0, 1.0],
                [0.68064, 0.514185, 0.521843, 0.124994, 0.689809, -0.689722, -0.220096, -0.002831, 0.246765, 0.509802, -0.824112, -1.2e-05, 0.0, 0.0, 0.0, 1.0],
                [0.68064, 0.514185, 0.521843, 0.124994, 0.689809, -0.689722, -0.220096, -0.002831, 0.246765, 0.509802, -0.824112, -1.2e-05, 0.0, 0.0, 0.0, 1.0],
                [0.68064, 0.514185, 0.521843, 0.124994, 0.689809, -0.689722, -0.220096, -0.002831, 0.246765, 0.509802, -0.824112, -1.2e-05, 0.0, 0.0, 0.0, 1.0],
                [0.68064, 0.514185, 0.521843, 0.124994, 0.689809, -0.689722, -0.220096, -0.002831, 0.246765, 0.509802, -0.824112, -1.2e-05, 0.0, 0.0, 0.0, 1.0],
                [0.68064, 0.514185, 0.521843, 0.124994, 0.689809, -0.689722, -0.220096, -0.002831, 0.246765, 0.509802, -0.824112, -1.2e-05, 0.0, 0.0, 0.0, 1.0],
                [0.68064, 0.514185, 0.521843, 0.124994, 0.689809, -0.689722, -0.220096, -0.002831, 0.246765, 0.509802, -0.824112, -1.2e-05, 0.0, 0.0, 0.0, 1.0],
                [0.68064, 0.514185, 0.521843, 0.124994, 0.689809, -0.689722, -0.220096, -0.002831, 0.246765, 0.509802, -0.824112, -1.2e-05, 0.0, 0.0, 0.0, 1.0],
                [0.68064, 0.514185, 0.521843, 0.124994, 0.689809, -0.689722, -0.220096, -0.002831, 0.246765, 0.509802, -0.824112, -1.2e-05, 0.0, 0.0, 0.0, 1.0],
                [0.68064, 0.514185, 0.521843, 0.124994, 0.689809, -0.689722, -0.220096, -0.002831, 0.246765, 0.509802, -0.824112, -1.2e-05, 0.0, 0.0, 0.0, 1.0],
                [0.68064, 0.514185, 0.521843, 0.124994, 0.689809, -0.689722, -0.220096, -0.002831, 0.246765, 0.509802, -0.824112, -1.2e-05, 0.0, 0.0, 0.0, 1.0],
                [0.68064, 0.514185, 0.521843, 0.124994, 0.689809, -0.689722, -0.220096, -0.002831, 0.246765, 0.509802, -0.824112, -1.2e-05, 0.0, 0.0, 0.0, 1.0],
                [0.68064, 0.514185, 0.521843, 0.124994, 0.689809, -0.689722, -0.220096, -0.002831, 0.246765, 0.509802, -0.824112, -1.2e-05, 0.0, 0.0, 0.0, 1.0],
                [0.68064, 0.514185, 0.521843, 0.124994, 0.689809, -0.689722, -0.220096, -0.002831, 0.246765, 0.509802, -0.824112, -1.2e-05, 0.0, 0.0, 0.0, 1.0],
                [0.68064, 0.514185, 0.521843, 0.124994, 0.689809, -0.689722, -0.220096, -0.002831, 0.246765, 0.509802, -0.824112, -1.2e-05, 0.0, 0.0, 0.0, 1.0],
                [0.68064, 0.514185, 0.521843, 0.124994, 0.689809, -0.689722, -0.220096, -0.002831, 0.246765, 0.509802, -0.824112, -1.2e-05, 0.0, 0.0, 0.0, 1.0],
                [0.68064, 0.514185, 0.521843, 0.124994, 0.689809, -0.689722, -0.220096, -0.002831, 0.246765, 0.509802, -0.824112, -1.2e-05, 0.0, 0.0, 0.0, 1.0],
                [0.68064, 0.514185, 0.521843, 0.124994, 0.689809, -0.689722, -0.220096, -0.002831, 0.246765, 0.509802, -0.824112, -1.2e-05, 0.0, 0.0, 0.0, 1.0],
                [0.68064, 0.514185, 0.521843, 0.124994, 0.689809, -0.689722, -0.220096, -0.002831, 0.246765, 0.509802, -0.824112, -1.2e-05, 0.0, 0.0, 0.0, 1.0],
                [0.68064, 0.514185, 0.521843, 0.124994, 0.689809, -0.689722, -0.220096, -0.002831, 0.246765, 0.509802, -0.824112, -1.2e-05, 0.0, 0.0, 0.0, 1.0],
                [0.68064, 0.514185, 0.521843, 0.124994, 0.689809, -0.689722, -0.220096, -0.002831, 0.246765, 0.509802, -0.824112, -1.2e-05, 0.0, 0.0, 0.0, 1.0],
                [0.68064, 0.514185, 0.521843, 0.124994, 0.689809, -0.689722, -0.220096, -0.002831, 0.246765, 0.509802, -0.824112, -1.2e-05, 0.0, 0.0, 0.0, 1.0],
                [0.68064, 0.514185, 0.521843, 0.124994, 0.689809, -0.689722, -0.220096, -0.002831, 0.246765, 0.509802, -0.824112, -1.2e-05, 0.0, 0.0, 0.0, 1.0],
                [0.68064, 0.514185, 0.521843, 0.124994, 0.689809, -0.689722, -0.220096, -0.002831, 0.246765, 0.509802, -0.824112, -1.2e-05, 0.0, 0.0, 0.0, 1.0],
                [0.68138, 0.518898, 0.516181, 0.124994, 0.689324, -0.692053, -0.214219, -0.002831, 0.246076, 0.501805, -0.829211, -1.2e-05, 0.0, 0.0, 0.0, 1.0],
                [0.683581, 0.530311, 0.501462, 0.124994, 0.687855, -0.697847, -0.199652, -0.002831, 0.244074, 0.481436, -0.841783, -1.2e-05, 0.0, 0.0, 0.0, 1.0],
                [0.687215, 0.544237, 0.481166, 0.124994, 0.685363, -0.705333, -0.181045, -0.002831, 0.240859, 0.454215, -0.857687, -1.2e-05, 0.0, 0.0, 0.0, 1.0],
                [0.692251, 0.558043, 0.457553, 0.124994, 0.681796, -0.71355, -0.161231, -0.002831, 0.236521, 0.423596, -0.8744, -1.2e-05, 0.0, 0.0, 0.0, 1.0],
                [0.698658, 0.57041, 0.431844, 0.124994, 0.677086, -0.722166, -0.141509, -0.002831, 0.231152, 0.391288, -0.890737, -1.2e-05, 0.0, 0.0, 0.0, 1.0],
                [0.706397, 0.580692, 0.404698, 0.124994, 0.671155, -0.731144, -0.122366, -0.002831, 0.224843, 0.35808, -0.906186, -1.2e-05, 0.0, 0.0, 0.0, 1.0],
                [0.715419, 0.588394, 0.376762, 0.124994, 0.663918, -0.740506, -0.104203, -0.002831, 0.21769, 0.324714, -0.920391, -1.2e-05, 0.0, 0.0, 0.0, 1.0],
                [0.725662, 0.59341, 0.348225, 0.124994, 0.655287, -0.750371, -0.086809, -0.002831, 0.209792, 0.291208, -0.933345, -1.2e-05, 0.0, 0.0, 0.0, 1.0],
                [0.73705, 0.595561, 0.319448, 0.124994, 0.645176, -0.760801, -0.070163, -0.002831, 0.201256, 0.257841, -0.944966, -1.2e-05, 0.0, 0.0, 0.0, 1.0],
                [0.749483, 0.594775, 0.290693, 0.124994, 0.63351, -0.771837, -0.054095, -0.002831, 0.1922, 0.224727, -0.95525, -1.2e-05, 0.0, 0.0, 0.0, 1.0],
                [0.762841, 0.591072, 0.262095, 0.124994, 0.620224, -0.783486, -0.038251, -0.002831, 0.182745, 0.191763, -0.964249, -1.2e-05, 0.0, 0.0, 0.0, 1.0],
                [0.77698, 0.584424, 0.233959, 0.124994, 0.605281, -0.795689, -0.022487, -0.002831, 0.173023, 0.159109, -0.971953, -1.2e-05, 0.0, 0.0, 0.0, 1.0],
                [0.791735, 0.574916, 0.20643, 0.124994, 0.588668, -0.808344, -0.006436, -0.002831, 0.163172, 0.126641, -0.978408, -1.2e-05, 0.0, 0.0, 0.0, 1.0],
                [0.806921, 0.562621, 0.179787, 0.124994, 0.57041, -0.821293, 0.010074, -0.002831, 0.153331, 0.09445, -0.983622, -1.2e-05, 0.0, 0.0, 0.0, 1.0],
                [0.822336, 0.547709, 0.154164, 0.124994, 0.550572, -0.834332, 0.027412, -0.002831, 0.143642, 0.062363, -0.987634, -1.2e-05, 0.0, 0.0, 0.0, 1.0],
                [0.83777, 0.530342, 0.12988, 0.124994, 0.529263, -0.847223, 0.045629, -0.002831, 0.134241, 0.03054, -0.990449, -1.2e-05, 0.0, 0.0, 0.0, 1.0],
                [0.853011, 0.51078, 0.107091, 0.124994, 0.506641, -0.8597, 0.064965, -0.002831, 0.125253, -0.001134, -0.992095, -1.2e-05, 0.0, 0.0, 0.0, 1.0],
                [0.867851, 0.489318, 0.086005, 0.124994, 0.482903, -0.871483, 0.085503, -0.002831, 0.116794, -0.032646, -0.99259, -1.2e-05, 0.0, 0.0, 0.0, 1.0],
                [0.8821, 0.466293, 0.066812, 0.124994, 0.458288, -0.882304, 0.107237, -0.002831, 0.108956, -0.063949, -0.991958, -1.2e-05, 0.0, 0.0, 0.0, 1.0],
                [0.895593, 0.442091, 0.049636, 0.124994, 0.433068, -0.891909, 0.13015, -0.002831, 0.101812, -0.095041, -0.990223, -1.2e-05, 0.0, 0.0, 0.0, 1.0],
                [0.908192, 0.417105, 0.034705, 0.124994, 0.407533, -0.900132, 0.153842, -0.002831, 0.09541, -0.12555, -0.987458, -1.2e-05, 0.0, 0.0, 0.0, 1.0],
                [0.919799, 0.391765, 0.022065, 0.124994, 0.381984, -0.906844, 0.178071, -0.002831, 0.089774, -0.155337, -0.983743, -1.2e-05, 0.0, 0.0, 0.0, 1.0],
                [0.930346, 0.366489, 0.011769, 0.124994, 0.356717, -0.912023, 0.202371, -0.002831, 0.084903, -0.184053, -0.979211, -1.2e-05, 0.0, 0.0, 0.0, 1.0],
                [0.93981, 0.341674, 0.003826, 0.124994, 0.332015, -0.915757, 0.226148, -0.002831, 0.080775, -0.211242, -0.974058, -1.2e-05, 0.0, 0.0, 0.0, 1.0],
                [0.948281, 0.317424, -0.001372, 0.124994, 0.307811, -0.918474, 0.248288, -0.002831, 0.077554, -0.235846, -0.968658, -1.2e-05, 0.0, 0.0, 0.0, 1.0],
                [0.955791, 0.294019, -0.00374, 0.124994, 0.28426, -0.92065, 0.267562, -0.002831, 0.075228, -0.256775, -0.963506, -1.2e-05, 0.0, 0.0, 0.0, 1.0],
                [0.9623, 0.27196, -0.003757, 0.124994, 0.26186, -0.92264, 0.283114, -0.002831, 0.073531, -0.273404, -0.959051, -1.2e-05, 0.0, 0.0, 0.0, 1.0],
                [0.967836, 0.25157, -0.001896, 0.124994, 0.240981, -0.92487, 0.294167, -0.002831, 0.072252, -0.285142, -0.955723, -1.2e-05, 0.0, 0.0, 0.0, 1.0],
                [0.972473, 0.233009, 0.001435, 0.124994, 0.221861, -0.927782, 0.299981, -0.002831, 0.071232, -0.291385, -0.953915, -1.2e-05, 0.0, 0.0, 0.0, 1.0],
                [0.976309, 0.216302, 0.005803, 0.124994, 0.204622, -0.931637, 0.300289, -0.002831, 0.070361, -0.291969, -0.9538, -1.2e-05, 0.0, 0.0, 0.0, 1.0],
                [0.979452, 0.201378, 0.010915, 0.124994, 0.189295, -0.936647, 0.294709, -0.002831, 0.069574, -0.286568, -0.955494, -1.2e-05, 0.0, 0.0, 0.0, 1.0],
                [0.98201, 0.1881, 0.016542, 0.124994, 0.175835, -0.942858, 0.283011, -0.002831, 0.068834, -0.274993, -0.958942, -1.2e-05, 0.0, 0.0, 0.0, 1.0],
                [0.98408, 0.1763, 0.022474, 0.124994, 0.164151, -0.950083, 0.265315, -0.002831, 0.068129, -0.257385, -0.963867, -1.2e-05, 0.0, 0.0, 0.0, 1.0],
                [0.985746, 0.16579, 0.028608, 0.124994, 0.154124, -0.958061, 0.241581, -0.002831, 0.067462, -0.233713, -0.969925, -1.2e-05, 0.0, 0.0, 0.0, 1.0],
                [0.98708, 0.156392, 0.034843, 0.124994, 0.145619, -0.966335, 0.212104, -0.002831, 0.066844, -0.204275, -0.976591, -1.2e-05, 0.0, 0.0, 0.0, 1.0],
                [0.988141, 0.147932, 0.041144, 0.124994, 0.138504, -0.974405, 0.177055, -0.002831, 0.066285, -0.169243, -0.983305, -1.2e-05, 0.0, 0.0, 0.0, 1.0],
                [0.988976, 0.140267, 0.04746, 0.124994, 0.132657, -0.981654, 0.136953, -0.002831, 0.065801, -0.129134, -0.989404, -1.2e-05, 0.0, 0.0, 0.0, 1.0],
                [0.989619, 0.133281, 0.053753, 0.124994, 0.12797, -0.98746, 0.092438, -0.002831, 0.065401, -0.084588, -0.99423, -1.2e-05, 0.0, 0.0, 0.0, 1.0],
                [0.990099, 0.126945, 0.059896, 0.124994, 0.124362, -0.991212, 0.045071, -0.002831, 0.065093, -0.037165, -0.997149, -1.2e-05, 0.0, 0.0, 0.0, 1.0],
                [0.990435, 0.121349, 0.065674, 0.124994, 0.121777, -0.992553, -0.00253, -0.002831, 0.06488, 0.010514, -0.9978, -1.2e-05, 0.0, 0.0, 0.0, 1.0],
                [0.990635, 0.116983, 0.070401, 0.124994, 0.1202, -0.991804, -0.04331, -0.002831, 0.064759, 0.051376, -0.996539, -1.2e-05, 0.0, 0.0, 0.0, 1.0],
                [0.990703, 0.115138, 0.072456, 0.124994, 0.119659, -0.99091, -0.061466, -0.002831, 0.064723, 0.069574, -0.995437, -1.2e-05, 0.0, 0.0, 0.0, 1.0]
            ]
        },
        {
            "name": "Leg_R",
            "time": [0.0, 0.0167, 0.0333, 0.05, 0.0667, 0.0833, 0.1, 0.1167, 0.1333, 0.15, 0.1667, 0.1833, 0.2, 0.2167, 0.2333, 0.25, 0.2667, 0.2833, 0.3, 0.3167, 0.3333, 0.35, 0.3667, 0.3833, 0.4, 0.4167, 0.4333, 0.45, 0.4667, 0.4833, 0.5, 0.5167, 0.5333, 0.55, 0.5667, 0.5833, 0.6, 0.6167, 0.6333, 0.65, 0.6667, 0.6833, 0.7, 0.7167, 0.7333, 0.75, 0.7667, 0.7833, 0.8, 0.8167, 0.8333, 0.85, 0.8667, 0.8833, 0.9, 0.9167, 0.9333, 0.95, 0.9667, 0.9833, 1.0, 1.0167, 1.0333, 1.05, 1.0667, 1.0833, 1.1, 1.1167, 1.1333, 1.15, 1.1667, 1.1833, 1.2, 1.2167, 1.2333, 1.25, 1.2667, 1.2833, 1.3, 1.3167, 1.3333, 1.35, 1.3667, 1.3833, 1.4, 1.4167, 1.4333, 1.45, 1.4667, 1.4833, 1.5],
            "transform": [
                [1.0, -0.000268, -0.000148, 0.0, 0.000295, 0.970946, 0.239293, 0.375166, 7.9e-05, -0.2393, 0.970948, 0.0, 0.0, 0.0, 0.0, 1.0],
                [1.0, -0.000282, -0.000151, 0.0, 0.000311, 0.967628, 0.252373, 0.375166, 7.5e-05, -0.25238, 0.96763, 0.0, 0.0, 0.0, 0.0, 1.0],
                [1.0, -0.000312, -0.000159, -0.0, 0.000344, 0.96042, 0.278548, 0.375166, 6.6e-05, -0.278557, 0.960422, 0.0, 0.0, 0.0, 0.0, 1.0],
                [1.0, -0.000337, -0.000167, 0.0, 0.000372, 0.953412, 0.301662, 0.375166, 5.8e-05, -0.301673, 0.953414, -0.0, 0.0, 0.0, 0.0, 1.0],
                [1.0, -0.000351, -0.000171, 0.0, 0.000387, 0.949602, 0.31345, 0.375166, 5.3e-05, -0.313462, 0.949605, -0.0, 0.0, 0.0, 0.0, 1.0],
                [1.0, -0.000348, -0.00017, -0.0, 0.000384, 0.950375, 0.311097, 0.375166, 5.4e-05, -0.311109, 0.950378, -0.0, 0.0, 0.0, 0.0, 1.0],
                [1.0, -0.000326, -0.000164, -0.0, 0.000359, 0.956601, 0.291394, 0.375166, 6.1e-05, -0.291404, 0.956603, 0.0, 0.0, 0.0, 0.0, 1.0],
                [1.0, -0.000282, -0.000151, 0.0, 0.000312, 0.967564, 0.252618, 0.375166, 7.5e-05, -0.252625, 0.967566, -0.0, 0.0, 0.0, 0.0, 1.0],
                [1.0, -0.000213, -0.000136, 0.0, 0.000235, 0.981753, 0.190159, 0.375166, 9.3e-05, -0.190161, 0.981753, 0.0, 0.0, 0.0, 0.0, 1.0],
                [1.0, -6e-06, -0.000115, -0.0, 7e-06, 0.999987, 0.005373, 0.375166, 0.000115, -0.00536, 0.999985, -0.0, 0.0, 0.0, 0.0, 1.0],
                [1.0, -6e-06, -0.000115, -0.0, 7e-06, 0.999986, 0.005375, 0.375166, 0.000115, -0.005364, 0.999986, 0.0, 0.0, 0.0, 0.0, 1.0],
                [1.0, -6e-06, -0.000115, -0.0, 7e-06, 0.999986, 0.005379, 0.375166, 0.000115, -0.005367, 0.999985, -0.0, 0.0, 0.0, 0.0, 1.0],
                [1.0, -6e-06, -0.000115, 0.0, 7e-06, 0.999986, 0.005384, 0.375166, 0.000115, -0.005372, 0.999985, 0.0, 0.0, 0.0, 0.0, 1.0],
                [1.0, -6e-06, -0.000115, 0.0, 7e-06, 0.999986, 0.005379, 0.375166, 0.000115, -0.005367, 0.999986, 0.0, 0.0, 0.0, 0.0, 1.0],
                [1.0, -0.000449, -0.000209, -0.0, 0.000495, 0.915916, 0.401356, 0.375166, 1.1e-05, -0.401375, 0.915921, 0.0, 0.0, 0.0, 0.0, 1.0],
                [1.0, -0.000734, -0.00039, -0.0, 0.00081, 0.754142, 0.656692, 0.375166, -0.000188, -0.656725, 0.754153, -0.0, 0.0, 0.0, 0.0, 1.0],
                [1.0, -0.000862, -0.000521, 0.0, 0.000951, 0.636585, 0.771187, 0.375166, -0.000333, -0.771225, 0.636598, -0.0, 0.0, 0.0, 0.0, 1.0],
                [1.0, -0.000889, -0.000555, -0.0, 0.000981, 0.606175, 0.795312, 0.375166, -0.000371, -0.79535, 0.606188, -0.0, 0.0, 0.0, 0.0, 1.0],
                [1.0, -0.00081, -0.000462, 0.0, 0.000893, 0.689369, 0.724391, 0.375166, -0.000268, -0.724427, 0.689381, -0.0, 0.0, 0.0, 0.0, 1.0],
                [1.0, -0.000741, -0.000396, -0.0, 0.000818, 0.74865, 0.662947, 0.375166, -0.000195, -0.662981, 0.748661, -0.0, 0.0, 0.0, 0.0, 1.0],
                [1.0, -0.000772, -0.000424, -0.0, 0.000852, 0.723277, 0.690539, 0.375166, -0.000226, -0.690574, 0.723288, 0.0, 0.0, 0.0, 0.0, 1.0],
                [1.0, -0.000728, -0.000385, 0.0, 0.000803, 0.758842, 0.651256, 0.375166, -0.000182, -0.65129, 0.758853, -0.0, 0.0, 0.0, 0.0, 1.0],
                [1.0, -0.000558, -0.000264, 0.0, 0.000616, 0.866521, 0.499124, 0.375166, -5e-05, -0.49915, 0.866528, -0.0, 0.0, 0.0, 0.0, 1.0],
                [1.0, -0.000369, -0.000178, 0.0, 0.000407, 0.944024, 0.329867, 0.375166, 4.6e-05, -0.329881, 0.944027, -0.0, 0.0, 0.0, 0.0, 1.0],
                [1.0, -0.000255, -0.000145, 0.0, 0.000282, 0.973555, 0.22845, 0.375166, 8.2e-05, -0.228455, 0.973556, -0.0, 0.0, 0.0, 0.0, 1.0],
                [1.0, -0.000255, -0.000145, 0.0, 0.000282, 0.973555, 0.22845, 0.375166, 8.2e-05, -0.228455, 0.973556, -0.0, 0.0, 0.0, 0.0, 1.0],
                [1.0, -0.000255, -0.000145, 0.0, 0.000282, 0.973555, 0.22845, 0.375166, 8.2e-05, -0.228455, 0.973556, -0.0, 0.0, 0.0, 0.0, 1.0],
                [1.0, -0.000255, -0.000145, 0.0, 0.000282, 0.973555, 0.22845, 0.375166, 8.2e-05, -0.228455, 0.973556, -0.0, 0.0, 0.0, 0.0, 1.0],
                [1.0, -0.000255, -0.000145, 0.0, 0.000282, 0.973555, 0.22845, 0.375166, 8.2e-05, -0.228455, 0.973556, -0.0, 0.0, 0.0, 0.0, 1.0],
                [1.0, -0.000255, -0.000145, 0.0, 0.000282, 0.973555, 0.22845, 0.375166, 8.2e-05, -0.228455, 0.973556, -0.0, 0.0, 0.0, 0.0, 1.0],
                [1.0, -0.000255, -0.000145, 0.0, 0.000282, 0.973555, 0.22845, 0.375166, 8.2e-05, -0.228455, 0.973556, -0.0, 0.0, 0.0, 0.0, 1.0],
                [1.0, -0.000255, -0.000145, 0.0, 0.000282, 0.973555, 0.22845, 0.375166, 8.2e-05, -0.228455, 0.973556, -0.0, 0.0, 0.0, 0.0, 1.0],
                [1.0, -0.000255, -0.000145, 0.0, 0.000282, 0.973555, 0.22845, 0.375166, 8.2e-05, -0.228455, 0.973556, -0.0, 0.0, 0.0, 0.0, 1.0],
                [1.0, -0.000255, -0.000145, 0.0, 0.000282, 0.973555, 0.22845, 0.375166, 8.2e-05, -0.228455, 0.973556, -0.0, 0.0, 0.0, 0.0, 1.0],
                [1.0, -0.000255, -0.000145, 0.0, 0.000282, 0.973555, 0.22845, 0.375166, 8.2e-05, -0.228455, 0.973556, -0.0, 0.0, 0.0, 0.0, 1.0],
                [1.0, -0.000255, -0.000145, 0.0, 0.000282, 0.973555, 0.22845, 0.375166, 8.2e-05, -0.228455, 0.973556, -0.0, 0.0, 0.0, 0.0, 1.0],
                [1.0, -0.000255, -0.000145, 0.0, 0.000282, 0.973555, 0.22845, 0.375166, 8.2e-05, -0.228455, 0.973556, -0.0, 0.0, 0.0, 0.0, 1.0],
                [1.0, -0.000255, -0.000145, 0.0, 0.000282, 0.973555, 0.22845, 0.375166, 8.2e-05, -0.228455, 0.973556, -0.0, 0.0, 0.0, 0.0, 1.0],
                [1.0, -0.000255, -0.000145, 0.0, 0.000282, 0.973555, 0.22845, 0.375166, 8.2e-05, -0.228455, 0.973556, -0.0, 0.0, 0.0, 0.0, 1.0],
                [1.0, -0.000255, -0.000145, 0.0, 0.000282, 0.973555, 0.22845, 0.375166, 8.2e-05, -0.228455, 0.973556, -0.0, 0.0, 0.0, 0.0, 1.0],
                [1.0, -0.000255, -0.000145, 0.0, 0.000282, 0.973555, 0.22845, 0.375166, 8.2e-05, -0.228455, 0.973556, -0.0, 0.0, 0.0, 0.0, 1.0],
                [1.0, -0.000255, -0.000145, 0.0, 0.000282, 0.973555, 0.22845, 0.375166, 8.2e-05, -0.228455, 0.973556, -0.0, 0.0, 0.0, 0.0, 1.0],
                [1.0, -0.000255, -0.000145, 0.0, 0.000282, 0.973555, 0.22845, 0.375166, 8.2e-05, -0.228455, 0.973556, -0.0, 0.0, 0.0, 0.0, 1.0],
                [1.0, -0.000255, -0.000145, 0.0, 0.000282, 0.973555, 0.22845, 0.375166, 8.2e-05, -0.228455, 0.973556, -0.0, 0.0, 0.0, 0.0, 1.0],
                [1.0, -0.000255, -0.000145, 0.0, 0.000282, 0.973555, 0.22845, 0.375166, 8.2e-05, -0.228455, 0.973556, -0.0, 0.0, 0.0, 0.0, 1.0],
                [1.0, -0.000255, -0.000145, 0.0, 0.000282, 0.973555, 0.22845, 0.375166, 8.2e-05, -0.228455, 0.973556, -0.0, 0.0, 0.0, 0.0, 1.0],
                [1.0, -0.000255, -0.000145, 0.0, 0.000282, 0.973555, 0.22845, 0.375166, 8.2e-05, -0.228455, 0.973556, -0.0, 0.0, 0.0, 0.0, 1.0],
                [1.0, -0.000255, -0.000145, 0.0, 0.000282, 0.973555, 0.22845, 0.375166, 8.2e-05, -0.228455, 0.973556, -0.0, 0.0, 0.0, 0.0, 1.0],
                [1.0, -0.000255, -0.000145, 0.0, 0.000282, 0.973555, 0.22845, 0.375166, 8.2e-05, -0.228455, 0.973556, -0.0, 0.0, 0.0, 0.0, 1.0],
                [1.0, -0.000277, -0.00015, -0.0, 0.000306, 0.968775, 0.247935, 0.375166, 7.7e-05, -0.247942, 0.968776, 0.0, 0.0, 0.0, 0.0, 1.0],
                [1.0, -0.000332, -0.000165, -0.0, 0.000366, 0.954948, 0.296766, 0.375166, 6e-05, -0.296777, 0.95495, 0.0, 0.0, 0.0, 0.0, 1.0],
                [1.0, -0.000403, -0.00019, -0.0, 0.000444, 0.932896, 0.360135, 0.375166, 3.2e-05, -0.360151, 0.932899, -0.0, 0.0, 0.0, 0.0, 1.0],
                [1.0, -0.000479, -0.000223, -0.0, 0.000529, 0.903488, 0.428599, 0.375166, -4e-06, -0.42862, 0.903493, -0.0, 0.0, 0.0, 0.0, 1.0],
                [1.0, -0.000556, -0.000263, 0.0, 0.000613, 0.867567, 0.497304, 0.375166, -4.8e-05, -0.497329, 0.867574, 0.0, 0.0, 0.0, 0.0, 1.0],
                [1.0, -0.00063, -0.00031, -0.0, 0.000695, 0.8259, 0.5638, 0.375166, -0.0001, -0.563829, 0.825908, 0.0, 0.0, 0.0, 0.0, 1.0],
                [1.0, -0.0007, -0.000361, -0.0, 0.000772, 0.779697, 0.626138, 0.375166, -0.000157, -0.626171, 0.779707, -0.0, 0.0, 0.0, 0.0, 1.0],
                [1.0, -0.000765, -0.000418, -0.0, 0.000844, 0.729545, 0.683913, 0.375166, -0.000218, -0.683948, 0.729556, -0.0, 0.0, 0.0, 0.0, 1.0],
                [1.0, -0.000824, -0.000477, 0.0, 0.000908, 0.676491, 0.73643, 0.375166, -0.000284, -0.736468, 0.676504, -0.0, 0.0, 0.0, 0.0, 1.0],
                [0.999999, -0.000876, -0.000538, 0.0, 0.000966, 0.621446, 0.783437, 0.375166, -0.000352, -0.783475, 0.621459, 0.0, 0.0, 0.0, 0.0, 1.0],
                [0.999999, -0.000923, -0.000602, -0.0, 0.001018, 0.565021, 0.825057, 0.375166, -0.000421, -0.825096, 0.565035, -0.0, 0.0, 0.0, 0.0, 1.0],
                [0.999999, -0.000963, -0.000665, -0.0, 0.001062, 0.508248, 0.861192, 0.375166, -0.000491, -0.861232, 0.508261, 0.0, 0.0, 0.0, 0.0, 1.0],
                [1.0, -0.000998, -0.000728, -0.0, 0.0011, 0.45171, 0.892147, 0.375166, -0.000561, -0.892186, 0.451723, 0.0, 0.0, 0.0, 0.0, 1.0],
                [0.999999, -0.001027, -0.00079, 0.0, 0.001132, 0.396323, 0.918093, 0.375166, -0.000629, -0.918132, 0.396336, -0.0, 0.0, 0.0, 0.0, 1.0],
                [0.999999, -0.001051, -0.00085, -0.0, 0.001159, 0.34255, 0.939482, 0.375166, -0.000696, -0.939521, 0.342563, -0.0, 0.0, 0.0, 0.0, 1.0],
                [0.999999, -0.00107, -0.000908, -0.0, 0.00118, 0.291371, 0.956593, 0.375166, -0.000759, -0.956631, 0.291383, -0.0, 0.0, 0.0, 0.0, 1.0],
                [0.999999, -0.001085, -0.000961, 0.0, 0.001196, 0.243262, 0.969943, 0.375166, -0.000818, -0.969981, 0.243274, 0.0, 0.0, 0.0, 0.0, 1.0],
                [0.999999, -0.001096, -0.001011, -0.0, 0.001209, 0.198851, 0.980013, 0.375166, -0.000873, -0.980049, 0.198863, -0.0, 0.0, 0.0, 0.0, 1.0],
                [0.999999, -0.001104, -0.001056, -0.0, 0.001218, 0.158758, 0.987301, 0.375166, -0.000923, -0.987337, 0.158769, 0.0, 0.0, 0.0, 0.0, 1.0],
                [0.999999, -0.00111, -0.001095, 0.0, 0.001224, 0.123442, 0.992336, 0.375166, -0.000966, -0.992371, 0.123453, -0.0, 0.0, 0.0, 0.0, 1.0],
                [0.999999, -0.001113, -0.001128, -0.0, 0.001228, 0.093851, 0.99557, 0.375166, -0.001003, -0.995605, 0.093862, -0.0, 0.0, 0.0, 0.0, 1.0],
                [0.999999, -0.001115, -0.001155, -0.0, 0.00123, 0.070442, 0.9975, 0.375166, -0.001031, -0.997534, 0.070452, 0.0, 0.0, 0.0, 0.0, 1.0],
                [0.999999, -0.001117, -0.001173, 0.0, 0.001232, 0.05388, 0.998531, 0.375166, -0.001052, -0.998566, 0.053891, -0.0, 0.0, 0.0, 0.0, 1.0],
                [0.999999, -0.001117, -0.001183, -0.0, 0.001232, 0.044878, 0.998977, 0.375166, -0.001063, -0.999011, 0.044888, 0.0, 0.0, 0.0, 0.0, 1.0],
