{
    "animation": [
        {
            "name": "Root",
            "time": [0.0, 0.0167, 0.0333, 0.05, 0.0667, 0.0833, 0.1, 0.1167, 0.1333, 0.15, 0.1667, 0.1833, 0.2, 0.2167, 0.2333, 0.25, 0.2667, 0.2833, 0.3, 0.3167, 0.3333, 0.35, 0.3667, 0.3833, 0.4, 0.4167, 0.4333, 0.45, 0.4667, 0.4833, 0.5, 0.5167, 0.5333, 0.55, 0.5667, 0.5833, 0.6, 0.6167, 0.6333, 0.65, 0.6667, 0.6833, 0.7, 0.7167, 0.7333, 0.75, 0.7667, 0.7833, 0.8, 0.8167, 0.8333, 0.85, 0.8667, 0.8833, 0.9, 0.9167, 0.9333, 0.95, 0.9667, 0.9833, 1.0, 1.0167, 1.0333, 1.05, 1.0667, 1.0833, 1.1, 1.1167, 1.1333, 1.15, 1.1667, 1.1833, 1.2, 1.2167, 1.2333, 1.25, 1.2667, 1.2833, 1.3, 1.3167, 1.3333, 1.35, 1.3667, 1.3833, 1.4, 1.4167, 1.4333, 1.45, 1.4667, 1.4833, 1.5],
            "transform": [
                [0.99455, 0.0, -0.104259, -0.169172, -0.104259, 0.0, -0.99455, 0.042733, 0.0, 1.0, 0.0, 0.503929, 0.0, 0.0, 0.0, 1.0],
                [0.99455, 0.0, -0.104259, -0.169172, -0.104259, 0.0, -0.99455, 0.034045, 0.0, 1.0, 0.0, 0.502959, 0.0, 0.0, 0.0, 1.0],
                [0.99455, 0.0, -0.104259, -0.169172, -0.104259, 0.0, -0.99455, 0.010027, 0.0, 1.0, 0.0, 0.500279, 0.0, 0.0, 0.0, 1.0],
                [0.99455, 0.0, -0.104259, -0.169172, -0.104259, 0.0, -0.99455, -0.026257, 0.0, 1.0, 0.0, 0.496229, 0.0, 0.0, 0.0, 1.0],
                [0.99455, 0.0, -0.104259, -0.169172, -0.104259, 0.0, -0.99455, -0.071739, 0.0, 1.0, 0.0, 0.491153, 0.0, 0.0, 0.0, 1.0],
                [0.99455, 0.0, -0.104259, -0.169172, -0.104259, 0.0, -0.99455, -0.123353, 0.0, 1.0, 0.0, 0.485393, 0.0, 0.0, 0.0, 1.0],
                [0.99455, 0.0, -0.104259, -0.169172, -0.104259, 0.0, -0.99455, -0.178034, 0.0, 1.0, 0.0, 0.47929, 0.0, 0.0, 0.0, 1.0],
                [0.99455, 0.0, -0.104259, -0.169172, -0.104259, 0.0, -0.99455, -0.232714, 0.0, 1.0, 0.0, 0.473187, 0.0, 0.0, 0.0, 1.0],
                [0.99455, 0.0, -0.104259, -0.169172, -0.104259, 0.0, -0.99455, -0.284329, 0.0, 1.0, 0.0, 0.467427, 0.0, 0.0, 0.0, 1.0],
                [0.99455, 0.0, -0.104259, -0.169172, -0.104259, 0.0, -0.99455, -0.329811, 0.0, 1.0, 0.0, 0.462351, 0.0, 0.0, 0.0, 1.0],
                [0.99455, 0.0, -0.104259, -0.169172, -0.104259, 0.0, -0.99455, -0.366094, 0.0, 1.0, 0.0, 0.458301, 0.0, 0.0, 0.0, 1.0],
                [0.99455, 0.0, -0.104259, -0.169172, -0.104259, 0.0, -0.99455, -0.390113, 0.0, 1.0, 0.0, 0.455621, 0.0, 0.0, 0.0, 1.0],
                [0.99455, 0.0, -0.104259, -0.169172, -0.104259, 0.0, -0.99455, -0.398801, 0.0, 1.0, 0.0, 0.454651, 0.0, 0.0, 0.0, 1.0],
                [0.994746, 0.0, -0.102376, -0.169172, -0.102376, 0.0, -0.994746, -0.398801, 0.0, 1.0, 0.0, 0.454651, 0.0, 0.0, 0.0, 1.0],
                [0.995268, 0.0, -0.097166, -0.169172, -0.097166, 0.0, -0.995268, -0.398801, 0.0, 1.0, 0.0, 0.454651, 0.0, 0.0, 0.0, 1.0],
                [0.996006, 0.0, -0.089291, -0.169172, -0.089291, 0.0, -0.996006, -0.398801, 0.0, 1.0, 0.0, 0.454651, 0.0, 0.0, 0.0, 1.0],
                [0.996842, 0.0, -0.079409, -0.169172, -0.079409, 0.0, -0.996842, -0.398801, 0.0, 1.0, 0.0, 0.454651, 0.0, 0.0, 0.0, 1.0],
                [0.997673, 0.0, -0.068185, -0.169172, -0.068185, 0.0, -0.997673, -0.398801, 0.0, 1.0, 0.0, 0.454651, 0.0, 0.0, 0.0, 1.0],
                [0.998415, 0.0, -0.056283, -0.169172, -0.056283, 0.0, -0.998415, -0.398801, 0.0, 1.0, 0.0, 0.454651, 0.0, 0.0, 0.0, 1.0],
                [0.999015, 0.0, -0.044374, -0.169172, -0.044374, 0.0, -0.999015, -0.398801, 0.0, 1.0, 0.0, 0.454651, 0.0, 0.0, 0.0, 1.0],
                [0.999451, 0.0, -0.033127, -0.169172, -0.033127, 0.0, -0.999451, -0.398801, 0.0, 1.0, 0.0, 0.454651, 0.0, 0.0, 0.0, 1.0],
                [0.99973, 0.0, -0.023215, -0.169172, -0.023215, 0.0, -0.99973, -0.398801, 0.0, 1.0, 0.0, 0.454651, 0.0, 0.0, 0.0, 1.0],
                [0.999883, 0.0, -0.015306, -0.169172, -0.015306, 0.0, -0.999883, -0.398801, 0.0, 1.0, 0.0, 0.454651, 0.0, 0.0, 0.0, 1.0],
                [0.999949, 0.0, -0.010071, -0.169172, -0.010071, 0.0, -0.999949, -0.398801, 0.0, 1.0, 0.0, 0.454651, 0.0, 0.0, 0.0, 1.0],
                [0.999967, 0.0, -0.008177, -0.169172, -0.008177, 0.0, -0.999967, -0.398801, 0.0, 1.0, 0.0, 0.454651, 0.0, 0.0, 0.0, 1.0],
                [0.999967, 0.0, -0.008177, -0.169476, -0.008177, 0.0, -0.999967, -0.362516, 0.0, 1.0, 0.0, 0.454651, 0.0, 0.0, 0.0, 1.0],
                [0.999967, 0.0, -0.008177, -0.170144, -0.008177, 0.0, -0.999967, -0.271765, 0.0, 1.0, 0.0, 0.454651, 0.0, 0.0, 0.0, 1.0],
                [0.999967, 0.0, -0.008177, -0.170812, -0.008177, 0.0, -0.999967, -0.153704, 0.0, 1.0, 0.0, 0.454651, 0.0, 0.0, 0.0, 1.0],
                [0.999967, 0.0, -0.008177, -0.171116, -0.008177, 0.0, -0.999967, -0.035485, 0.0, 1.0, 0.0, 0.454651, 0.0, 0.0, 0.0, 1.0],
                [0.999967, 0.0, -0.008177, -0.17069, -0.008177, 0.0, -0.999967, 0.055734, 0.0, 1.0, 0.0, 0.454651, 0.0, 0.0, 0.0, 1.0],
                [0.999967, 0.0, -0.008177, -0.169172, -0.008177, 0.0, -0.999967, 0.0928, 0.0, 1.0, 0.0, 0.454651, 0.0, 0.0, 0.0, 1.0],
                [0.999378, 0.0, -0.035265, -0.161327, -0.035265, 0.0, -0.999378, 0.078758, 0.0, 1.0, 0.0, 0.454651, 0.0, 0.0, 0.0, 1.0],
                [0.994113, 0.0, -0.108345, -0.144597, -0.108345, 0.0, -0.994113, 0.041317, 0.0, 1.0, 0.0, 0.454651, 0.0, 0.0, 0.0, 1.0],
                [0.976745, 0.0, -0.214407, -0.122629, -0.214407, 0.0, -0.976745, -0.009678, 0.0, 1.0, 0.0, 0.454651, 0.0, 0.0, 0.0, 1.0],
                [0.926794, 0.0, -0.37557, -0.074218, -0.37557, 0.0, -0.926794, -0.023882, 0.0, 1.0, 0.0, 0.454651, 0.0, 0.0, 0.0, 1.0],
                [0.812706, 0.0, -0.582674, 0.003172, -0.582674, 0.0, -0.812706, 0.024485, 0.0, 1.0, 0.0, 0.454651, 0.0, 0.0, 0.0, 1.0],
                [0.634946, 0.0, -0.772557, 0.085709, -0.772557, 0.0, -0.634946, 0.112671, 0.0, 1.0, 0.0, 0.454651, 0.0, 0.0, 0.0, 1.0],
                [0.433608, 0.0, -0.901101, 0.16716, -0.901101, 0.0, -0.433608, 0.215711, 0.0, 1.0, 0.0, 0.454651, 0.0, 0.0, 0.0, 1.0],
                [0.271015, 0.0, -0.962575, 0.235774, -0.962575, 0.0, -0.271015, 0.297302, 0.0, 1.0, 0.0, 0.454651, 0.0, 0.0, 0.0, 1.0],
                [0.205867, 0.0, -0.97858, 0.265924, -0.97858, 0.0, -0.205867, 0.328322, 0.0, 1.0, 0.0, 0.454651, 0.0, 0.0, 0.0, 1.0],
                [0.237884, 0.0, -0.971293, 0.26725, -0.971293, 0.0, -0.237884, 0.323765, 0.0, 1.0, 0.0, 0.454651, 0.0, 0.0, 0.0, 1.0],
                [0.317122, 0.0, -0.948385, 0.267621, -0.948385, 0.0, -0.317122, 0.317042, 0.0, 1.0, 0.0, 0.454651, 0.0, 0.0, 0.0, 1.0],
                [0.417288, 0.0, -0.908774, 0.267356, -0.908774, 0.0, -0.417288, 0.30949, 0.0, 1.0, 0.0, 0.454651, 0.0, 0.0, 0.0, 1.0],
                [0.512613, 0.0, -0.85862, 0.266772, -0.85862, 0.0, -0.512613, 0.302442, 0.0, 1.0, 0.0, 0.454651, 0.0, 0.0, 0.0, 1.0],
                [0.58163, 0.0, -0.813453, 0.266189, -0.813453, 0.0, -0.58163, 0.297234, 0.0, 1.0, 0.0, 0.454651, 0.0, 0.0, 0.0, 1.0],
                [0.608023, 0.0, -0.79392, 0.265924, -0.79392, 0.0, -0.608023, 0.295201, 0.0, 1.0, 0.0, 0.454651, 0.0, 0.0, 0.0, 1.0],
                [0.608023, 0.0, -0.79392, 0.265924, -0.79392, 0.0, -0.608023, 0.295201, 0.0, 1.0, 0.0, 0.454651, 0.0, 0.0, 0.0, 1.0],
                [0.608023, 0.0, -0.79392, 0.265924, -0.79392, 0.0, -0.608023, 0.295201, 0.0, 1.0, 0.0, 0.454651, 0.0, 0.0, 0.0, 1.0],
                [0.608023, 0.0, -0.79392, 0.265924, -0.79392, 0.0, -0.608023, 0.295201, 0.0, 1.0, 0.0, 0.454651, 0.0, 0.0, 0.0, 1.0],
                [0.608023, 0.0, -0.79392, 0.265924, -0.79392, 0.0, -0.608023, 0.295201, 0.0, 1.0, 0.0, 0.454651, 0.0, 0.0, 0.0, 1.0],
                [0.608023, 0.0, -0.79392, 0.265924, -0.79392, 0.0, -0.608023, 0.295201, 0.0, 1.0, 0.0, 0.454651, 0.0, 0.0, 0.0, 1.0],
                [0.608023, 0.0, -0.79392, 0.265924, -0.79392, 0.0, -0.608023, 0.295201, 0.0, 1.0, 0.0, 0.454651, 0.0, 0.0, 0.0, 1.0],
                [0.608023, 0.0, -0.79392, 0.265924, -0.79392, 0.0, -0.608023, 0.295201, 0.0, 1.0, 0.0, 0.454651, 0.0, 0.0, 0.0, 1.0],
                [0.608023, 0.0, -0.79392, 0.265924, -0.79392, 0.0, -0.608023, 0.295201, 0.0, 1.0, 0.0, 0.454651, 0.0, 0.0, 0.0, 1.0],
                [0.608023, 0.0, -0.79392, 0.265924, -0.79392, 0.0, -0.608023, 0.295201, 0.0, 1.0, 0.0, 0.454651, 0.0, 0.0, 0.0, 1.0],
                [0.608023, 0.0, -0.79392, 0.265924, -0.79392, 0.0, -0.608023, 0.295201, 0.0, 1.0, 0.0, 0.454651, 0.0, 0.0, 0.0, 1.0],
                [0.608023, 0.0, -0.79392, 0.265924, -0.79392, 0.0, -0.608023, 0.295201, 0.0, 1.0, 0.0, 0.454651, 0.0, 0.0, 0.0, 1.0],
                [0.608023, 0.0, -0.79392, 0.265924, -0.79392, 0.0, -0.608023, 0.295201, 0.0, 1.0, 0.0, 0.454651, 0.0, 0.0, 0.0, 1.0],
                [0.608023, 0.0, -0.79392, 0.265924, -0.79392, 0.0, -0.608023, 0.295201, 0.0, 1.0, 0.0, 0.454651, 0.0, 0.0, 0.0, 1.0],
                [0.608023, 0.0, -0.79392, 0.265924, -0.79392, 0.0, -0.608023, 0.295201, 0.0, 1.0, 0.0, 0.454651, 0.0, 0.0, 0.0, 1.0],
                [0.608023, 0.0, -0.79392, 0.265924, -0.79392, 0.0, -0.608023, 0.295201, 0.0, 1.0, 0.0, 0.454651, 0.0, 0.0, 0.0, 1.0],
                [0.608023, 0.0, -0.79392, 0.265924, -0.79392, 0.0, -0.608023, 0.295201, 0.0, 1.0, 0.0, 0.454651, 0.0, 0.0, 0.0, 1.0],
                [0.608023, 0.0, -0.79392, 0.265924, -0.79392, 0.0, -0.608023, 0.295201, 0.0, 1.0, 0.0, 0.454651, 0.0, 0.0, 0.0, 1.0],
                [0.608023, 0.0, -0.79392, 0.265924, -0.79392, 0.0, -0.608023, 0.295201, 0.0, 1.0, 0.0, 0.454651, 0.0, 0.0, 0.0, 1.0],
                [0.609456, 0.0, -0.79282, 0.265002, -0.79282, 0.0, -0.609456, 0.296002, 0.0, 1.0, 0.0, 0.455794, 0.0, 0.0, 0.0, 1.0],
                [0.613608, 0.0, -0.789611, 0.262325, -0.789611, 0.0, -0.613608, 0.298326, 0.0, 1.0, 0.0, 0.459106, 0.0, 0.0, 0.0, 1.0],
                [0.620249, 0.0, -0.784405, 0.258011, -0.784405, 0.0, -0.620249, 0.302059, 0.0, 1.0, 0.0, 0.464414, 0.0, 0.0, 0.0, 1.0],
                [0.629142, 0.0, -0.777291, 0.252174, -0.777291, 0.0, -0.629142, 0.307092, 0.0, 1.0, 0.0, 0.471545, 0.0, 0.0, 0.0, 1.0],
                [0.640042, 0.0, -0.76834, 0.244919, -0.76834, 0.0, -0.640042, 0.313317, 0.0, 1.0, 0.0, 0.480325, 0.0, 0.0, 0.0, 1.0],
                [0.652692, 0.0, -0.757623, 0.236352, -0.757623, 0.0, -0.652692, 0.32063, 0.0, 1.0, 0.0, 0.49058, 0.0, 0.0, 0.0, 1.0],
                [0.666828, 0.0, -0.745211, 0.226577, -0.745211, 0.0, -0.666828, 0.328926, 0.0, 1.0, 0.0, 0.502136, 0.0, 0.0, 0.0, 1.0],
                [0.682174, 0.0, -0.73119, 0.215704, -0.73119, 0.0, -0.682174, 0.338102, 0.0, 1.0, 0.0, 0.514821, 0.0, 0.0, 0.0, 1.0],
                [0.698447, 0.0, -0.715662, 0.203843, -0.715662, 0.0, -0.698447, 0.348055, 0.0, 1.0, 0.0, 0.528461, 0.0, 0.0, 0.0, 1.0],
                [0.715361, 0.0, -0.698755, 0.191117, -0.698755, 0.0, -0.715361, 0.358679, 0.0, 1.0, 0.0, 0.542881, 0.0, 0.0, 0.0, 1.0],
                [0.732632, 0.0, -0.680625, 0.177652, -0.680625, 0.0, -0.732632, 0.369865, 0.0, 1.0, 0.0, 0.55791, 0.0, 0.0, 0.0, 1.0],
                [0.749982, 0.0, -0.661458, 0.163586, -0.661458, 0.0, -0.749982, 0.381502, 0.0, 1.0, 0.0, 0.573372, 0.0, 0.0, 0.0, 1.0],
                [0.767146, 0.0, -0.641472, 0.149065, -0.641472, 0.0, -0.767146, 0.393474, 0.0, 1.0, 0.0, 0.589094, 0.0, 0.0, 0.0, 1.0],
                [0.783881, 0.0, -0.620911, 0.134246, -0.620911, 0.0, -0.783881, 0.405658, 0.0, 1.0, 0.0, 0.604903, 0.0, 0.0, 0.0, 1.0],
                [0.799966, 0.0, -0.600046, 0.119296, -0.600046, 0.0, -0.799966, 0.417927, 0.0, 1.0, 0.0, 0.620625, 0.0, 0.0, 0.0, 1.0],
                [0.81521, 0.0, -0.579166, 0.10439, -0.579166, 0.0, -0.81521, 0.430145, 0.0, 1.0, 0.0, 0.636087, 0.0, 0.0, 0.0, 1.0],
                [0.829455, 0.0, -0.558573, 0.089714, -0.558573, 0.0, -0.829455, 0.44217, 0.0, 1.0, 0.0, 0.651115, 0.0, 0.0, 0.0, 1.0],
                [0.842575, 0.0, -0.538578, 0.075459, -0.538578, 0.0, -0.842575, 0.453851, 0.0, 1.0, 0.0, 0.665536, 0.0, 0.0, 0.0, 1.0],
                [0.854476, 0.0, -0.519491, 0.061824, -0.519491, 0.0, -0.854476, 0.465032, 0.0, 1.0, 0.0, 0.679176, 0.0, 0.0, 0.0, 1.0],
                [0.865089, 0.0, -0.501619, 0.049014, -0.501619, 0.0, -0.865089, 0.475548, 0.0, 1.0, 0.0, 0.691861, 0.0, 0.0, 0.0, 1.0],
                [0.874372, 0.0, -0.485257, 0.037237, -0.485257, 0.0, -0.874372, 0.485231, 0.0, 1.0, 0.0, 0.703417, 0.0, 0.0, 0.0, 1.0],
                [0.882297, 0.0, -0.470693, 0.026703, -0.470693, 0.0, -0.882297, 0.493905, 0.0, 1.0, 0.0, 0.713672, 0.0, 0.0, 0.0, 1.0],
                [0.888847, 0.0, -0.458203, 0.017623, -0.458203, 0.0, -0.888847, 0.501393, 0.0, 1.0, 0.0, 0.722452, 0.0, 0.0, 0.0, 1.0],
                [0.894008, 0.0, -0.448051, 0.010207, -0.448051, 0.0, -0.894008, 0.507518, 0.0, 1.0, 0.0, 0.729583, 0.0, 0.0, 0.0, 1.0],
                [0.897757, 0.0, -0.440491, 0.004663, -0.440491, 0.0, -0.897757, 0.512103, 0.0, 1.0, 0.0, 0.734891, 0.0, 0.0, 0.0, 1.0],
                [0.900056, 0.0, -0.435775, 0.001194, -0.435775, 0.0, -0.900056, 0.514974, 0.0, 1.0, 0.0, 0.738203, 0.0, 0.0, 0.0, 1.0],
                [0.900842, 0.0, -0.434148, -5e-06, -0.434148, 0.0, -0.900842, 0.515967, 0.0, 1.0, 0.0, 0.739346, 0.0, 0.0, 0.0, 1.0]
            ]
        },
        {
            "name": "Thigh_R",
            "time": [0.0, 0.0167, 0.0333, 0.05, 0.0667, 0.0833, 0.1, 0.1167, 0.1333, 0.15, 0.1667, 0.1833, 0.2, 0.2167, 0.2333, 0.25, 0.2667, 0.2833, 0.3, 0.3167, 0.3333, 0.35, 0.3667, 0.3833, 0.4, 0.4167, 0.4333, 0.45, 0.4667, 0.4833, 0.5, 0.5167, 0.5333, 0.55, 0.5667, 0.5833, 0.6, 0.6167, 0.6333, 0.65, 0.6667, 0.6833, 0.7, 0.7167, 0.7333, 0.75, 0.7667, 0.7833, 0.8, 0.8167, 0.8333, 0.85, 0.8667, 0.8833, 0.9, 0.9167, 0.9333, 0.95, 0.9667, 0.9833, 1.0, 1.0167, 1.0333, 1.05, 1.0667, 1.0833, 1.1, 1.1167, 1.1333, 1.15, 1.1667, 1.1833, 1.2, 1.2167, 1.2333, 1.25, 1.2667, 1.2833, 1.3, 1.3167, 1.3333, 1.35, 1.3667, 1.3833, 1.4, 1.4167, 1.4333, 1.45, 1.4667, 1.4833, 1.5],
            "transform": [
                [0.680639, 0.514185, 0.521843, 0.124994, 0.689809, -0.689721, -0.220096, -0.002831, 0.246765, 0.509803, -0.824112, -1.2e-05, 0.0, 0.0, 0.0, 1.0],
                [0.684413, 0.545303, 0.483943, 0.124995, 0.686663, -0.705239, -0.17643, -0.002831, 0.245096, 0.453082, -0.857086, 0.000161, 0.0, 0.0, 0.0, 1.0],
                [0.694646, 0.594117, 0.405553, 0.124999, 0.67794, -0.72922, -0.092905, -0.002831, 0.240549, 0.339501, -0.909297, 0.000664, 0.0, 0.0, 0.0, 1.0],
                [0.70949, 0.63265, 0.310421, 0.125006, 0.664801, -0.747012, 0.003011, -0.002831, 0.233801, 0.204256, -0.950557, 0.001474, 0.0, 0.0, 0.0, 1.0],
                [0.727065, 0.65445, 0.207506, 0.125015, 0.648472, -0.753883, 0.105553, -0.002831, 0.225522, 0.057841, -0.972488, 0.002566, 0.0, 0.0, 0.0, 1.0],
                [0.745679, 0.658215, 0.103467, 0.125026, 0.630196, -0.74714, 0.211263, -0.002831, 0.216368, -0.092309, -0.971905, 0.003918, 0.0, 0.0, 0.0, 1.0],
                [0.76395, 0.645256, 0.004219, 0.125039, 0.611186, -0.725675, 0.315981, -0.002831, 0.206957, -0.238796, -0.948725, 0.005505, 0.0, 0.0, 0.0, 1.0],
                [0.780841, 0.618928, -0.084919, 0.125054, 0.592576, -0.690732, 0.414412, -0.002831, 0.197842, -0.373894, -0.906088, 0.007305, 0.0, 0.0, 0.0, 1.0],
                [0.795625, 0.584285, -0.159963, 0.12507, 0.575387, -0.646272, 0.501254, -0.002831, 0.189502, -0.490836, -0.850354, 0.009294, 0.0, 0.0, 0.0, 1.0],
                [0.807816, 0.547482, -0.218389, 0.125088, 0.560521, -0.5989, 0.57195, -0.002831, 0.182345, -0.58443, -0.79065, 0.011447, 0.0, 0.0, 0.0, 1.0],
                [0.817073, 0.514699, -0.259757, 0.125106, 0.54878, -0.55622, 0.624059, -0.002831, 0.176726, -0.65244, -0.736903, 0.013742, 0.0, 0.0, 0.0, 1.0],
                [0.823101, 0.491273, -0.284873, 0.125126, 0.54091, -0.525424, 0.65676, -0.002831, 0.172975, -0.694661, -0.698185, 0.016155, 0.0, 0.0, 0.0, 1.0],
                [0.825553, 0.481341, -0.294566, 0.125147, 0.537656, -0.512321, 0.669657, -0.002831, 0.171427, -0.711205, -0.681717, 0.018662, 0.0, 0.0, 0.0, 1.0],
                [0.825736, 0.48074, -0.295035, 0.125168, 0.536978, -0.509867, 0.67207, -0.002831, 0.172668, -0.713371, -0.679136, 0.02124, 0.0, 0.0, 0.0, 1.0],
                [0.82534, 0.482702, -0.292934, 0.125189, 0.536288, -0.50783, 0.67416, -0.002831, 0.176664, -0.713499, -0.677973, 0.023865, 0.0, 0.0, 0.0, 1.0],
                [0.82446, 0.486697, -0.288772, 0.125211, 0.535566, -0.506147, 0.675996, -0.002831, 0.182851, -0.71198, -0.67793, 0.026513, 0.0, 0.0, 0.0, 1.0],
                [0.823183, 0.492191, -0.283044, 0.125233, 0.534804, -0.504754, 0.67764, -0.002831, 0.190667, -0.709186, -0.678704, 0.029162, 0.0, 0.0, 0.0, 1.0],
                [0.821598, 0.498661, -0.276243, 0.125254, 0.533997, -0.503587, 0.679142, -0.002831, 0.199556, -0.705486, -0.680003, 0.031787, 0.0, 0.0, 0.0, 1.0],
                [0.819806, 0.505596, -0.268865, 0.125275, 0.533152, -0.502579, 0.680551, -0.002831, 0.208965, -0.701257, -0.68155, 0.034365, 0.0, 0.0, 0.0, 1.0],
                [0.817926, 0.5125, -0.261413, 0.125296, 0.532279, -0.50166, 0.681911, -0.002831, 0.218347, -0.696889, -0.683088, 0.036872, 0.0, 0.0, 0.0, 1.0],
                [0.8161, 0.518902, -0.254398, 0.125315, 0.531392, -0.500759, 0.683263, -0.002831, 0.227162, -0.692788, -0.684384, 0.039285, 0.0, 0.0, 0.0, 1.0],
                [0.814488, 0.524342, -0.248339, 0.125334, 0.530511, -0.499803, 0.684647, -0.002831, 0.234876, -0.689374, -0.685227, 0.04158, 0.0, 0.0, 0.0, 1.0],
                [0.813264, 0.528377, -0.243756, 0.125352, 0.52966, -0.498715, 0.686098, -0.002831, 0.240962, -0.687078, -0.68542, 0.043733, 0.0, 0.0, 0.0, 1.0],
                [0.812606, 0.53057, -0.241172, 0.125368, 0.528866, -0.497416, 0.687652, -0.002831, 0.244893, -0.686328, -0.684777, 0.045722, 0.0, 0.0, 0.0, 1.0],
                [0.812685, 0.530483, -0.241097, 0.125383, 0.528161, -0.495829, 0.689337, -0.002831, 0.246147, -0.687543, -0.683107, 0.047522, 0.0, 0.0, 0.0, 1.0],
                [0.80184, 0.558935, -0.211286, 0.125396, 0.54194, -0.531311, 0.651152, -0.002831, 0.251702, -0.636612, -0.728909, 0.049109, 0.0, 0.0, 0.0, 1.0],
                [0.770463, 0.627352, -0.113179, 0.125407, 0.579053, -0.614475, 0.535828, -0.002831, 0.266616, -0.478357, -0.836676, 0.050461, 0.0, 0.0, 0.0, 1.0],
                [0.720617, 0.690867, 0.058336, 0.125416, 0.630968, -0.68835, 0.35784, -0.002831, 0.287385, -0.221037, -0.931929, 0.051553, 0.0, 0.0, 0.0, 1.0],
                [0.658535, 0.700864, 0.274045, 0.125422, 0.686053, -0.708792, 0.164144, -0.002831, 0.309294, 0.07994, -0.947572, 0.052363, 0.0, 0.0, 0.0, 1.0],
                [0.601258, 0.643955, 0.473057, 0.125426, 0.729349, -0.684127, 0.004289, -0.002831, 0.326404, 0.342472, -0.880982, 0.052866, 0.0, 0.0, 0.0, 1.0],
                [0.57685, 0.588538, 0.566421, 0.125428, 0.745921, -0.662172, -0.071609, -0.002831, 0.332936, 0.463841, -0.820954, 0.053039, 0.0, 0.0, 0.0, 1.0],
                [0.606162, 0.625901, 0.490701, 0.125428, 0.731958, -0.680378, -0.036328, -0.002831, 0.311135, 0.381221, -0.870529, 0.053039, 0.0, 0.0, 0.0, 1.0],
                [0.673221, 0.674833, 0.30225, 0.125428, 0.696845, -0.715746, 0.045941, -0.002831, 0.247345, 0.179719, -0.952085, 0.053039, 0.0, 0.0, 0.0, 1.0],
                [0.747908, 0.661432, 0.055974, 0.125428, 0.648238, -0.745922, 0.152919, -0.002831, 0.142903, -0.078063, -0.986621, 0.053039, 0.0, 0.0, 0.0, 1.0],
                [0.802082, 0.565753, -0.191273, 0.125428, 0.597145, -0.754851, 0.271318, -0.002831, 0.009116, -0.331818, -0.943262, 0.053039, 0.0, 0.0, 0.0, 1.0],
                [0.820988, 0.415571, -0.391503, 0.125428, 0.555569, -0.739541, 0.380022, -0.002831, -0.131612, -0.529487, -0.838006, 0.053039, 0.0, 0.0, 0.0, 1.0],
                [0.807111, 0.267437, -0.526345, 0.125428, 0.533011, -0.713473, 0.454806, -0.002831, -0.253912, -0.647617, -0.718373, 0.053039, 0.0, 0.0, 0.0, 1.0],
                [0.779148, 0.157573, -0.606699, 0.125428, 0.520658, -0.70165, 0.48641, -0.002831, -0.349059, -0.694861, -0.628706, 0.053039, 0.0, 0.0, 0.0, 1.0],
                [0.754666, 0.088403, -0.650112, 0.125428, 0.5074, -0.706829, 0.492879, -0.002831, -0.415963, -0.701819, -0.578251, 0.053039, 0.0, 0.0, 0.0, 1.0],
                [0.745036, 0.060772, -0.664234, 0.125428, 0.497813, -0.713471, 0.493086, -0.002831, -0.443964, -0.698025, -0.56179, 0.053039, 0.0, 0.0, 0.0, 1.0],
                [0.761944, 0.068261, -0.644021, 0.125428, 0.484795, -0.719488, 0.497296, -0.002831, -0.429436, -0.691122, -0.581278, 0.053039, 0.0, 0.0, 0.0, 1.0],
                [0.800617, 0.099547, -0.590836, 0.125428, 0.460911, -0.732389, 0.501158, -0.002831, -0.382849, -0.67355, -0.632221, 0.053039, 0.0, 0.0, 0.0, 1.0],
                [0.845309, 0.142525, -0.514907, 0.125428, 0.432136, -0.749119, 0.502066, -0.002831, -0.314182, -0.646899, -0.694804, 0.053039, 0.0, 0.0, 0.0, 1.0],
                [0.882684, 0.185045, -0.431996, 0.125428, 0.40494, -0.765982, 0.499286, -0.002831, -0.23852, -0.615631, -0.751029, 0.053039, 0.0, 0.0, 0.0, 1.0],
                [0.905782, 0.216555, -0.364224, 0.125428, 0.385226, -0.778886, 0.494902, -0.002831, -0.176523, -0.588567, -0.788901, 0.053039, 0.0, 0.0, 0.0, 1.0],
                [0.913538, 0.228779, -0.33631, 0.125428, 0.377699, -0.783991, 0.492638, -0.002831, -0.150965, -0.577052, -0.802593, 0.053039, 0.0, 0.0, 0.0, 1.0],
                [0.913538, 0.228779, -0.33631, 0.125428, 0.377699, -0.783991, 0.492638, -0.002831, -0.150965, -0.577052, -0.802593, 0.053039, 0.0, 0.0, 0.0, 1.0],
                [0.913538, 0.228779, -0.33631, 0.125428, 0.377699, -0.783991, 0.492638, -0.002831, -0.150965, -0.577052, -0.802593, 0.053039, 0.0, 0.0, 0.0, 1.0],
                [0.913538, 0.228779, -0.33631, 0.125428, 0.377699, -0.783991, 0.492638, -0.002831, -0.150965, -0.577052, -0.802593, 0.053039, 0.0, 0.0, 0.0, 1.0],
                [0.913538, 0.228779, -0.33631, 0.125428, 0.377699, -0.783991, 0.492638, -0.002831, -0.150965, -0.577052, -0.802593, 0.053039, 0.0, 0.0, 0.0, 1.0],
                [0.913538, 0.228779, -0.33631, 0.125428, 0.377699, -0.783991, 0.492638, -0.002831, -0.150965, -0.577052, -0.802593, 0.053039, 0.0, 0.0, 0.0, 1.0],
                [0.913538, 0.228779, -0.33631, 0.125428, 0.377699, -0.783991, 0.492638, -0.002831, -0.150965, -0.577052, -0.802593, 0.053039, 0.0, 0.0, 0.0, 1.0],
                [0.913538, 0.228779, -0.33631, 0.125428, 0.377699, -0.783991, 0.492638, -0.002831, -0.150965, -0.577052, -0.802593, 0.053039, 0.0, 0.0, 0.0, 1.0],
                [0.913538, 0.228779, -0.33631, 0.125428, 0.377699, -0.783991, 0.492638, -0.002831, -0.150965, -0.577052, -0.802593, 0.053039, 0.0, 0.0, 0.0, 1.0],
                [0.913538, 0.228779, -0.33631, 0.125428, 0.377699, -0.783991, 0.492638, -0.002831, -0.150965, -0.577052, -0.802593, 0.053039, 0.0, 0.0, 0.0, 1.0],
                [0.913538, 0.228779, -0.33631, 0.125428, 0.377699, -0.783991, 0.492638, -0.002831, -0.150965, -0.577052, -0.802593, 0.053039, 0.0, 0.0, 0.0, 1.0],
                [0.913538, 0.228779, -0.33631, 0.125428, 0.377699, -0.783991, 0.492638, -0.002831, -0.150965, -0.577052, -0.802593, 0.053039, 0.0, 0.0, 0.0, 1.0],
                [0.913538, 0.228779, -0.33631, 0.125428, 0.377699, -0.783991, 0.492638, -0.002831, -0.150965, -0.577052, -0.802593, 0.053039, 0.0, 0.0, 0.0, 1.0],
                [0.913538, 0.228779, -0.33631, 0.125428, 0.377699, -0.783991, 0.492638, -0.002831, -0.150965, -0.577052, -0.802593, 0.053039, 0.0, 0.0, 0.0, 1.0],
                [0.913538, 0.228779, -0.33631, 0.125428, 0.377699, -0.783991, 0.492638, -0.002831, -0.150965, -0.577052, -0.802593, 0.053039, 0.0, 0.0, 0.0, 1.0],
                [0.913538, 0.228779, -0.33631, 0.125428, 0.377699, -0.783991, 0.492638, -0.002831, -0.150965, -0.577052, -0.802593, 0.053039, 0.0, 0.0, 0.0, 1.0],
                [0.913538, 0.228779, -0.33631, 0.125428, 0.377699, -0.783991, 0.492638, -0.002831, -0.150965, -0.577052, -0.802593, 0.053039, 0.0, 0.0, 0.0, 1.0],
                [0.913538, 0.228779, -0.33631, 0.125428, 0.377699, -0.783991, 0.492638, -0.002831, -0.150965, -0.577052, -0.802593, 0.053039, 0.0, 0.0, 0.0, 1.0],
                [0.913538, 0.228779, -0.33631, 0.125428, 0.377699, -0.783991, 0.492638, -0.002831, -0.150965, -0.577052, -0.802593, 0.053039, 0.0, 0.0, 0.0, 1.0],
                [0.914022, 0.228076, -0.335474, 0.125426, 0.376711, -0.784029, 0.493333, -0.002831, -0.150511, -0.577278, -0.802516, 0.052826, 0.0, 0.0, 0.0, 1.0],
                [0.915457, 0.226024, -0.332939, 0.125421, 0.373745, -0.784243, 0.495245, -0.002831, -0.149174, -0.577795, -0.802394, 0.052209, 0.0, 0.0, 0.0, 1.0],
                [0.917809, 0.222733, -0.328652, 0.125413, 0.368814, -0.784763, 0.49811, -0.002831, -0.146975, -0.578366, -0.802388, 0.051219, 0.0, 0.0, 0.0, 1.0],
                [0.921024, 0.218336, -0.322555, 0.125402, 0.361949, -0.785692, 0.501668, -0.002831, -0.143903, -0.578781, -0.802646, 0.049891, 0.0, 0.0, 0.0, 1.0],
                [0.925022, 0.212982, -0.314596, 0.125389, 0.353207, -0.787105, 0.505669, -0.002831, -0.139928, -0.578856, -0.803294, 0.048255, 0.0, 0.0, 0.0, 1.0],
                [0.929699, 0.206845, -0.30475, 0.125373, 0.342687, -0.789039, 0.509874, -0.002831, -0.135, -0.578447, -0.804431, 0.046344, 0.0, 0.0, 0.0, 1.0],
                [0.934927, 0.200116, -0.293022, 0.125355, 0.330534, -0.791511, 0.51405, -0.002831, -0.129066, -0.577437, -0.806129, 0.04419, 0.0, 0.0, 0.0, 1.0],
                [0.940555, 0.19301, -0.279465, 0.125336, 0.316945, -0.794514, 0.51796, -0.002831, -0.122072, -0.575728, -0.808437, 0.041827, 0.0, 0.0, 0.0, 1.0],
                [0.946413, 0.185765, -0.26418, 0.125315, 0.302174, -0.798047, 0.521346, -0.002831, -0.113985, -0.57322, -0.811395, 0.039285, 0.0, 0.0, 0.0, 1.0],
                [0.952324, 0.178632, -0.24732, 0.125293, 0.286523, -0.802124, 0.523917, -0.002831, -0.104798, -0.569786, -0.815044, 0.036598, 0.0, 0.0, 0.0, 1.0],
                [0.958114, 0.171863, -0.229083, 0.12527, 0.270331, -0.806808, 0.525329, -0.002831, -0.094545, -0.565237, -0.819453, 0.033797, 0.0, 0.0, 0.0, 1.0],
                [0.963623, 0.165697, -0.209699, 0.125247, 0.253949, -0.812223, 0.525159, -0.002831, -0.083308, -0.559291, -0.824735, 0.030916, 0.0, 0.0, 0.0, 1.0],
                [0.968719, 0.160332, -0.18941, 0.125223, 0.237722, -0.818579, 0.522882, -0.002831, -0.071216, -0.551536, -0.831066, 0.027986, 0.0, 0.0, 0.0, 1.0],
                [0.973304, 0.155901, -0.168447, 0.125199, 0.221958, -0.826172, 0.517845, -0.002831, -0.058437, -0.541391, -0.838698, 0.025041, 0.0, 0.0, 0.0, 1.0],
                [0.977317, 0.152454, -0.147, 0.125175, 0.206909, -0.835388, 0.50922, -0.002831, -0.045172, -0.528068, -0.847961, 0.022111, 0.0, 0.0, 0.0, 1.0],
                [0.980793, 0.149907, -0.124794, 0.125151, 0.19249, -0.847271, 0.495046, -0.002831, -0.031526, -0.509542, -0.859829, 0.01923, 0.0, 0.0, 0.0, 1.0],
                [0.983701, 0.148073, -0.102017, 0.125128, 0.178936, -0.862098, 0.474089, -0.002831, -0.01775, -0.484599, -0.874517, 0.016429, 0.0, 0.0, 0.0, 1.0],
                [0.985996, 0.146751, -0.079215, 0.125106, 0.166712, -0.879474, 0.445785, -0.002831, -0.004249, -0.452732, -0.891597, 0.013742, 0.0, 0.0, 0.0, 1.0],
                [0.987714, 0.145599, -0.056766, 0.125086, 0.156036, -0.898775, 0.409696, -0.002831, 0.008631, -0.413504, -0.910423, 0.0112, 0.0, 0.0, 0.0, 1.0],
                [0.988929, 0.144208, -0.034971, 0.125066, 0.14695, -0.919018, 0.365795, -0.002831, 0.020612, -0.366869, -0.930006, 0.008837, 0.0, 0.0, 0.0, 1.0],
                [0.989737, 0.142203, -0.014058, 0.125049, 0.139387, -0.939081, 0.314156, -0.002831, 0.031473, -0.312878, -0.949233, 0.006683, 0.0, 0.0, 0.0, 1.0],
                [0.990235, 0.139286, 0.005781, 0.125033, 0.133229, -0.957743, 0.254902, -0.002831, 0.041042, -0.251629, -0.966915, 0.004772, 0.0, 0.0, 0.0, 1.0],
                [0.990511, 0.135271, 0.024295, 0.12502, 0.128338, -0.973623, 0.188642, -0.002831, 0.049174, -0.183721, -0.98171, 0.003136, 0.0, 0.0, 0.0, 1.0],
                [0.990641, 0.130144, 0.041144, 0.125009, 0.124594, -0.98531, 0.116788, -0.002831, 0.055741, -0.110557, -0.992268, 0.001807, 0.0, 0.0, 0.0, 1.0],
                [0.990689, 0.124153, 0.055869, 0.125001, 0.121907, -0.991653, 0.041981, -0.002831, 0.060616, -0.034769, -0.997518, 0.000818, 0.0, 0.0, 0.0, 1.0],
                [0.990701, 0.118212, 0.067359, 0.124996, 0.120244, -0.992378, -0.026929, -0.002831, 0.063664, 0.034788, -0.997327, 0.000201, 0.0, 0.0, 0.0, 1.0],
                [0.990703, 0.115138, 0.072456, 0.124994, 0.119659, -0.99091, -0.061465, -0.002831, 0.064723, 0.069573, -0.995437, -1.2e-05, 0.0, 0.0, 0.0, 1.0]
            ]
        },
        {
            "name": "Leg_R",
            "time": [0.0, 0.0167, 0.0333, 0.05, 0.0667, 0.0833, 0.1, 0.1167, 0.1333, 0.15, 0.1667, 0.1833, 0.2, 0.2167, 0.2333, 0.25, 0.2667, 0.2833, 0.3, 0.3167, 0.3333, 0.35, 0.3667, 0.3833, 0.4, 0.4167, 0.4333, 0.45, 0.4667, 0.4833, 0.5, 0.5167, 0.5333, 0.55, 0.5667, 0.5833, 0.6, 0.6167, 0.6333, 0.65, 0.6667, 0.6833, 0.7, 0.7167, 0.7333, 0.75, 0.7667, 0.7833, 0.8, 0.8167, 0.8333, 0.85, 0.8667, 0.8833, 0.9, 0.9167, 0.9333, 0.95, 0.9667, 0.9833, 1.0, 1.0167, 1.0333, 1.05, 1.0667, 1.0833, 1.1, 1.1167, 1.1333, 1.15, 1.1667, 1.1833, 1.2, 1.2167, 1.2333, 1.25, 1.2667, 1.2833, 1.3, 1.3167, 1.3333, 1.35, 1.3667, 1.3833, 1.4, 1.4167, 1.4333, 1.45, 1.4667, 1.4833, 1.5],
            "transform": [
                [1.0, -0.000255, -0.000145, -0.0, 0.000282, 0.973555, 0.228449, 0.375166, 8.2e-05, -0.228454, 0.973556, -0.0, 0.0, 0.0, 0.0, 1.0],
                [1.0, -0.000381, -0.000182, -0.0, 0.00042, 0.940252, 0.34047, 0.375166, 4.1e-05, -0.340484, 0.940255, -0.0, 0.0, 0.0, 0.0, 1.0],
                [1.0, -0.000587, -0.000282, -0.0, 0.000648, 0.851027, 0.525106, 0.375166, -6.9e-05, -0.525133, 0.851034, 0.0, 0.0, 0.0, 0.0, 1.0],
                [1.0, -0.000771, -0.000423, 0.0, 0.00085, 0.724296, 0.68947, 0.375166, -0.000225, -0.689505, 0.724308, 0.0, 0.0, 0.0, 0.0, 1.0],
                [1.0, -0.000912, -0.000586, 0.0, 0.001005, 0.579166, 0.815191, 0.375166, -0.000404, -0.815229, 0.579179, -0.0, 0.0, 0.0, 0.0, 1.0],
                [0.999999, -0.001008, -0.000749, 0.0, 0.001112, 0.433149, 0.901305, 0.375166, -0.000584, -0.901343, 0.433162, 0.0, 0.0, 0.0, 0.0, 1.0],
                [0.999999, -0.001067, -0.000897, 0.0, 0.001176, 0.300136, 0.95388, 0.375166, -0.000748, -0.953917, 0.300148, 0.0, 0.0, 0.0, 0.0, 1.0],
                [0.999999, -0.001098, -0.001021, -0.0, 0.001211, 0.189718, 0.981823, 0.375166, -0.000884, -0.981858, 0.189729, -0.0, 0.0, 0.0, 0.0, 1.0],
                [0.999999, -0.001112, -0.001115, -0.0, 0.001226, 0.106078, 0.994342, 0.375166, -0.000987, -0.994376, 0.106088, 0.0, 0.0, 0.0, 0.0, 1.0],
                [0.999999, -0.001117, -0.001178, -0.0, 0.001232, 0.049419, 0.998763, 0.375166, -0.001057, -0.998796, 0.049429, -0.0, 0.0, 0.0, 0.0, 1.0],
                [0.999999, -0.001118, -0.001216, -0.0, 0.001233, 0.015756, 0.999861, 0.375166, -0.001099, -0.999893, 0.015766, -0.0, 0.0, 0.0, 0.0, 1.0],
                [0.999999, -0.001118, -0.001234, 0.0, 0.001233, -0.000689, 0.999985, 0.375166, -0.001119, -1.000016, -0.00068, -0.0, 0.0, 0.0, 0.0, 1.0],
                [0.999999, -0.001118, -0.001239, -0.0, 0.001233, -0.005332, 0.999971, 0.375166, -0.001125, -1.000003, -0.005322, -0.0, 0.0, 0.0, 0.0, 1.0],
                [0.999998, -0.001118, -0.001239, -0.0, 0.001233, -0.00528, 0.999971, 0.375166, -0.001125, -1.000003, -0.00527, 0.0, 0.0, 0.0, 0.0, 1.0],
                [0.999999, -0.001118, -0.001239, 0.0, 0.001233, -0.005405, 0.99997, 0.375166, -0.001125, -1.000002, -0.005396, 0.0, 0.0, 0.0, 0.0, 1.0],
                [0.999999, -0.001118, -0.00124, -0.0, 0.001233, -0.005724, 0.999968, 0.375166, -0.001125, -1.0, -0.005715, -0.0, 0.0, 0.0, 0.0, 1.0],
                [0.999999, -0.001118, -0.00124, 0.0, 0.001233, -0.006232, 0.999965, 0.375166, -0.001126, -0.999997, -0.006222, -0.0, 0.0, 0.0, 0.0, 1.0],
                [0.999999, -0.001118, -0.001241, 0.0, 0.001233, -0.006905, 0.999961, 0.375166, -0.001127, -0.999993, -0.006896, 0.0, 0.0, 0.0, 0.0, 1.0],
                [0.999999, -0.001118, -0.001242, -0.0, 0.001233, -0.007707, 0.999955, 0.375166, -0.001128, -0.999987, -0.007697, -0.0, 0.0, 0.0, 0.0, 1.0],
                [0.999999, -0.001118, -0.001243, 0.0, 0.001233, -0.008589, 0.999948, 0.375166, -0.001129, -0.99998, -0.00858, 0.0, 0.0, 0.0, 0.0, 1.0],
                [0.999999, -0.001118, -0.001244, 0.0, 0.001233, -0.009493, 0.99994, 0.375166, -0.00113, -0.999971, -0.009484, 0.0, 0.0, 0.0, 0.0, 1.0],
                [0.999999, -0.001118, -0.001245, 0.0, 0.001233, -0.010352, 0.999931, 0.375166, -0.001131, -0.999963, -0.010342, 0.0, 0.0, 0.0, 0.0, 1.0],
                [0.999999, -0.001118, -0.001246, -0.0, 0.001233, -0.01109, 0.999923, 0.375166, -0.001132, -0.999955, -0.011081, -0.0, 0.0, 0.0, 0.0, 1.0],
                [0.999998, -0.001118, -0.001246, 0.0, 0.001233, -0.011623, 0.999917, 0.375166, -0.001133, -0.999949, -0.011613, 0.0, 0.0, 0.0, 0.0, 1.0],
                [0.999999, -0.001118, -0.001247, -0.0, 0.001233, -0.011854, 0.999915, 0.375166, -0.001133, -0.999946, -0.011845, -0.0, 0.0, 0.0, 0.0, 1.0],
                [0.999999, -0.001118, -0.00124, 0.0, 0.001233, -0.006032, 0.999967, 0.375166, -0.001126, -0.999998, -0.006022, -0.0, 0.0, 0.0, 0.0, 1.0],
                [0.999999, -0.001117, -0.00118, -0.0, 0.001232, 0.048086, 0.998828, 0.375166, -0.001059, -0.998861, 0.048096, 0.0, 0.0, 0.0, 0.0, 1.0],
                [0.999999, -0.001095, -0.001005, -0.0, 0.001207, 0.204246, 0.978903, 0.375166, -0.000866, -0.978939, 0.204258, -0.0, 0.0, 0.0, 0.0, 1.0],
                [0.999999, -0.000994, -0.000721, 0.0, 0.001096, 0.457801, 0.889036, 0.375166, -0.000554, -0.889075, 0.457814, -0.0, 0.0, 0.0, 0.0, 1.0],
                [1.0, -0.000777, -0.000429, -0.0, 0.000857, 0.71945, 0.694525, 0.375166, -0.000231, -0.694561, 0.719461, -0.0, 0.0, 0.0, 0.0, 1.0],
                [1.0, -0.000607, -0.000294, 0.0, 0.000669, 0.839799, 0.542881, 0.375166, -8.3e-05, -0.542908, 0.839807, 0.0, 0.0, 0.0, 0.0, 1.0],
                [1.0, -0.000717, -0.000375, 0.0, 0.000791, 0.767562, 0.640955, 0.375166, -0.000172, -0.640988, 0.767573, -0.0, 0.0, 0.0, 0.0, 1.0],
                [0.999999, -0.000898, -0.000567, -0.0, 0.00099, 0.596057, 0.802923, 0.375166, -0.000383, -0.802961, 0.59607, -0.0, 0.0, 0.0, 0.0, 1.0],
                [0.999999, -0.001029, -0.000794, -0.0, 0.001134, 0.392403, 0.919776, 0.375166, -0.000634, -0.919814, 0.392415, 0.0, 0.0, 0.0, 0.0, 1.0],
                [0.999999, -0.001093, -0.000997, -0.0, 0.001206, 0.210983, 0.977473, 0.375166, -0.000858, -0.97751, 0.210994, 0.0, 0.0, 0.0, 0.0, 1.0],
                [0.999999, -0.001114, -0.001141, 0.0, 0.001229, 0.082566, 0.99657, 0.375166, -0.001017, -0.996603, 0.082577, -0.0, 0.0, 0.0, 0.0, 1.0],
                [0.999999, -0.001118, -0.001216, 0.0, 0.001233, 0.015622, 0.999862, 0.375166, -0.001099, -0.999895, 0.015632, 0.0, 0.0, 0.0, 0.0, 1.0],
                [0.999998, -0.001118, -0.001247, -0.0, 0.001233, -0.012303, 0.999909, 0.375166, -0.001134, -0.99994, -0.012294, -0.0, 0.0, 0.0, 0.0, 1.0],
                [0.999999, -0.001118, -0.001265, -0.0, 0.001233, -0.028425, 0.999581, 0.375166, -0.001153, -0.999612, -0.028415, 0.0, 0.0, 0.0, 0.0, 1.0],
                [0.999999, -0.001118, -0.001275, -0.0, 0.001232, -0.037523, 0.99928, 0.375166, -0.001164, -0.999312, -0.037514, 0.0, 0.0, 0.0, 0.0, 1.0],
                [0.999999, -0.001117, -0.001291, 0.0, 0.001232, -0.051129, 0.998677, 0.375166, -0.001181, -0.998708, -0.051119, -0.0, 0.0, 0.0, 0.0, 1.0],
                [0.999999, -0.001115, -0.001314, -0.0, 0.00123, -0.072167, 0.997377, 0.375166, -0.001207, -0.997408, -0.072158, 0.0, 0.0, 0.0, 0.0, 1.0],
                [0.999999, -0.001113, -0.001337, 0.0, 0.001228, -0.092879, 0.995663, 0.375166, -0.001233, -0.995692, -0.092869, -0.0, 0.0, 0.0, 0.0, 1.0],
                [0.999999, -0.001112, -0.001354, 0.0, 0.001226, -0.108156, 0.994119, 0.375166, -0.001252, -0.994148, -0.108147, 0.0, 0.0, 0.0, 0.0, 1.0],
                [0.999998, -0.001111, -0.001364, -0.0, 0.001225, -0.116675, 0.993155, 0.375166, -0.001262, -0.993184, -0.116666, -0.0, 0.0, 0.0, 0.0, 1.0],
                [0.999999, -0.00111, -0.001367, -0.0, 0.001225, -0.119341, 0.992838, 0.375166, -0.001265, -0.992868, -0.119331, 0.0, 0.0, 0.0, 0.0, 1.0],
                [0.999999, -0.00111, -0.001367, -0.0, 0.001225, -0.119341, 0.992838, 0.375166, -0.001265, -0.992868, -0.119331, 0.0, 0.0, 0.0, 0.0, 1.0],
                [0.999999, -0.00111, -0.001367, -0.0, 0.001225, -0.119341, 0.992838, 0.375166, -0.001265, -0.992868, -0.119331, 0.0, 0.0, 0.0, 0.0, 1.0],
                [0.999999, -0.00111, -0.001367, -0.0, 0.001225, -0.119341, 0.992838, 0.375166, -0.001265, -0.992868, -0.119331, 0.0, 0.0, 0.0, 0.0, 1.0],
                [0.999999, -0.00111, -0.001367, -0.0, 0.001225, -0.119341, 0.992838, 0.375166, -0.001265, -0.992868, -0.119331, 0.0, 0.0, 0.0, 0.0, 1.0],
                [0.999999, -0.00111, -0.001367, -0.0, 0.001225, -0.119341, 0.992838, 0.375166, -0.001265, -0.992868, -0.119331, 0.0, 0.0, 0.0, 0.0, 1.0],
                [0.999999, -0.00111, -0.001367, -0.0, 0.001225, -0.119341, 0.992838, 0.375166, -0.001265, -0.992868, -0.119331, 0.0, 0.0, 0.0, 0.0, 1.0],
                [0.999999, -0.00111, -0.001367, -0.0, 0.001225, -0.119341, 0.992838, 0.375166, -0.001265, -0.992868, -0.119331, 0.0, 0.0, 0.0, 0.0, 1.0],
                [0.999999, -0.00111, -0.001367, -0.0, 0.001225, -0.119341, 0.992838, 0.375166, -0.001265, -0.992868, -0.119331, 0.0, 0.0, 0.0, 0.0, 1.0],
                [0.999999, -0.00111, -0.001367, -0.0, 0.001225, -0.119341, 0.992838, 0.375166, -0.001265, -0.992868, -0.119331, 0.0, 0.0, 0.0, 0.0, 1.0],
                [0.999999, -0.00111, -0.001367, -0.0, 0.001225, -0.119341, 0.992838, 0.375166, -0.001265, -0.992868, -0.119331, 0.0, 0.0, 0.0, 0.0, 1.0],
                [0.999999, -0.00111, -0.001367, -0.0, 0.001225, -0.119341, 0.992838, 0.375166, -0.001265, -0.992868, -0.119331, 0.0, 0.0, 0.0, 0.0, 1.0],
                [0.999999, -0.00111, -0.001367, -0.0, 0.001225, -0.119341, 0.992838, 0.375166, -0.001265, -0.992868, -0.119331, 0.0, 0.0, 0.0, 0.0, 1.0],
                [0.999999, -0.00111, -0.001367, -0.0, 0.001225, -0.119341, 0.992838, 0.375166, -0.001265, -0.992868, -0.119331, 0.0, 0.0, 0.0, 0.0, 1.0],
                [0.999999, -0.00111, -0.001367, -0.0, 0.001225, -0.119341, 0.992838, 0.375166, -0.001265, -0.992868, -0.119331, 0.0, 0.0, 0.0, 0.0, 1.0],
                [0.999999, -0.00111, -0.001367, -0.0, 0.001225, -0.119341, 0.992838, 0.375166, -0.001265, -0.992868, -0.119331, 0.0, 0.0, 0.0, 0.0, 1.0],
                [0.999999, -0.00111, -0.001367, -0.0, 0.001225, -0.119341, 0.992838, 0.375166, -0.001265, -0.992868, -0.119331, 0.0, 0.0, 0.0, 0.0, 1.0],
                [0.999999, -0.00111, -0.001367, -0.0, 0.001225, -0.119341, 0.992838, 0.375166, -0.001265, -0.992868, -0.119331, 0.0, 0.0, 0.0, 0.0, 1.0],
                [0.999999, -0.00111, -0.001367, -0.0, 0.001225, -0.119341, 0.992838, 0.375166, -0.001265, -0.992868, -0.119331, 0.0, 0.0, 0.0, 0.0, 1.0],
                [0.999998, -0.00111, -0.00137, 0.0, 0.001224, -0.122054, 0.992508, 0.375166, -0.001269, -0.992537, -0.122044, 0.0, 0.0, 0.0, 0.0, 1.0],
                [0.999999, -0.001109, -0.001378, 0.0, 0.001223, -0.129413, 0.991576, 0.375166, -0.001278, -0.991605, -0.129403, 0.0, 0.0, 0.0, 0.0, 1.0],
                [0.999999, -0.001107, -0.00139, 0.0, 0.001221, -0.140203, 0.990108, 0.375166, -0.001291, -0.990137, -0.140193, 0.0, 0.0, 0.0, 0.0, 1.0],
                [0.999998, -0.001105, -0.001405, 0.0, 0.001219, -0.153179, 0.988184, 0.375166, -0.001307, -0.988212, -0.15317, 0.0, 0.0, 0.0, 0.0, 1.0],
                [0.999998, -0.001103, -0.00142, -0.0, 0.001216, -0.1671, 0.985925, 0.375166, -0.001324, -0.985953, -0.167091, -0.0, 0.0, 0.0, 0.0, 1.0],
