{
    "animation": [
        {
            "name": "Root",
            "time": [0.0, 0.0167, 0.0333, 0.05, 0.0667, 0.0833, 0.1, 0.1167, 0.1333, 0.15, 0.1667, 0.1833, 0.2, 0.2167, 0.2333, 0.25, 0.2667, 0.2833, 0.3, 0.3167, 0.3333, 0.35, 0.3667, 0.3833, 0.4, 0.4167, 0.4333, 0.45, 0.4667, 0.4833, 0.5, 0.5167, 0.5333, 0.55, 0.5667, 0.5833, 0.6, 0.6167, 0.6333, 0.65, 0.6667, 0.6833, 0.7, 0.7167, 0.7333, 0.75, 0.7667, 0.7833, 0.8, 0.8167, 0.8333, 0.85, 0.8667, 0.8833, 0.9, 0.9167, 0.9333, 0.95, 0.9667, 0.9833, 1.0, 1.0167, 1.0333, 1.05, 1.0667, 1.0833, 1.1, 1.1167, 1.1333, 1.15, 1.1667, 1.1833, 1.2, 1.2167, 1.2333, 1.25, 1.2667, 1.2833, 1.3, 1.3167, 1.3333, 1.35, 1.3667, 1.3833, 1.4, 1.4167, 1.4333, 1.45, 1.4667, 1.4833, 1.5, 1.5167, 1.5333, 1.55, 1.5667, 1.5833, 1.6, 1.6167, 1.6333, 1.65, 1.6667, 1.6833, 1.7, 1.7167, 1.7333, 1.75, 1.7667, 1.7833, 1.8, 1.8167, 1.8333, 1.85, 1.8667, 1.8833, 1.9, 1.9167, 1.9333, 1.95, 1.9667, 1.9833, 2.0],
            "transform": [
                [0.608023, 0.0, -0.79392, 0.265924, -0.79392, 0.0, -0.608023, 0.295201, 0.0, 1.0, 0.0, 0.454651, 0.0, 0.0, 0.0, 1.0],
                [0.593244, 0.0, -0.805023, 0.264427, -0.805023, 0.0, -0.593244, 0.291513, 0.0, 1.0, 0.0, 0.46019, 0.0, 0.0, 0.0, 1.0],
                [0.549975, 0.0, -0.835181, 0.259923, -0.835181, 0.0, -0.549975, 0.280987, 0.0, 1.0, 0.0, 0.475502, 0.0, 0.0, 0.0, 1.0],
                [0.478525, 0.0, -0.878074, 0.251711, -0.878074, 0.0, -0.478525, 0.264299, 0.0, 1.0, 0.0, 0.498634, 0.0, 0.0, 0.0, 1.0],
                [0.378797, 0.0, -0.92548, 0.238553, -0.92548, 0.0, -0.378797, 0.242259, 0.0, 1.0, 0.0, 0.527631, 0.0, 0.0, 0.0, 1.0],
                [0.251946, 0.0, -0.967741, 0.219152, -0.967741, 0.0, -0.251946, 0.21617, 0.0, 1.0, 0.0, 0.560537, 0.0, 0.0, 0.0, 1.0],
                [0.101794, 0.0, -0.994806, 0.192697, -0.994806, 0.0, -0.101794, 0.187974, 0.0, 1.0, 0.0, 0.595397, 0.0, 0.0, 0.0, 1.0],
                [-0.06449, 0.0, -0.997918, 0.159394, -0.997918, 0.0, 0.06449, 0.160089, 0.0, 1.0, 0.0, 0.630258, 0.0, 0.0, 0.0, 1.0],
                [-0.236926, 0.0, -0.971528, 0.120803, -0.971528, 0.0, 0.236926, 0.1349, 0.0, 1.0, 0.0, 0.663164, 0.0, 0.0, 0.0, 1.0],
                [-0.404442, 0.0, -0.914564, 0.079771, -0.914564, 0.0, 0.404442, 0.114098, 0.0, 1.0, 0.0, 0.69216, 0.0, 0.0, 0.0, 1.0],
                [-0.557135, 0.0, -0.830422, 0.039955, -0.830422, 0.0, 0.557135, 0.098161, 0.0, 1.0, 0.0, 0.715292, 0.0, 0.0, 0.0, 1.0],
                [-0.688061, 0.0, -0.725653, 0.005131, -0.725653, 0.0, 0.688061, 0.086204, 0.0, 1.0, 0.0, 0.730605, 0.0, 0.0, 0.0, 1.0],
                [-0.79392, 0.0, -0.608023, -0.021418, -0.608023, 0.0, 0.79392, 0.076221, 0.0, 1.0, 0.0, 0.736143, 0.0, 0.0, 0.0, 1.0],
                [-0.874926, 0.0, -0.484256, -0.040246, -0.484256, 0.0, 0.874926, 0.066065, 0.0, 1.0, 0.0, 0.734393, 0.0, 0.0, 0.0, 1.0],
                [-0.933876, 0.0, -0.357596, -0.054868, -0.357596, 0.0, 0.933876, 0.05542, 0.0, 1.0, 0.0, 0.729342, 0.0, 0.0, 0.0, 1.0],
                [-0.973278, 0.0, -0.229632, -0.066994, -0.229632, 0.0, 0.973278, 0.044759, 0.0, 1.0, 0.0, 0.72129, 0.0, 0.0, 0.0, 1.0],
                [-0.994849, 0.0, -0.10137, -0.078211, -0.10137, 0.0, 0.994849, 0.03488, 0.0, 1.0, 0.0, 0.710537, 0.0, 0.0, 0.0, 1.0],
                [-0.999652, 0.0, 0.026376, -0.089916, 0.026376, 0.0, 0.999652, 0.026826, 0.0, 1.0, 0.0, 0.697384, 0.0, 0.0, 0.0, 1.0],
                [-0.988271, 0.0, 0.152712, -0.103262, 0.152712, 0.0, 0.988271, 0.02181, 0.0, 1.0, 0.0, 0.682131, 0.0, 0.0, 0.0, 1.0],
                [-0.961018, 0.0, 0.276487, -0.119107, 0.276487, 0.0, 0.961018, 0.021131, 0.0, 1.0, 0.0, 0.665077, 0.0, 0.0, 0.0, 1.0],
                [-0.918167, 0.0, 0.396193, -0.137984, 0.396193, 0.0, 0.918167, 0.026071, 0.0, 1.0, 0.0, 0.646522, 0.0, 0.0, 0.0, 1.0],
                [-0.860198, 0.0, 0.509961, -0.160087, 0.509961, 0.0, 0.860198, 0.037771, 0.0, 1.0, 0.0, 0.626768, 0.0, 0.0, 0.0, 1.0],
                [-0.788028, 0.0, 0.61564, -0.185299, 0.61564, 0.0, 0.788028, 0.057098, 0.0, 1.0, 0.0, 0.606113, 0.0, 0.0, 0.0, 1.0],
                [-0.703208, 0.0, 0.710984, -0.213281, 0.710984, 0.0, 0.703208, 0.084506, 0.0, 1.0, 0.0, 0.584858, 0.0, 0.0, 0.0, 1.0],
                [-0.608023, 0.0, 0.79392, -0.243608, 0.79392, 0.0, 0.608023, 0.119933, 0.0, 1.0, 0.0, 0.563303, 0.0, 0.0, 0.0, 1.0],
                [-0.504238, 0.0, 0.863565, -0.274647, 0.863565, 0.0, 0.504238, 0.164507, 0.0, 1.0, 0.0, 0.541748, 0.0, 0.0, 0.0, 1.0],
                [-0.391405, 0.0, 0.920219, -0.303758, 0.920219, 0.0, 0.391405, 0.219803, 0.0, 1.0, 0.0, 0.520493, 0.0, 0.0, 0.0, 1.0],
                [-0.269088, 0.0, 0.963116, -0.328731, 0.963116, 0.0, 0.269088, 0.285753, 0.0, 1.0, 0.0, 0.499839, 0.0, 0.0, 0.0, 1.0],
                [-0.137167, 0.0, 0.990548, -0.346975, 0.990548, 0.0, 0.137167, 0.361783, 0.0, 1.0, 0.0, 0.480084, 0.0, 0.0, 0.0, 1.0],
                [0.003806, 0.0, 0.999993, -0.35561, 0.999993, 0.0, -0.003806, 0.4466, 0.0, 1.0, 0.0, 0.46153, 0.0, 0.0, 0.0, 1.0],
                [0.152227, 0.0, 0.988346, -0.351689, 0.988346, 0.0, -0.152227, 0.537947, 0.0, 1.0, 0.0, 0.444476, 0.0, 0.0, 0.0, 1.0],
                [0.305077, 0.0, 0.952328, -0.332555, 0.952328, 0.0, -0.305077, 0.632413, 0.0, 1.0, 0.0, 0.429222, 0.0, 0.0, 0.0, 1.0],
                [0.457672, 0.0, 0.889121, -0.296374, 0.889121, 0.0, -0.457672, 0.725374, 0.0, 1.0, 0.0, 0.416069, 0.0, 0.0, 0.0, 1.0],
                [0.603702, 0.0, 0.79721, -0.242775, 0.79721, 0.0, -0.603702, 0.811203, 0.0, 1.0, 0.0, 0.405317, 0.0, 0.0, 0.0, 1.0],
                [0.735726, 0.0, 0.67728, -0.173431, 0.67728, 0.0, -0.735726, 0.883857, 0.0, 1.0, 0.0, 0.397265, 0.0, 0.0, 0.0, 1.0],
                [0.846196, 0.0, 0.532872, -0.092345, 0.532872, 0.0, -0.846196, 0.937819, 0.0, 1.0, 0.0, 0.392214, 0.0, 0.0, 0.0, 1.0],
                [0.928848, 0.0, 0.370463, -0.005593, 0.370463, 0.0, -0.928848, 0.969201, 0.0, 1.0, 0.0, 0.390463, 0.0, 0.0, 0.0, 1.0],
                [0.979678, 0.0, 0.200576, 0.079067, 0.200576, 0.0, -0.979678, 0.97728, 0.0, 1.0, 0.0, 0.39133, 0.0, 0.0, 0.0, 1.0],
                [0.999413, 0.0, 0.034267, 0.154562, 0.034267, 0.0, -0.999413, 0.964993, 0.0, 1.0, 0.0, 0.393725, 0.0, 0.0, 0.0, 1.0],
                [0.992698, 0.0, -0.120627, 0.216331, -0.120627, 0.0, -0.992698, 0.937141, 0.0, 1.0, 0.0, 0.397343, 0.0, 0.0, 0.0, 1.0],
                [0.96598, 0.0, -0.258616, 0.26226, -0.258616, 0.0, -0.96598, 0.899433, 0.0, 1.0, 0.0, 0.401878, 0.0, 0.0, 0.0, 1.0],
                [0.926297, 0.0, -0.376793, 0.29256, -0.376793, 0.0, -0.926297, 0.857399, 0.0, 1.0, 0.0, 0.407025, 0.0, 0.0, 0.0, 1.0],
                [0.880256, 0.0, -0.4745, 0.3092, -0.4745, 0.0, -0.880256, 0.815619, 0.0, 1.0, 0.0, 0.412478, 0.0, 0.0, 0.0, 1.0],
                [0.833412, 0.0, -0.552652, 0.315187, -0.552652, 0.0, -0.833412, 0.777394, 0.0, 1.0, 0.0, 0.41793, 0.0, 0.0, 0.0, 1.0],
                [0.790065, 0.0, -0.613023, 0.313908, -0.613023, 0.0, -0.790065, 0.744785, 0.0, 1.0, 0.0, 0.423077, 0.0, 0.0, 0.0, 1.0],
                [0.753339, 0.0, -0.657633, 0.308656, -0.657633, 0.0, -0.753339, 0.718874, 0.0, 1.0, 0.0, 0.427613, 0.0, 0.0, 0.0, 1.0],
                [0.725426, 0.0, -0.6883, 0.302344, -0.6883, 0.0, -0.725426, 0.70011, 0.0, 1.0, 0.0, 0.431231, 0.0, 0.0, 0.0, 1.0],
                [0.707869, 0.0, -0.706344, 0.297347, -0.706344, 0.0, -0.707869, 0.688667, 0.0, 1.0, 0.0, 0.433626, 0.0, 0.0, 0.0, 1.0],
                [0.701806, 0.0, -0.712368, 0.295412, -0.712368, 0.0, -0.701806, 0.68476, 0.0, 1.0, 0.0, 0.434492, 0.0, 0.0, 0.0, 1.0],
                [0.701806, 0.0, -0.712368, 0.295412, -0.712368, 0.0, -0.701806, 0.68476, 0.0, 1.0, 0.0, 0.434492, 0.0, 0.0, 0.0, 1.0],
                [0.701806, 0.0, -0.712368, 0.295412, -0.712368, 0.0, -0.701806, 0.68476, 0.0, 1.0, 0.0, 0.434492, 0.0, 0.0, 0.0, 1.0],
                [0.701806, 0.0, -0.712368, 0.295412, -0.712368, 0.0, -0.701806, 0.68476, 0.0, 1.0, 0.0, 0.434492, 0.0, 0.0, 0.0, 1.0],
                [0.701806, 0.0, -0.712368, 0.295412, -0.712368, 0.0, -0.701806, 0.68476, 0.0, 1.0, 0.0, 0.434492, 0.0, 0.0, 0.0, 1.0],
                [0.701806, 0.0, -0.712368, 0.295412, -0.712368, 0.0, -0.701806, 0.68476, 0.0, 1.0, 0.0, 0.434492, 0.0, 0.0, 0.0, 1.0],
                [0.701806, 0.0, -0.712368, 0.295412, -0.712368, 0.0, -0.701806, 0.68476, 0.0, 1.0, 0.0, 0.434492, 0.0, 0.0, 0.0, 1.0],
                [0.701806, 0.0, -0.712368, 0.295412, -0.712368, 0.0, -0.701806, 0.68476, 0.0, 1.0, 0.0, 0.434492, 0.0, 0.0, 0.0, 1.0],
                [0.701806, 0.0, -0.712368, 0.295412, -0.712368, 0.0, -0.701806, 0.68476, 0.0, 1.0, 0.0, 0.434492, 0.0, 0.0, 0.0, 1.0],
                [0.701806, 0.0, -0.712368, 0.295412, -0.712368, 0.0, -0.701806, 0.68476, 0.0, 1.0, 0.0, 0.434492, 0.0, 0.0, 0.0, 1.0],
                [0.701806, 0.0, -0.712368, 0.295412, -0.712368, 0.0, -0.701806, 0.68476, 0.0, 1.0, 0.0, 0.434492, 0.0, 0.0, 0.0, 1.0],
                [0.701806, 0.0, -0.712368, 0.295412, -0.712368, 0.0, -0.701806, 0.68476, 0.0, 1.0, 0.0, 0.434492, 0.0, 0.0, 0.0, 1.0],
                [0.701806, 0.0, -0.712368, 0.295412, -0.712368, 0.0, -0.701806, 0.68476, 0.0, 1.0, 0.0, 0.434492, 0.0, 0.0, 0.0, 1.0],
                [0.701806, 0.0, -0.712368, 0.295412, -0.712368, 0.0, -0.701806, 0.68476, 0.0, 1.0, 0.0, 0.434492, 0.0, 0.0, 0.0, 1.0],
                [0.701806, 0.0, -0.712368, 0.295412, -0.712368, 0.0, -0.701806, 0.68476, 0.0, 1.0, 0.0, 0.434492, 0.0, 0.0, 0.0, 1.0],
                [0.701806, 0.0, -0.712368, 0.295412, -0.712368, 0.0, -0.701806, 0.68476, 0.0, 1.0, 0.0, 0.434492, 0.0, 0.0, 0.0, 1.0],
                [0.701806, 0.0, -0.712368, 0.295412, -0.712368, 0.0, -0.701806, 0.68476, 0.0, 1.0, 0.0, 0.434492, 0.0, 0.0, 0.0, 1.0],
                [0.701806, 0.0, -0.712368, 0.295412, -0.712368, 0.0, -0.701806, 0.68476, 0.0, 1.0, 0.0, 0.434492, 0.0, 0.0, 0.0, 1.0],
                [0.701806, 0.0, -0.712368, 0.295412, -0.712368, 0.0, -0.701806, 0.68476, 0.0, 1.0, 0.0, 0.434492, 0.0, 0.0, 0.0, 1.0],
                [0.701806, 0.0, -0.712368, 0.295412, -0.712368, 0.0, -0.701806, 0.68476, 0.0, 1.0, 0.0, 0.434492, 0.0, 0.0, 0.0, 1.0],
                [0.701806, 0.0, -0.712368, 0.295412, -0.712368, 0.0, -0.701806, 0.68476, 0.0, 1.0, 0.0, 0.434492, 0.0, 0.0, 0.0, 1.0],
                [0.701806, 0.0, -0.712368, 0.295412, -0.712368, 0.0, -0.701806, 0.68476, 0.0, 1.0, 0.0, 0.434492, 0.0, 0.0, 0.0, 1.0],
                [0.701806, 0.0, -0.712368, 0.295412, -0.712368, 0.0, -0.701806, 0.68476, 0.0, 1.0, 0.0, 0.434492, 0.0, 0.0, 0.0, 1.0],
                [0.701806, 0.0, -0.712368, 0.295412, -0.712368, 0.0, -0.701806, 0.68476, 0.0, 1.0, 0.0, 0.434492, 0.0, 0.0, 0.0, 1.0],
                [0.701806, 0.0, -0.712368, 0.295412, -0.712368, 0.0, -0.701806, 0.68476, 0.0, 1.0, 0.0, 0.434492, 0.0, 0.0, 0.0, 1.0],
                [0.702115, 0.0, -0.712064, 0.295543, -0.712064, 0.0, -0.702115, 0.684751, 0.0, 1.0, 0.0, 0.434884, 0.0, 0.0, 0.0, 1.0],
                [0.703021, 0.0, -0.711169, 0.295927, -0.711169, 0.0, -0.703021, 0.684727, 0.0, 1.0, 0.0, 0.436036, 0.0, 0.0, 0.0, 1.0],
                [0.7045, 0.0, -0.709704, 0.29655, -0.709704, 0.0, -0.7045, 0.684699, 0.0, 1.0, 0.0, 0.437916, 0.0, 0.0, 0.0, 1.0],
                [0.706523, 0.0, -0.70769, 0.297394, -0.70769, 0.0, -0.706523, 0.68468, 0.0, 1.0, 0.0, 0.440491, 0.0, 0.0, 0.0, 1.0],
                [0.709061, 0.0, -0.705148, 0.298439, -0.705148, 0.0, -0.709061, 0.68469, 0.0, 1.0, 0.0, 0.443727, 0.0, 0.0, 0.0, 1.0],
                [0.712085, 0.0, -0.702093, 0.299666, -0.702093, 0.0, -0.712085, 0.684751, 0.0, 1.0, 0.0, 0.447591, 0.0, 0.0, 0.0, 1.0],
                [0.715567, 0.0, -0.698544, 0.301053, -0.698544, 0.0, -0.715567, 0.684888, 0.0, 1.0, 0.0, 0.452052, 0.0, 0.0, 0.0, 1.0],
                [0.719476, 0.0, -0.694518, 0.302578, -0.694518, 0.0, -0.719476, 0.685127, 0.0, 1.0, 0.0, 0.457074, 0.0, 0.0, 0.0, 1.0],
                [0.723781, 0.0, -0.69003, 0.30422, -0.69003, 0.0, -0.723781, 0.685497, 0.0, 1.0, 0.0, 0.462626, 0.0, 0.0, 0.0, 1.0],
                [0.728451, 0.0, -0.685098, 0.305958, -0.685098, 0.0, -0.728451, 0.686027, 0.0, 1.0, 0.0, 0.468674, 0.0, 0.0, 0.0, 1.0],
                [0.733454, 0.0, -0.679739, 0.30777, -0.679739, 0.0, -0.733454, 0.686746, 0.0, 1.0, 0.0, 0.475185, 0.0, 0.0, 0.0, 1.0],
                [0.738758, 0.0, -0.673971, 0.309636, -0.673971, 0.0, -0.738758, 0.687683, 0.0, 1.0, 0.0, 0.482126, 0.0, 0.0, 0.0, 1.0],
                [0.744331, 0.0, -0.667811, 0.311539, -0.667811, 0.0, -0.744331, 0.688865, 0.0, 1.0, 0.0, 0.489464, 0.0, 0.0, 0.0, 1.0],
                [0.750139, 0.0, -0.66128, 0.31346, -0.66128, 0.0, -0.750139, 0.690319, 0.0, 1.0, 0.0, 0.497165, 0.0, 0.0, 0.0, 1.0],
                [0.75615, 0.0, -0.654398, 0.315384, -0.654398, 0.0, -0.75615, 0.69207, 0.0, 1.0, 0.0, 0.505198, 0.0, 0.0, 0.0, 1.0],
                [0.762331, 0.0, -0.647188, 0.317297, -0.647188, 0.0, -0.762331, 0.694139, 0.0, 1.0, 0.0, 0.513528, 0.0, 0.0, 0.0, 1.0],
                [0.768647, 0.0, -0.639673, 0.319186, -0.639673, 0.0, -0.768647, 0.696546, 0.0, 1.0, 0.0, 0.522123, 0.0, 0.0, 0.0, 1.0],
                [0.775068, 0.0, -0.631878, 0.32104, -0.631878, 0.0, -0.775068, 0.699307, 0.0, 1.0, 0.0, 0.53095, 0.0, 0.0, 0.0, 1.0],
                [0.781559, 0.0, -0.623831, 0.322852, -0.623831, 0.0, -0.781559, 0.702433, 0.0, 1.0, 0.0, 0.539975, 0.0, 0.0, 0.0, 1.0],
                [0.788091, 0.0, -0.615559, 0.324613, -0.615559, 0.0, -0.788091, 0.705934, 0.0, 1.0, 0.0, 0.549165, 0.0, 0.0, 0.0, 1.0],
                [0.794631, 0.0, -0.607092, 0.326319, -0.607092, 0.0, -0.794631, 0.709813, 0.0, 1.0, 0.0, 0.558488, 0.0, 0.0, 0.0, 1.0],
                [0.801151, 0.0, -0.598462, 0.327965, -0.598462, 0.0, -0.801151, 0.714071, 0.0, 1.0, 0.0, 0.56791, 0.0, 0.0, 0.0, 1.0],
                [0.807621, 0.0, -0.589702, 0.329549, -0.589702, 0.0, -0.807621, 0.718702, 0.0, 1.0, 0.0, 0.577398, 0.0, 0.0, 0.0, 1.0],
                [0.814014, 0.0, -0.580845, 0.331069, -0.580845, 0.0, -0.814014, 0.723697, 0.0, 1.0, 0.0, 0.586919, 0.0, 0.0, 0.0, 1.0],
                [0.820304, 0.0, -0.571927, 0.332527, -0.571927, 0.0, -0.820304, 0.729042, 0.0, 1.0, 0.0, 0.59644, 0.0, 0.0, 0.0, 1.0],
                [0.826468, 0.0, -0.562984, 0.333922, -0.562984, 0.0, -0.826468, 0.734716, 0.0, 1.0, 0.0, 0.605928, 0.0, 0.0, 0.0, 1.0],
                [0.832482, 0.0, -0.554053, 0.335255, -0.554053, 0.0, -0.832482, 0.740696, 0.0, 1.0, 0.0, 0.61535, 0.0, 0.0, 0.0, 1.0],
                [0.838325, 0.0, -0.54517, 0.33653, -0.54517, 0.0, -0.838325, 0.746951, 0.0, 1.0, 0.0, 0.624673, 0.0, 0.0, 0.0, 1.0],
                [0.84398, 0.0, -0.536375, 0.337748, -0.536375, 0.0, -0.84398, 0.753448, 0.0, 1.0, 0.0, 0.633863, 0.0, 0.0, 0.0, 1.0],
                [0.849428, 0.0, -0.527705, 0.338911, -0.527705, 0.0, -0.849428, 0.760148, 0.0, 1.0, 0.0, 0.642888, 0.0, 0.0, 0.0, 1.0],
                [0.854654, 0.0, -0.519197, 0.340022, -0.519197, 0.0, -0.854654, 0.767007, 0.0, 1.0, 0.0, 0.651715, 0.0, 0.0, 0.0, 1.0],
                [0.859646, 0.0, -0.510891, 0.341083, -0.510891, 0.0, -0.859646, 0.773978, 0.0, 1.0, 0.0, 0.66031, 0.0, 0.0, 0.0, 1.0],
                [0.86439, 0.0, -0.502822, 0.342095, -0.502822, 0.0, -0.86439, 0.781008, 0.0, 1.0, 0.0, 0.66864, 0.0, 0.0, 0.0, 1.0],
                [0.868876, 0.0, -0.49503, 0.34306, -0.49503, 0.0, -0.868876, 0.788043, 0.0, 1.0, 0.0, 0.676673, 0.0, 0.0, 0.0, 1.0],
                [0.873096, 0.0, -0.487549, 0.343978, -0.487549, 0.0, -0.873096, 0.795024, 0.0, 1.0, 0.0, 0.684375, 0.0, 0.0, 0.0, 1.0],
                [0.877041, 0.0, -0.480416, 0.344849, -0.480416, 0.0, -0.877041, 0.80189, 0.0, 1.0, 0.0, 0.691712, 0.0, 0.0, 0.0, 1.0],
                [0.880704, 0.0, -0.473667, 0.345671, -0.473667, 0.0, -0.880704, 0.808577, 0.0, 1.0, 0.0, 0.698654, 0.0, 0.0, 0.0, 1.0],
                [0.884081, 0.0, -0.467334, 0.346444, -0.467334, 0.0, -0.884081, 0.81502, 0.0, 1.0, 0.0, 0.705165, 0.0, 0.0, 0.0, 1.0],
                [0.887164, 0.0, -0.461454, 0.347164, -0.461454, 0.0, -0.887164, 0.821152, 0.0, 1.0, 0.0, 0.711212, 0.0, 0.0, 0.0, 1.0],
                [0.88995, 0.0, -0.456057, 0.347828, -0.456057, 0.0, -0.88995, 0.826906, 0.0, 1.0, 0.0, 0.716764, 0.0, 0.0, 0.0, 1.0],
                [0.892434, 0.0, -0.451178, 0.348432, -0.451178, 0.0, -0.892434, 0.832213, 0.0, 1.0, 0.0, 0.721787, 0.0, 0.0, 0.0, 1.0],
                [0.89461, 0.0, -0.446847, 0.348973, -0.446847, 0.0, -0.89461, 0.837009, 0.0, 1.0, 0.0, 0.726247, 0.0, 0.0, 0.0, 1.0],
                [0.896474, 0.0, -0.443097, 0.349444, -0.443097, 0.0, -0.896474, 0.841226, 0.0, 1.0, 0.0, 0.730111, 0.0, 0.0, 0.0, 1.0],
                [0.898018, 0.0, -0.439959, 0.349841, -0.439959, 0.0, -0.898018, 0.844802, 0.0, 1.0, 0.0, 0.733348, 0.0, 0.0, 0.0, 1.0],
                [0.899236, 0.0, -0.437464, 0.350159, -0.437464, 0.0, -0.899236, 0.847676, 0.0, 1.0, 0.0, 0.735922, 0.0, 0.0, 0.0, 1.0],
                [0.90012, 0.0, -0.435643, 0.350392, -0.435643, 0.0, -0.90012, 0.849791, 0.0, 1.0, 0.0, 0.737802, 0.0, 0.0, 0.0, 1.0],
                [0.900659, 0.0, -0.434527, 0.350536, -0.434527, 0.0, -0.900659, 0.851093, 0.0, 1.0, 0.0, 0.738954, 0.0, 0.0, 0.0, 1.0],
                [0.900842, 0.0, -0.434148, 0.350585, -0.434148, 0.0, -0.900842, 0.851537, 0.0, 1.0, 0.0, 0.739346, 0.0, 0.0, 0.0, 1.0]
            ]
        },
        {
            "name": "Thigh_R",
            "time": [0.0, 0.0167, 0.0333, 0.05, 0.0667, 0.0833, 0.1, 0.1167, 0.1333, 0.15, 0.1667, 0.1833, 0.2, 0.2167, 0.2333, 0.25, 0.2667, 0.2833, 0.3, 0.3167, 0.3333, 0.35, 0.3667, 0.3833, 0.4, 0.4167, 0.4333, 0.45, 0.4667, 0.4833, 0.5, 0.5167, 0.5333, 0.55, 0.5667, 0.5833, 0.6, 0.6167, 0.6333, 0.65, 0.6667, 0.6833, 0.7, 0.7167, 0.7333, 0.75, 0.7667, 0.7833, 0.8, 0.8167, 0.8333, 0.85, 0.8667, 0.8833, 0.9, 0.9167, 0.9333, 0.95, 0.9667, 0.9833, 1.0, 1.0167, 1.0333, 1.05, 1.0667, 1.0833, 1.1, 1.1167, 1.1333, 1.15, 1.1667, 1.1833, 1.2, 1.2167, 1.2333, 1.25, 1.2667, 1.2833, 1.3, 1.3167, 1.3333, 1.35, 1.3667, 1.3833, 1.4, 1.4167, 1.4333, 1.45, 1.4667, 1.4833, 1.5, 1.5167, 1.5333, 1.55, 1.5667, 1.5833, 1.6, 1.6167, 1.6333, 1.65, 1.6667, 1.6833, 1.7, 1.7167, 1.7333, 1.75, 1.7667, 1.7833, 1.8, 1.8167, 1.8333, 1.85, 1.8667, 1.8833, 1.9, 1.9167, 1.9333, 1.95, 1.9667, 1.9833, 2.0],
            "transform": [
                [0.913538, 0.228779, -0.33631, 0.125428, 0.377699, -0.783991, 0.492638, -0.002831, -0.150965, -0.577052, -0.802593, 0.053039, 0.0, 0.0, 0.0, 1.0],
                [0.917471, 0.217331, -0.333183, 0.125419, 0.36654, -0.787315, 0.495757, -0.002831, -0.154584, -0.576952, -0.801976, 0.051995, 0.0, 0.0, 0.0, 1.0],
                [0.927373, 0.187163, -0.323955, 0.125396, 0.336449, -0.795921, 0.503292, -0.002831, -0.163652, -0.575719, -0.801063, 0.049109, 0.0, 0.0, 0.0, 1.0],
                [0.939894, 0.145702, -0.308815, 0.12536, 0.293239, -0.807783, 0.511359, -0.002831, -0.174956, -0.571165, -0.801932, 0.04475, 0.0, 0.0, 0.0, 1.0],
                [0.952192, 0.100188, -0.288599, 0.125315, 0.24276, -0.821647, 0.515709, -0.002831, -0.185466, -0.561101, -0.806661, 0.039285, 0.0, 0.0, 0.0, 1.0],
                [0.962629, 0.056443, -0.264869, 0.125265, 0.189976, -0.837767, 0.511907, -0.002831, -0.193013, -0.543083, -0.817154, 0.033083, 0.0, 0.0, 0.0, 1.0],
                [0.970685, 0.018031, -0.239671, 0.125211, 0.13849, -0.856962, 0.496416, -0.002831, -0.196446, -0.515045, -0.834308, 0.026513, 0.0, 0.0, 0.0, 1.0],
                [0.976523, -0.013661, -0.214973, 0.125157, 0.09056, -0.87947, 0.467252, -0.002831, -0.195453, -0.475741, -0.857555, 0.019944, 0.0, 0.0, 0.0, 1.0],
                [0.980583, -0.038661, -0.192247, 0.125106, 0.047415, -0.904537, 0.423744, -0.002831, -0.190284, -0.424623, -0.885109, 0.013742, 0.0, 0.0, 0.0, 1.0],
                [0.983341, -0.057807, -0.172327, 0.125062, 0.009645, -0.93015, 0.367049, -0.002831, -0.181515, -0.362589, -0.914063, 0.008277, 0.0, 0.0, 0.0, 1.0],
                [0.985208, -0.072322, -0.155349, 0.125026, -0.022456, -0.953244, 0.301362, -0.002831, -0.169888, -0.293409, -0.940732, 0.003918, 0.0, 0.0, 0.0, 1.0],
                [0.986526, -0.083795, -0.140513, 0.125002, -0.048641, -0.970263, 0.237112, -0.002831, -0.156209, -0.227076, -0.961229, 0.001032, 0.0, 0.0, 0.0, 1.0],
                [0.987597, -0.094285, -0.125546, 0.124994, -0.068513, -0.978263, 0.195723, -0.002831, -0.141276, -0.184688, -0.972552, -1.2e-05, 0.0, 0.0, 0.0, 1.0],
                [0.98848, -0.105529, -0.108487, 0.124994, -0.08487, -0.98, 0.179987, -0.002831, -0.125316, -0.1687, -0.97763, -1.2e-05, 0.0, 0.0, 0.0, 1.0],
                [0.989013, -0.117573, -0.089601, 0.124994, -0.100823, -0.979786, 0.172782, -0.002831, -0.108109, -0.161842, -0.980839, -1.2e-05, 0.0, 0.0, 0.0, 1.0],
                [0.989168, -0.129481, -0.069152, 0.124994, -0.116197, -0.978546, 0.17013, -0.002831, -0.089701, -0.160243, -0.982955, -1.2e-05, 0.0, 0.0, 0.0, 1.0],
                [0.988928, -0.140564, -0.047566, 0.124994, -0.130779, -0.977026, 0.16827, -0.002831, -0.070128, -0.160176, -0.984556, -1.2e-05, 0.0, 0.0, 0.0, 1.0],
                [0.988298, -0.150416, -0.025332, 0.124994, -0.144311, -0.975823, 0.164139, -0.002831, -0.04941, -0.15855, -0.986076, -1.2e-05, 0.0, 0.0, 0.0, 1.0],
                [0.987296, -0.158866, -0.002877, 0.124994, -0.156487, -0.975329, 0.155703, -0.002831, -0.027543, -0.153261, -0.987764, -1.2e-05, 0.0, 0.0, 0.0, 1.0],
                [0.985956, -0.16586, 0.019497, 0.124994, -0.166942, -0.97572, 0.141766, -0.002831, -0.00449, -0.143015, -0.989673, -1.2e-05, 0.0, 0.0, 0.0, 1.0],
                [0.984327, -0.171371, 0.041613, 0.124994, -0.175233, -0.976996, 0.121525, -0.002831, 0.019831, -0.126896, -0.991681, -1.2e-05, 0.0, 0.0, 0.0, 1.0],
                [0.98246, -0.175323, 0.063507, 0.124994, -0.180819, -0.97894, 0.094731, -0.002831, 0.045563, -0.104535, -0.993441, -1.2e-05, 0.0, 0.0, 0.0, 1.0],
                [0.9804, -0.17754, 0.085415, 0.124994, -0.183023, -0.981193, 0.061279, -0.002831, 0.072932, -0.075691, -0.994426, -1.2e-05, 0.0, 0.0, 0.0, 1.0],
                [0.978155, -0.177676, 0.107906, 0.124994, -0.180975, -0.983247, 0.021523, -0.002831, 0.102278, -0.04056, -0.993895, -1.2e-05, 0.0, 0.0, 0.0, 1.0],
                [0.975657, -0.175181, 0.131925, 0.124994, -0.173536, -0.98453, -0.023944, -0.002831, 0.134084, 0.000491, -0.990938, -1.2e-05, 0.0, 0.0, 0.0, 1.0],
                [0.972674, -0.169268, 0.158913, 0.124994, -0.159184, -0.984445, -0.074248, -0.002831, 0.169015, 0.046947, -0.984464, -1.2e-05, 0.0, 0.0, 0.0, 1.0],
                [0.968657, -0.158837, 0.190978, 0.124994, -0.135866, -0.982422, -0.127943, -0.002831, 0.207951, 0.098011, -0.973187, -1.2e-05, 0.0, 0.0, 0.0, 1.0],
                [0.962471, -0.142577, 0.230911, 0.124994, -0.100834, -0.977832, -0.183452, -0.002831, 0.251957, 0.153309, -0.95549, -1.2e-05, 0.0, 0.0, 0.0, 1.0],
                [0.951924, -0.118934, 0.282298, 0.124994, -0.050546, -0.969899, -0.238152, -0.002831, 0.302136, 0.212461, -0.929261, -1.2e-05, 0.0, 0.0, 0.0, 1.0],
                [0.933096, -0.086351, 0.349097, 0.124994, 0.019079, -0.957486, -0.287799, -0.002831, 0.359121, 0.275232, -0.891761, -1.2e-05, 0.0, 0.0, 0.0, 1.0],
                [0.899751, -0.044216, 0.434144, 0.124994, 0.111393, -0.938624, -0.326415, -0.002831, 0.421946, 0.342081, -0.839587, -1.2e-05, 0.0, 0.0, 0.0, 1.0],
                [0.844136, 0.00578, 0.536081, 0.124994, 0.225805, -0.910754, -0.345701, -0.002831, 0.486258, 0.412897, -0.770092, -1.2e-05, 0.0, 0.0, 0.0, 1.0],
                [0.761603, 0.058, 0.645421, 0.124994, 0.353098, -0.872293, -0.338229, -0.002831, 0.543399, 0.485522, -0.684812, -1.2e-05, 0.0, 0.0, 0.0, 1.0],
                [0.658947, 0.103801, 0.744966, 0.124994, 0.474347, -0.826006, -0.304443, -0.002831, 0.583767, 0.554013, -0.593526, -1.2e-05, 0.0, 0.0, 0.0, 1.0],
                [0.557503, 0.136481, 0.818849, 0.124994, 0.569379, -0.780694, -0.257497, -0.002831, 0.60415, 0.60982, -0.512946, -1.2e-05, 0.0, 0.0, 0.0, 1.0],
                [0.48348, 0.155153, 0.861463, 0.124994, 0.627489, -0.747625, -0.217484, -0.002831, 0.610331, 0.645736, -0.458818, -1.2e-05, 0.0, 0.0, 0.0, 1.0],
                [0.4561, 0.162441, 0.874945, 0.124994, 0.647136, -0.735454, -0.200771, -0.002831, 0.610891, 0.657808, -0.440562, -1.2e-05, 0.0, 0.0, 0.0, 1.0],
                [0.469678, 0.161948, 0.867824, 0.124994, 0.637481, -0.742278, -0.206462, -0.002831, 0.610753, 0.650221, -0.45187, -1.2e-05, 0.0, 0.0, 0.0, 1.0],
                [0.50732, 0.155732, 0.847538, 0.124994, 0.608841, -0.760821, -0.224609, -0.002831, 0.609868, 0.629992, -0.480795, -1.2e-05, 0.0, 0.0, 0.0, 1.0],
                [0.562869, 0.142992, 0.814053, 0.124994, 0.562495, -0.787931, -0.250491, -0.002831, 0.605622, 0.598923, -0.523932, -1.2e-05, 0.0, 0.0, 0.0, 1.0],
                [0.628739, 0.123071, 0.767788, 0.124994, 0.500443, -0.819785, -0.278367, -0.002831, 0.595184, 0.559283, -0.577017, -1.2e-05, 0.0, 0.0, 0.0, 1.0],
                [0.696394, 0.096458, 0.711122, 0.124994, 0.426906, -0.852211, -0.302428, -0.002831, 0.576876, 0.51422, -0.634647, -1.2e-05, 0.0, 0.0, 0.0, 1.0],
                [0.758103, 0.065249, 0.64884, 0.124994, 0.348453, -0.881561, -0.318439, -0.002831, 0.551235, 0.467528, -0.691041, -1.2e-05, 0.0, 0.0, 0.0, 1.0],
                [0.808897, 0.032683, 0.587022, 0.124994, 0.272491, -0.905582, -0.325022, -0.002831, 0.520994, 0.422896, -0.741418, -1.2e-05, 0.0, 0.0, 0.0, 1.0],
                [0.847227, 0.002177, 0.531209, 0.124994, 0.205232, -0.923687, -0.323499, -0.002831, 0.489985, 0.383127, -0.783007, -1.2e-05, 0.0, 0.0, 0.0, 1.0],
                [0.874067, -0.02376, 0.485209, 0.124994, 0.1506, -0.93634, -0.317105, -0.002831, 0.461873, 0.350272, -0.814832, -1.2e-05, 0.0, 0.0, 0.0, 1.0],
                [0.89143, -0.043436, 0.451059, 0.124994, 0.11046, -0.944538, -0.30922, -0.002831, 0.43949, 0.3255, -0.837177, -1.2e-05, 0.0, 0.0, 0.0, 1.0],
                [0.901199, -0.055877, 0.429777, 0.124994, 0.085613, -0.949158, -0.302886, -0.002831, 0.424867, 0.309783, -0.85058, -1.2e-05, 0.0, 0.0, 0.0, 1.0],
                [0.904424, -0.060255, 0.422346, 0.124994, 0.076964, -0.950685, -0.300407, -0.002831, 0.419635, 0.304228, -0.85517, -1.2e-05, 0.0, 0.0, 0.0, 1.0],
                [0.904424, -0.060255, 0.422346, 0.124994, 0.076964, -0.950685, -0.300407, -0.002831, 0.419635, 0.304228, -0.85517, -1.2e-05, 0.0, 0.0, 0.0, 1.0],
                [0.904424, -0.060255, 0.422346, 0.124994, 0.076964, -0.950685, -0.300407, -0.002831, 0.419635, 0.304228, -0.85517, -1.2e-05, 0.0, 0.0, 0.0, 1.0],
                [0.904424, -0.060255, 0.422346, 0.124994, 0.076964, -0.950685, -0.300407, -0.002831, 0.419635, 0.304228, -0.85517, -1.2e-05, 0.0, 0.0, 0.0, 1.0],
                [0.904424, -0.060255, 0.422346, 0.124994, 0.076964, -0.950685, -0.300407, -0.002831, 0.419635, 0.304228, -0.85517, -1.2e-05, 0.0, 0.0, 0.0, 1.0],
                [0.904424, -0.060255, 0.422346, 0.124994, 0.076964, -0.950685, -0.300407, -0.002831, 0.419635, 0.304228, -0.85517, -1.2e-05, 0.0, 0.0, 0.0, 1.0],
                [0.904424, -0.060255, 0.422346, 0.124994, 0.076964, -0.950685, -0.300407, -0.002831, 0.419635, 0.304228, -0.85517, -1.2e-05, 0.0, 0.0, 0.0, 1.0],
                [0.904424, -0.060255, 0.422346, 0.124994, 0.076964, -0.950685, -0.300407, -0.002831, 0.419635, 0.304228, -0.85517, -1.2e-05, 0.0, 0.0, 0.0, 1.0],
                [0.904424, -0.060255, 0.422346, 0.124994, 0.076964, -0.950685, -0.300407, -0.002831, 0.419635, 0.304228, -0.85517, -1.2e-05, 0.0, 0.0, 0.0, 1.0],
                [0.904424, -0.060255, 0.422346, 0.124994, 0.076964, -0.950685, -0.300407, -0.002831, 0.419635, 0.304228, -0.85517, -1.2e-05, 0.0, 0.0, 0.0, 1.0],
                [0.904424, -0.060255, 0.422346, 0.124994, 0.076964, -0.950685, -0.300407, -0.002831, 0.419635, 0.304228, -0.85517, -1.2e-05, 0.0, 0.0, 0.0, 1.0],
                [0.904424, -0.060255, 0.422346, 0.124994, 0.076964, -0.950685, -0.300407, -0.002831, 0.419635, 0.304228, -0.85517, -1.2e-05, 0.0, 0.0, 0.0, 1.0],
                [0.904424, -0.060255, 0.422346, 0.124994, 0.076964, -0.950685, -0.300407, -0.002831, 0.419635, 0.304228, -0.85517, -1.2e-05, 0.0, 0.0, 0.0, 1.0],
                [0.904424, -0.060255, 0.422346, 0.124994, 0.076964, -0.950685, -0.300407, -0.002831, 0.419635, 0.304228, -0.85517, -1.2e-05, 0.0, 0.0, 0.0, 1.0],
                [0.904424, -0.060255, 0.422346, 0.124994, 0.076964, -0.950685, -0.300407, -0.002831, 0.419635, 0.304228, -0.85517, -1.2e-05, 0.0, 0.0, 0.0, 1.0],
                [0.904424, -0.060255, 0.422346, 0.124994, 0.076964, -0.950685, -0.300407, -0.002831, 0.419635, 0.304228, -0.85517, -1.2e-05, 0.0, 0.0, 0.0, 1.0],
                [0.904424, -0.060255, 0.422346, 0.124994, 0.076964, -0.950685, -0.300407, -0.002831, 0.419635, 0.304228, -0.85517, -1.2e-05, 0.0, 0.0, 0.0, 1.0],
                [0.904424, -0.060255, 0.422346, 0.124994, 0.076964, -0.950685, -0.300407, -0.002831, 0.419635, 0.304228, -0.85517, -1.2e-05, 0.0, 0.0, 0.0, 1.0],
                [0.904424, -0.060255, 0.422346, 0.124994, 0.076964, -0.950685, -0.300407, -0.002831, 0.419635, 0.304228, -0.85517, -1.2e-05, 0.0, 0.0, 0.0, 1.0],
                [0.904424, -0.060255, 0.422346, 0.124994, 0.076964, -0.950685, -0.300407, -0.002831, 0.419635, 0.304228, -0.85517, -1.2e-05, 0.0, 0.0, 0.0, 1.0],
                [0.904424, -0.060255, 0.422346, 0.124994, 0.076964, -0.950685, -0.300407, -0.002831, 0.419635, 0.304228, -0.85517, -1.2e-05, 0.0, 0.0, 0.0, 1.0],
                [0.904424, -0.060255, 0.422346, 0.124994, 0.076964, -0.950685, -0.300407, -0.002831, 0.419635, 0.304228, -0.85517, -1.2e-05, 0.0, 0.0, 0.0, 1.0],
                [0.904424, -0.060255, 0.422346, 0.124994, 0.076964, -0.950685, -0.300407, -0.002831, 0.419635, 0.304228, -0.85517, -1.2e-05, 0.0, 0.0, 0.0, 1.0],
                [0.904424, -0.060255, 0.422346, 0.124994, 0.076964, -0.950685, -0.300407, -0.002831, 0.419635, 0.304228, -0.85517, -1.2e-05, 0.0, 0.0, 0.0, 1.0],
                [0.904424, -0.060255, 0.422346, 0.124994, 0.076964, -0.950685, -0.300407, -0.002831, 0.419635, 0.304228, -0.85517, -1.2e-05, 0.0, 0.0, 0.0, 1.0],
                [0.905833, -0.06218, 0.419035, 0.124994, 0.073137, -0.951356, -0.299235, -0.002831, 0.417274, 0.301732, -0.857207, -1.2e-05, 0.0, 0.0, 0.0, 1.0],
                [0.909805, -0.067765, 0.409455, 0.124994, 0.062086, -0.953251, -0.295681, -0.002831, 0.410366, 0.294461, -0.86305, -1.2e-05, 0.0, 0.0, 0.0, 1.0],
                [0.915754, -0.076609, 0.394358, 0.124994, 0.044731, -0.956095, -0.28957, -0.002831, 0.399242, 0.282843, -0.872105, -1.2e-05, 0.0, 0.0, 0.0, 1.0],
                [0.922922, -0.08817, 0.374745, 0.124994, 0.022303, -0.959535, -0.280654, -0.002831, 0.384341, 0.267407, -0.883593, -1.2e-05, 0.0, 0.0, 0.0, 1.0],
                [0.930524, -0.101793, 0.351789, 0.124994, -0.003768, -0.963199, -0.268708, -0.002831, 0.366209, 0.248742, -0.896647, -1.2e-05, 0.0, 0.0, 0.0, 1.0],
                [0.937872, -0.116742, 0.326745, 0.124994, -0.031967, -0.96676, -0.253623, -0.002831, 0.345506, 0.227448, -0.910412, -1.2e-05, 0.0, 0.0, 0.0, 1.0],
                [0.944458, -0.132255, 0.30084, 0.124994, -0.06082, -0.969968, -0.235448, -0.002831, 0.322956, 0.204101, -0.924119, -1.2e-05, 0.0, 0.0, 0.0, 1.0],
                [0.949998, -0.147596, 0.275167, 0.124994, -0.089009, -0.972668, -0.214404, -0.002831, 0.299302, 0.179218, -0.937151, -1.2e-05, 0.0, 0.0, 0.0, 1.0],
                [0.954417, -0.162107, 0.250614, 0.124994, -0.115448, -0.974794, -0.190852, -0.002831, 0.275246, 0.153247, -0.949055, -1.2e-05, 0.0, 0.0, 0.0, 1.0],
                [0.957803, -0.175245, 0.227816, 0.124994, -0.139328, -0.976349, -0.165249, -0.002831, 0.251396, 0.126561, -0.959547, -1.2e-05, 0.0, 0.0, 0.0, 1.0],
                [0.960348, -0.186587, 0.20716, 0.124994, -0.160105, -0.977382, -0.138094, -0.002831, 0.22825, 0.099477, -0.968479, -1.2e-05, 0.0, 0.0, 0.0, 1.0],
                [0.962287, -0.195845, 0.188806, 0.124994, -0.177472, -0.977961, -0.109891, -0.002831, 0.206175, 0.072265, -0.975815, -1.2e-05, 0.0, 0.0, 0.0, 1.0],
                [0.963856, -0.20284, 0.172734, 0.124994, -0.191312, -0.978162, -0.081116, -0.002831, 0.185422, 0.045163, -0.981591, -1.2e-05, 0.0, 0.0, 0.0, 1.0],
                [0.965263, -0.20749, 0.158792, 0.124994, -0.201651, -0.978056, -0.052206, -0.002831, 0.166146, 0.018397, -0.9859, -1.2e-05, 0.0, 0.0, 0.0, 1.0],
                [0.966671, -0.209791, 0.146746, 0.124994, -0.20861, -0.977707, -0.023553, -0.002831, 0.148421, -0.00782, -0.988863, -1.2e-05, 0.0, 0.0, 0.0, 1.0],
                [0.968196, -0.209796, 0.136315, 0.124994, -0.212374, -0.977171, 0.004492, -0.002831, 0.132266, -0.033275, -0.990625, -1.2e-05, 0.0, 0.0, 0.0, 1.0],
                [0.969906, -0.207605, 0.127208, 0.124994, -0.213163, -0.976498, 0.03162, -0.002831, 0.117659, -0.057761, -0.991341, -1.2e-05, 0.0, 0.0, 0.0, 1.0],
                [0.97183, -0.203345, 0.119144, 0.124994, -0.211218, -0.975737, 0.057549, -0.002831, 0.104555, -0.081071, -0.991176, -1.2e-05, 0.0, 0.0, 0.0, 1.0],
                [0.973966, -0.19717, 0.111868, 0.124994, -0.206789, -0.974935, 0.082032, -0.002831, 0.092894, -0.103007, -0.9903, -1.2e-05, 0.0, 0.0, 0.0, 1.0],
                [0.976282, -0.189243, 0.105165, 0.124994, -0.200122, -0.97414, 0.104844, -0.002831, 0.082608, -0.123381, -0.988882, -1.2e-05, 0.0, 0.0, 0.0, 1.0],
                [0.978734, -0.17974, 0.09886, 0.124994, -0.191466, -0.973401, 0.125784, -0.002831, 0.073625, -0.142016, -0.987089, -1.2e-05, 0.0, 0.0, 0.0, 1.0],
                [0.981263, -0.168838, 0.092825, 0.124994, -0.181063, -0.972767, 0.144676, -0.002831, 0.065872, -0.158752, -0.985084, -1.2e-05, 0.0, 0.0, 0.0, 1.0],
                [0.983806, -0.156717, 0.086976, 0.124994, -0.169149, -0.972286, 0.161368, -0.002831, 0.059279, -0.173446, -0.983023, -1.2e-05, 0.0, 0.0, 0.0, 1.0],
                [0.9863, -0.143554, 0.081273, 0.124994, -0.155954, -0.972003, 0.175732, -0.002831, 0.053773, -0.18598, -0.981046, -1.2e-05, 0.0, 0.0, 0.0, 1.0],
                [0.988682, -0.129521, 0.07571, 0.124994, -0.141701, -0.971954, 0.187666, -0.002831, 0.049282, -0.196251, -0.979279, -1.2e-05, 0.0, 0.0, 0.0, 1.0],
                [0.990898, -0.114789, 0.070315, 0.124994, -0.126606, -0.972172, 0.197096, -0.002831, 0.045736, -0.204186, -0.977827, -1.2e-05, 0.0, 0.0, 0.0, 1.0],
                [0.992901, -0.09952, 0.065141, 0.124994, -0.110875, -0.972675, 0.203972, -0.002831, 0.043063, -0.209728, -0.976775, -1.2e-05, 0.0, 0.0, 0.0, 1.0],
                [0.994653, -0.083874, 0.060257, 0.124994, -0.094705, -0.973473, 0.20827, -0.002831, 0.041191, -0.212846, -0.976181, -1.2e-05, 0.0, 0.0, 0.0, 1.0],
                [0.996126, -0.068008, 0.055741, 0.124994, -0.078284, -0.974576, 0.209925, -0.002831, 0.040048, -0.213458, -0.976094, -1.2e-05, 0.0, 0.0, 0.0, 1.0],
                [0.997305, -0.052064, 0.051689, 0.124994, -0.061785, -0.975941, 0.209089, -0.002831, 0.03956, -0.211702, -0.976496, -1.2e-05, 0.0, 0.0, 0.0, 1.0],
                [0.998183, -0.036188, 0.04818, 0.124994, -0.045371, -0.977549, 0.205754, -0.002831, 0.039655, -0.20755, -0.977383, -1.2e-05, 0.0, 0.0, 0.0, 1.0],
                [0.998763, -0.020521, 0.045293, 0.124994, -0.029192, -0.979361, 0.199991, -0.002831, 0.040256, -0.201051, -0.978716, -1.2e-05, 0.0, 0.0, 0.0, 1.0],
                [0.999058, -0.005202, 0.043091, 0.124994, -0.013383, -0.981335, 0.19183, -0.002831, 0.041291, -0.192211, -0.980447, -1.2e-05, 0.0, 0.0, 0.0, 1.0],
                [0.999086, 0.009643, 0.041626, 0.124994, 0.001931, -0.983392, 0.181477, -0.002831, 0.042686, -0.181216, -0.982479, -1.2e-05, 0.0, 0.0, 0.0, 1.0],
                [0.998877, 0.023886, 0.040927, 0.124994, 0.016641, -0.985472, 0.169012, -0.002831, 0.044371, -0.168127, -0.984728, -1.2e-05, 0.0, 0.0, 0.0, 1.0],
                [0.998459, 0.037403, 0.041006, 0.124994, 0.030648, -0.987513, 0.15452, -0.002831, 0.046275, -0.153011, -0.987103, -1.2e-05, 0.0, 0.0, 0.0, 1.0],
                [0.997868, 0.050086, 0.041847, 0.124994, 0.043865, -0.989426, 0.13824, -0.002831, 0.04833, -0.136097, -0.989478, -1.2e-05, 0.0, 0.0, 0.0, 1.0],
                [0.997142, 0.061824, 0.043418, 0.124994, 0.056216, -0.991147, 0.120271, -0.002831, 0.050471, -0.117474, -0.991755, -1.2e-05, 0.0, 0.0, 0.0, 1.0],
                [0.996321, 0.072525, 0.045657, 0.124994, 0.067632, -0.992597, 0.100869, -0.002831, 0.052637, -0.097397, -0.993815, -1.2e-05, 0.0, 0.0, 0.0, 1.0],
                [0.995444, 0.082101, 0.048485, 0.124994, 0.078053, -0.993717, 0.080199, -0.002831, 0.054767, -0.076038, -0.995562, -1.2e-05, 0.0, 0.0, 0.0, 1.0],
                [0.99455, 0.090481, 0.051796, 0.124994, 0.087424, -0.994449, 0.058534, -0.002831, 0.056807, -0.053675, -0.996904, -1.2e-05, 0.0, 0.0, 0.0, 1.0],
                [0.993678, 0.097613, 0.055454, 0.124994, 0.095696, -0.994749, 0.036261, -0.002831, 0.058704, -0.030714, -0.997765, -1.2e-05, 0.0, 0.0, 0.0, 1.0],
                [0.992864, 0.103474, 0.059283, 0.124994, 0.10282, -0.994601, 0.013985, -0.002831, 0.060412, -0.007779, -0.998106, -1.2e-05, 0.0, 0.0, 0.0, 1.0],
                [0.992141, 0.108047, 0.063107, 0.124994, 0.108753, -0.994037, -0.007835, -0.002831, 0.061886, 0.014647, -0.997938, -1.2e-05, 0.0, 0.0, 0.0, 1.0],
                [0.991539, 0.111381, 0.066668, 0.124994, 0.113449, -0.993147, -0.028064, -0.002831, 0.063087, 0.0354, -0.997342, -1.2e-05, 0.0, 0.0, 0.0, 1.0],
                [0.991085, 0.113568, 0.06966, 0.124994, 0.116865, -0.992118, -0.045204, -0.002831, 0.06398, 0.052951, -0.996508, -1.2e-05, 0.0, 0.0, 0.0, 1.0],
                [0.990801, 0.114764, 0.071712, 0.124994, 0.118951, -0.991256, -0.057107, -0.002831, 0.064533, 0.065122, -0.995751, -1.2e-05, 0.0, 0.0, 0.0, 1.0],
                [0.990703, 0.115138, 0.072456, 0.124994, 0.119658, -0.99091, -0.061466, -0.002831, 0.064723, 0.069574, -0.995437, -1.2e-05, 0.0, 0.0, 0.0, 1.0]
            ]
        },
        {
            "name": "Leg_R",
            "time": [0.0, 0.0167, 0.0333, 0.05, 0.0667, 0.0833, 0.1, 0.1167, 0.1333, 0.15, 0.1667, 0.1833, 0.2, 0.2167, 0.2333, 0.25, 0.2667, 0.2833, 0.3, 0.3167, 0.3333, 0.35, 0.3667, 0.3833, 0.4, 0.4167, 0.4333, 0.45, 0.4667, 0.4833, 0.5, 0.5167, 0.5333, 0.55, 0.5667, 0.5833, 0.6, 0.6167, 0.6333, 0.65, 0.6667, 0.6833, 0.7, 0.7167, 0.7333, 0.75, 0.7667, 0.7833, 0.8, 0.8167, 0.8333, 0.85, 0.8667, 0.8833, 0.9, 0.9167, 0.9333, 0.95, 0.9667, 0.9833, 1.0, 1.0167, 1.0333, 1.05, 1.0667, 1.0833, 1.1, 1.1167, 1.1333, 1.15, 1.1667, 1.1833, 1.2, 1.2167, 1.2333, 1.25, 1.2667, 1.2833, 1.3, 1.3167, 1.3333, 1.35, 1.3667, 1.3833, 1.4, 1.4167, 1.4333, 1.45, 1.4667, 1.4833, 1.5, 1.5167, 1.5333, 1.55, 1.5667, 1.5833, 1.6, 1.6167, 1.6333, 1.65, 1.6667, 1.6833, 1.7, 1.7167, 1.7333, 1.75, 1.7667, 1.7833, 1.8, 1.8167, 1.8333, 1.85, 1.8667, 1.8833, 1.9, 1.9167, 1.9333, 1.95, 1.9667, 1.9833, 2.0],
            "transform": [
                [0.999999, -0.00111, -0.001367, -0.0, 0.001225, -0.119341, 0.992838, 0.375166, -0.001265, -0.992868, -0.119331, 0.0, 0.0, 0.0, 0.0, 1.0],
                [0.999998, -0.001112, -0.001355, 0.0, 0.001226, -0.108995, 0.994027, 0.375166, -0.001253, -0.994057, -0.108985, 0.0, 0.0, 0.0, 0.0, 1.0],
                [0.999999, -0.001115, -0.001321, 0.0, 0.001229, -0.078582, 0.996893, 0.375166, -0.001215, -0.996923, -0.078573, 0.0, 0.0, 0.0, 0.0, 1.0],
                [0.999999, -0.001118, -0.001264, -0.0, 0.001233, -0.027309, 0.999612, 0.375166, -0.001152, -0.999644, -0.027299, -0.0, 0.0, 0.0, 0.0, 1.0],
                [0.999998, -0.001117, -0.001182, 0.0, 0.001232, 0.045433, 0.998952, 0.375166, -0.001062, -0.998984, 0.045443, -0.0, 0.0, 0.0, 0.0, 1.0],
                [0.999999, -0.001107, -0.001077, -0.0, 0.001221, 0.139851, 0.990157, 0.375166, -0.000946, -0.990192, 0.139862, -0.0, 0.0, 0.0, 0.0, 1.0],
                [0.999999, -0.001082, -0.000949, 0.0, 0.001193, 0.25402, 0.967182, 0.375166, -0.000805, -0.967218, 0.254032, 0.0, 0.0, 0.0, 0.0, 1.0],
