{
    "animation": [
        {
            "name": "Root",
            "time": [0.0, 0.0167, 0.0333, 0.05, 0.0667, 0.0833, 0.1, 0.1167, 0.1333, 0.15, 0.1667, 0.1833, 0.2, 0.2167, 0.2333, 0.25, 0.2667, 0.2833, 0.3, 0.3167, 0.3333, 0.35, 0.3667, 0.3833, 0.4, 0.4167, 0.4333, 0.45, 0.4667, 0.4833, 0.5, 0.5167, 0.5333, 0.55, 0.5667, 0.5833, 0.6, 0.6167, 0.6333, 0.65, 0.6667, 0.6833, 0.7, 0.7167, 0.7333, 0.75, 0.7667, 0.7833, 0.8, 0.8167, 0.8333, 0.85, 0.8667, 0.8833, 0.9, 0.9167, 0.9333, 0.95, 0.9667, 0.9833, 1.0, 1.0167, 1.0333, 1.05, 1.0667, 1.0833, 1.1, 1.1167, 1.1333, 1.15, 1.1667, 1.1833, 1.2, 1.2167, 1.2333, 1.25, 1.2667, 1.2833, 1.3, 1.3167, 1.3333, 1.35, 1.3667, 1.3833, 1.4, 1.4167, 1.4333, 1.45, 1.4667, 1.4833, 1.5, 1.5167, 1.5333, 1.55, 1.5667, 1.5833, 1.6, 1.6167, 1.6333, 1.65, 1.6667, 1.6833, 1.7, 1.7167, 1.7333, 1.75, 1.7667, 1.7833, 1.8, 1.8167, 1.8333, 1.85, 1.8667, 1.8833, 1.9, 1.9167, 1.9333, 1.95, 1.9667, 1.9833, 2.0, 2.0167, 2.0333, 2.05, 2.0667, 2.0833, 2.1, 2.1167, 2.1333, 2.15, 2.1667, 2.1833, 2.2, 2.2167, 2.2333, 2.25, 2.2667, 2.2833, 2.3, 2.3167, 2.3333, 2.35, 2.3667, 2.3833, 2.4, 2.4167, 2.4333, 2.45, 2.4667, 2.4833, 2.5],
            "transform": [
                [0.96174, 0.0, -0.273964, 0.057193, -0.273964, 0.0, -0.96174, -0.108141, 0.0, 1.0, 0.0, 0.724815, 0.0, 0.0, 0.0, 1.0],
                [0.961643, 0.0, -0.274303, 0.05722, -0.274303, 0.0, -0.961643, -0.108142, 0.0, 1.0, 0.0, 0.724815, 0.0, 0.0, 0.0, 1.0],
                [0.961353, 0.0, -0.27532, 0.057301, -0.27532, 0.0, -0.961353, -0.108145, 0.0, 1.0, 0.0, 0.724815, 0.0, 0.0, 0.0, 1.0],
                [0.960864, 0.0, -0.277021, 0.057437, -0.277021, 0.0, -0.960864, -0.108151, 0.0, 1.0, 0.0, 0.724815, 0.0, 0.0, 0.0, 1.0],
                [0.960173, 0.0, -0.279407, 0.057628, -0.279407, 0.0, -0.960173, -0.108159, 0.0, 1.0, 0.0, 0.724815, 0.0, 0.0, 0.0, 1.0],
                [0.959275, 0.0, -0.282475, 0.057873, -0.282475, 0.0, -0.959275, -0.108171, 0.0, 1.0, 0.0, 0.724815, 0.0, 0.0, 0.0, 1.0],
                [0.958163, 0.0, -0.286224, 0.058174, -0.286224, 0.0, -0.958163, -0.108186, 0.0, 1.0, 0.0, 0.724815, 0.0, 0.0, 0.0, 1.0],
                [0.95683, 0.0, -0.290647, 0.058528, -0.290647, 0.0, -0.95683, -0.108204, 0.0, 1.0, 0.0, 0.724815, 0.0, 0.0, 0.0, 1.0],
                [0.95527, 0.0, -0.295735, 0.058937, -0.295735, 0.0, -0.95527, -0.108226, 0.0, 1.0, 0.0, 0.724815, 0.0, 0.0, 0.0, 1.0],
                [0.953474, 0.0, -0.301475, 0.059399, -0.301475, 0.0, -0.953474, -0.108252, 0.0, 1.0, 0.0, 0.724815, 0.0, 0.0, 0.0, 1.0],
                [0.951434, 0.0, -0.307854, 0.059913, -0.307854, 0.0, -0.951434, -0.108282, 0.0, 1.0, 0.0, 0.724815, 0.0, 0.0, 0.0, 1.0],
                [0.949141, 0.0, -0.314851, 0.060479, -0.314851, 0.0, -0.949141, -0.108316, 0.0, 1.0, 0.0, 0.724815, 0.0, 0.0, 0.0, 1.0],
                [0.946588, 0.0, -0.322445, 0.061095, -0.322445, 0.0, -0.946588, -0.108356, 0.0, 1.0, 0.0, 0.724815, 0.0, 0.0, 0.0, 1.0],
                [0.943768, 0.0, -0.33061, 0.061759, -0.33061, 0.0, -0.943768, -0.1084, 0.0, 1.0, 0.0, 0.724815, 0.0, 0.0, 0.0, 1.0],
                [0.940673, 0.0, -0.339315, 0.06247, -0.339315, 0.0, -0.940673, -0.10845, 0.0, 1.0, 0.0, 0.724815, 0.0, 0.0, 0.0, 1.0],
                [0.937298, 0.0, -0.348529, 0.063225, -0.348529, 0.0, -0.937298, -0.108505, 0.0, 1.0, 0.0, 0.724815, 0.0, 0.0, 0.0, 1.0],
                [0.93364, 0.0, -0.358214, 0.064021, -0.358214, 0.0, -0.93364, -0.108565, 0.0, 1.0, 0.0, 0.724815, 0.0, 0.0, 0.0, 1.0],
                [0.929695, 0.0, -0.368329, 0.064857, -0.368329, 0.0, -0.929695, -0.108632, 0.0, 1.0, 0.0, 0.724815, 0.0, 0.0, 0.0, 1.0],
                [0.925466, 0.0, -0.378832, 0.065729, -0.378832, 0.0, -0.925466, -0.108705, 0.0, 1.0, 0.0, 0.724815, 0.0, 0.0, 0.0, 1.0],
                [0.920953, 0.0, -0.389675, 0.066633, -0.389675, 0.0, -0.920953, -0.108785, 0.0, 1.0, 0.0, 0.724815, 0.0, 0.0, 0.0, 1.0],
                [0.916162, 0.0, -0.400809, 0.067567, -0.400809, 0.0, -0.916162, -0.108872, 0.0, 1.0, 0.0, 0.724815, 0.0, 0.0, 0.0, 1.0],
                [0.911101, 0.0, -0.412183, 0.068527, -0.412183, 0.0, -0.911101, -0.108967, 0.0, 1.0, 0.0, 0.724815, 0.0, 0.0, 0.0, 1.0],
                [0.905782, 0.0, -0.423745, 0.069507, -0.423745, 0.0, -0.905782, -0.109069, 0.0, 1.0, 0.0, 0.724815, 0.0, 0.0, 0.0, 1.0],
                [0.900218, 0.0, -0.435439, 0.070505, -0.435439, 0.0, -0.900218, -0.109179, 0.0, 1.0, 0.0, 0.724815, 0.0, 0.0, 0.0, 1.0],
                [0.894428, 0.0, -0.447212, 0.071515, -0.447212, 0.0, -0.894428, -0.109298, 0.0, 1.0, 0.0, 0.724815, 0.0, 0.0, 0.0, 1.0],
                [0.888432, 0.0, -0.459008, 0.072533, -0.459008, 0.0, -0.888432, -0.109426, 0.0, 1.0, 0.0, 0.724815, 0.0, 0.0, 0.0, 1.0],
                [0.882254, 0.0, -0.470775, 0.073555, -0.470775, 0.0, -0.882254, -0.109563, 0.0, 1.0, 0.0, 0.724815, 0.0, 0.0, 0.0, 1.0],
                [0.875919, 0.0, -0.482459, 0.074576, -0.482459, 0.0, -0.875919, -0.109711, 0.0, 1.0, 0.0, 0.724815, 0.0, 0.0, 0.0, 1.0],
                [0.869456, 0.0, -0.49401, 0.075591, -0.49401, 0.0, -0.869456, -0.109868, 0.0, 1.0, 0.0, 0.724815, 0.0, 0.0, 0.0, 1.0],
                [0.862897, 0.0, -0.50538, 0.076595, -0.50538, 0.0, -0.862897, -0.110036, 0.0, 1.0, 0.0, 0.724815, 0.0, 0.0, 0.0, 1.0],
                [0.856273, 0.0, -0.516523, 0.077583, -0.516523, 0.0, -0.856273, -0.110215, 0.0, 1.0, 0.0, 0.724815, 0.0, 0.0, 0.0, 1.0],
                [0.849619, 0.0, -0.527397, 0.078552, -0.527397, 0.0, -0.849619, -0.110406, 0.0, 1.0, 0.0, 0.724815, 0.0, 0.0, 0.0, 1.0],
                [0.842967, 0.0, -0.537965, 0.079497, -0.537965, 0.0, -0.842967, -0.110609, 0.0, 1.0, 0.0, 0.724815, 0.0, 0.0, 0.0, 1.0],
                [0.836354, 0.0, -0.548189, 0.080414, -0.548189, 0.0, -0.836354, -0.110824, 0.0, 1.0, 0.0, 0.724815, 0.0, 0.0, 0.0, 1.0],
                [0.829814, 0.0, -0.558041, 0.081299, -0.558041, 0.0, -0.829814, -0.111052, 0.0, 1.0, 0.0, 0.724815, 0.0, 0.0, 0.0, 1.0],
                [0.823379, 0.0, -0.567491, 0.082147, -0.567491, 0.0, -0.823379, -0.111292, 0.0, 1.0, 0.0, 0.724815, 0.0, 0.0, 0.0, 1.0],
                [0.817085, 0.0, -0.576517, 0.082956, -0.576517, 0.0, -0.817085, -0.111546, 0.0, 1.0, 0.0, 0.724815, 0.0, 0.0, 0.0, 1.0],
                [0.810962, 0.0, -0.585099, 0.083723, -0.585099, 0.0, -0.810962, -0.111813, 0.0, 1.0, 0.0, 0.724815, 0.0, 0.0, 0.0, 1.0],
                [0.80504, 0.0, -0.59322, 0.084445, -0.59322, 0.0, -0.80504, -0.112094, 0.0, 1.0, 0.0, 0.724815, 0.0, 0.0, 0.0, 1.0],
                [0.799349, 0.0, -0.600867, 0.085118, -0.600867, 0.0, -0.799349, -0.112388, 0.0, 1.0, 0.0, 0.724815, 0.0, 0.0, 0.0, 1.0],
                [0.793914, 0.0, -0.60803, 0.085742, -0.60803, 0.0, -0.793914, -0.112697, 0.0, 1.0, 0.0, 0.724815, 0.0, 0.0, 0.0, 1.0],
                [0.788761, 0.0, -0.6147, 0.086313, -0.6147, 0.0, -0.788761, -0.113019, 0.0, 1.0, 0.0, 0.724815, 0.0, 0.0, 0.0, 1.0],
                [0.783911, 0.0, -0.620873, 0.086831, -0.620873, 0.0, -0.783911, -0.113355, 0.0, 1.0, 0.0, 0.724815, 0.0, 0.0, 0.0, 1.0],
                [0.779386, 0.0, -0.626544, 0.087293, -0.626544, 0.0, -0.779386, -0.113705, 0.0, 1.0, 0.0, 0.724815, 0.0, 0.0, 0.0, 1.0],
                [0.775202, 0.0, -0.631713, 0.087699, -0.631713, 0.0, -0.775202, -0.114068, 0.0, 1.0, 0.0, 0.724815, 0.0, 0.0, 0.0, 1.0],
                [0.771377, 0.0, -0.636379, 0.088048, -0.636379, 0.0, -0.771377, -0.114446, 0.0, 1.0, 0.0, 0.724815, 0.0, 0.0, 0.0, 1.0],
                [0.767923, 0.0, -0.640542, 0.088339, -0.640542, 0.0, -0.767923, -0.114837, 0.0, 1.0, 0.0, 0.724815, 0.0, 0.0, 0.0, 1.0],
                [0.764853, 0.0, -0.644204, 0.088572, -0.644204, 0.0, -0.764853, -0.115241, 0.0, 1.0, 0.0, 0.724815, 0.0, 0.0, 0.0, 1.0],
                [0.762177, 0.0, -0.647368, 0.088746, -0.647368, 0.0, -0.762177, -0.115658, 0.0, 1.0, 0.0, 0.724815, 0.0, 0.0, 0.0, 1.0],
                [0.759903, 0.0, -0.650036, 0.088862, -0.650036, 0.0, -0.759903, -0.116089, 0.0, 1.0, 0.0, 0.724815, 0.0, 0.0, 0.0, 1.0],
                [0.758038, 0.0, -0.652211, 0.088919, -0.652211, 0.0, -0.758038, -0.116532, 0.0, 1.0, 0.0, 0.724815, 0.0, 0.0, 0.0, 1.0],
                [0.756586, 0.0, -0.653894, 0.088918, -0.653894, 0.0, -0.756586, -0.116987, 0.0, 1.0, 0.0, 0.724815, 0.0, 0.0, 0.0, 1.0],
                [0.776705, 0.0, -0.629864, 0.087321, -0.629864, 0.0, -0.776705, -0.120948, 0.0, 1.0, 0.0, 0.724815, 0.0, 0.0, 0.0, 1.0],
                [0.836321, 0.0, -0.54824, 0.082643, -0.54824, 0.0, -0.836321, -0.131841, 0.0, 1.0, 0.0, 0.724815, 0.0, 0.0, 0.0, 1.0],
                [0.918619, 0.0, -0.395145, 0.075232, -0.395145, 0.0, -0.918619, -0.148887, 0.0, 1.0, 0.0, 0.724815, 0.0, 0.0, 0.0, 1.0],
                [0.986327, 0.0, -0.164802, 0.065696, -0.164802, 0.0, -0.986327, -0.170219, 0.0, 1.0, 0.0, 0.724815, 0.0, 0.0, 0.0, 1.0],
                [0.993184, 0.0, 0.116557, 0.0547, 0.116557, 0.0, -0.993184, -0.193118, 0.0, 1.0, 0.0, 0.724815, 0.0, 0.0, 0.0, 1.0],
                [0.921593, 0.0, 0.388157, 0.043011, 0.388157, 0.0, -0.921593, -0.214877, 0.0, 1.0, 0.0, 0.724815, 0.0, 0.0, 0.0, 1.0],
                [0.803229, 0.0, 0.595671, 0.031837, 0.595671, 0.0, -0.803229, -0.23347, 0.0, 1.0, 0.0, 0.724815, 0.0, 0.0, 0.0, 1.0],
                [0.688555, 0.0, 0.725184, 0.022699, 0.725184, 0.0, -0.688555, -0.247517, 0.0, 1.0, 0.0, 0.724815, 0.0, 0.0, 0.0, 1.0],
                [0.611669, 0.0, 0.791113, 0.016835, 0.791113, 0.0, -0.611669, -0.256151, 0.0, 1.0, 0.0, 0.724815, 0.0, 0.0, 0.0, 1.0],
                [0.585461, 0.0, 0.810701, 0.014847, 0.810701, 0.0, -0.585461, -0.259024, 0.0, 1.0, 0.0, 0.724815, 0.0, 0.0, 0.0, 1.0],
                [0.585461, 0.0, 0.810701, 0.014847, 0.810701, 0.0, -0.585461, -0.259024, 0.0, 1.0, 0.0, 0.724815, 0.0, 0.0, 0.0, 1.0],
                [0.585461, 0.0, 0.810701, 0.014847, 0.810701, 0.0, -0.585461, -0.259024, 0.0, 1.0, 0.0, 0.724815, 0.0, 0.0, 0.0, 1.0],
                [0.585461, 0.0, 0.810701, 0.014847, 0.810701, 0.0, -0.585461, -0.259024, 0.0, 1.0, 0.0, 0.724815, 0.0, 0.0, 0.0, 1.0],
                [0.585461, 0.0, 0.810701, 0.014847, 0.810701, 0.0, -0.585461, -0.259024, 0.0, 1.0, 0.0, 0.724815, 0.0, 0.0, 0.0, 1.0],
                [0.585461, 0.0, 0.810701, 0.014847, 0.810701, 0.0, -0.585461, -0.259024, 0.0, 1.0, 0.0, 0.724815, 0.0, 0.0, 0.0, 1.0],
                [0.585461, 0.0, 0.810701, 0.014847, 0.810701, 0.0, -0.585461, -0.259024, 0.0, 1.0, 0.0, 0.724815, 0.0, 0.0, 0.0, 1.0],
                [0.585461, 0.0, 0.810701, 0.014847, 0.810701, 0.0, -0.585461, -0.259024, 0.0, 1.0, 0.0, 0.724815, 0.0, 0.0, 0.0, 1.0],
                [0.585461, 0.0, 0.810701, 0.014847, 0.810701, 0.0, -0.585461, -0.259024, 0.0, 1.0, 0.0, 0.724815, 0.0, 0.0, 0.0, 1.0],
                [0.585461, 0.0, 0.810701, 0.014847, 0.810701, 0.0, -0.585461, -0.259024, 0.0, 1.0, 0.0, 0.724815, 0.0, 0.0, 0.0, 1.0],
                [0.585461, 0.0, 0.810701, 0.014847, 0.810701, 0.0, -0.585461, -0.259024, 0.0, 1.0, 0.0, 0.724815, 0.0, 0.0, 0.0, 1.0],
                [0.585461, 0.0, 0.810701, 0.014847, 0.810701, 0.0, -0.585461, -0.259024, 0.0, 1.0, 0.0, 0.724815, 0.0, 0.0, 0.0, 1.0],
                [0.585461, 0.0, 0.810701, 0.014847, 0.810701, 0.0, -0.585461, -0.259024, 0.0, 1.0, 0.0, 0.724815, 0.0, 0.0, 0.0, 1.0],
                [0.585461, 0.0, 0.810701, 0.014847, 0.810701, 0.0, -0.585461, -0.259024, 0.0, 1.0, 0.0, 0.724815, 0.0, 0.0, 0.0, 1.0],
                [0.585461, 0.0, 0.810701, 0.014847, 0.810701, 0.0, -0.585461, -0.259024, 0.0, 1.0, 0.0, 0.724815, 0.0, 0.0, 0.0, 1.0],
                [0.585461, 0.0, 0.810701, 0.014847, 0.810701, 0.0, -0.585461, -0.259024, 0.0, 1.0, 0.0, 0.724815, 0.0, 0.0, 0.0, 1.0],
                [0.585461, 0.0, 0.810701, 0.014847, 0.810701, 0.0, -0.585461, -0.259024, 0.0, 1.0, 0.0, 0.724815, 0.0, 0.0, 0.0, 1.0],
                [0.585461, 0.0, 0.810701, 0.014847, 0.810701, 0.0, -0.585461, -0.259024, 0.0, 1.0, 0.0, 0.724815, 0.0, 0.0, 0.0, 1.0],
                [0.585461, 0.0, 0.810701, 0.014847, 0.810701, 0.0, -0.585461, -0.259024, 0.0, 1.0, 0.0, 0.724815, 0.0, 0.0, 0.0, 1.0],
                [0.585461, 0.0, 0.810701, 0.014847, 0.810701, 0.0, -0.585461, -0.259024, 0.0, 1.0, 0.0, 0.724815, 0.0, 0.0, 0.0, 1.0],
                [0.585461, 0.0, 0.810701, 0.014847, 0.810701, 0.0, -0.585461, -0.259024, 0.0, 1.0, 0.0, 0.724815, 0.0, 0.0, 0.0, 1.0],
                [0.585461, 0.0, 0.810701, 0.014847, 0.810701, 0.0, -0.585461, -0.259024, 0.0, 1.0, 0.0, 0.724815, 0.0, 0.0, 0.0, 1.0],
                [0.585461, 0.0, 0.810701, 0.014847, 0.810701, 0.0, -0.585461, -0.259024, 0.0, 1.0, 0.0, 0.724815, 0.0, 0.0, 0.0, 1.0],
                [0.585461, 0.0, 0.810701, 0.014847, 0.810701, 0.0, -0.585461, -0.259024, 0.0, 1.0, 0.0, 0.724815, 0.0, 0.0, 0.0, 1.0],
                [0.585461, 0.0, 0.810701, 0.014847, 0.810701, 0.0, -0.585461, -0.259024, 0.0, 1.0, 0.0, 0.724815, 0.0, 0.0, 0.0, 1.0],
                [0.585461, 0.0, 0.810701, 0.014847, 0.810701, 0.0, -0.585461, -0.259024, 0.0, 1.0, 0.0, 0.724815, 0.0, 0.0, 0.0, 1.0],
                [0.585461, 0.0, 0.810701, 0.014847, 0.810701, 0.0, -0.585461, -0.259024, 0.0, 1.0, 0.0, 0.724815, 0.0, 0.0, 0.0, 1.0],
                [0.585461, 0.0, 0.810701, 0.014847, 0.810701, 0.0, -0.585461, -0.259024, 0.0, 1.0, 0.0, 0.724815, 0.0, 0.0, 0.0, 1.0],
                [0.585461, 0.0, 0.810701, 0.014847, 0.810701, 0.0, -0.585461, -0.259024, 0.0, 1.0, 0.0, 0.724815, 0.0, 0.0, 0.0, 1.0],
                [0.585461, 0.0, 0.810701, 0.014847, 0.810701, 0.0, -0.585461, -0.259024, 0.0, 1.0, 0.0, 0.724815, 0.0, 0.0, 0.0, 1.0],
                [0.585461, 0.0, 0.810701, 0.014847, 0.810701, 0.0, -0.585461, -0.259024, 0.0, 1.0, 0.0, 0.724815, 0.0, 0.0, 0.0, 1.0],
                [0.585461, 0.0, 0.810701, 0.014847, 0.810701, 0.0, -0.585461, -0.259024, 0.0, 1.0, 0.0, 0.724815, 0.0, 0.0, 0.0, 1.0],
                [0.585461, 0.0, 0.810701, 0.014847, 0.810701, 0.0, -0.585461, -0.259024, 0.0, 1.0, 0.0, 0.724815, 0.0, 0.0, 0.0, 1.0],
                [0.585461, 0.0, 0.810701, 0.014847, 0.810701, 0.0, -0.585461, -0.259024, 0.0, 1.0, 0.0, 0.724815, 0.0, 0.0, 0.0, 1.0],
                [0.585461, 0.0, 0.810701, 0.014847, 0.810701, 0.0, -0.585461, -0.259024, 0.0, 1.0, 0.0, 0.724815, 0.0, 0.0, 0.0, 1.0],
                [0.585461, 0.0, 0.810701, 0.014847, 0.810701, 0.0, -0.585461, -0.259024, 0.0, 1.0, 0.0, 0.724815, 0.0, 0.0, 0.0, 1.0],
                [0.585461, 0.0, 0.810701, 0.014847, 0.810701, 0.0, -0.585461, -0.259024, 0.0, 1.0, 0.0, 0.724815, 0.0, 0.0, 0.0, 1.0],
                [0.585461, 0.0, 0.810701, 0.014847, 0.810701, 0.0, -0.585461, -0.259024, 0.0, 1.0, 0.0, 0.724815, 0.0, 0.0, 0.0, 1.0],
                [0.585461, 0.0, 0.810701, 0.014847, 0.810701, 0.0, -0.585461, -0.259024, 0.0, 1.0, 0.0, 0.724815, 0.0, 0.0, 0.0, 1.0],
                [0.585461, 0.0, 0.810701, 0.014847, 0.810701, 0.0, -0.585461, -0.259024, 0.0, 1.0, 0.0, 0.724815, 0.0, 0.0, 0.0, 1.0],
                [0.585461, 0.0, 0.810701, 0.014847, 0.810701, 0.0, -0.585461, -0.259024, 0.0, 1.0, 0.0, 0.724815, 0.0, 0.0, 0.0, 1.0],
                [0.585461, 0.0, 0.810701, 0.014847, 0.810701, 0.0, -0.585461, -0.259024, 0.0, 1.0, 0.0, 0.724815, 0.0, 0.0, 0.0, 1.0],
                [0.585461, 0.0, 0.810701, 0.014847, 0.810701, 0.0, -0.585461, -0.259024, 0.0, 1.0, 0.0, 0.724815, 0.0, 0.0, 0.0, 1.0],
                [0.585461, 0.0, 0.810701, 0.014847, 0.810701, 0.0, -0.585461, -0.259024, 0.0, 1.0, 0.0, 0.724815, 0.0, 0.0, 0.0, 1.0],
                [0.585461, 0.0, 0.810701, 0.014847, 0.810701, 0.0, -0.585461, -0.259024, 0.0, 1.0, 0.0, 0.724815, 0.0, 0.0, 0.0, 1.0],
                [0.585461, 0.0, 0.810701, 0.014847, 0.810701, 0.0, -0.585461, -0.259024, 0.0, 1.0, 0.0, 0.724815, 0.0, 0.0, 0.0, 1.0],
                [0.585461, 0.0, 0.810701, 0.014847, 0.810701, 0.0, -0.585461, -0.259024, 0.0, 1.0, 0.0, 0.724815, 0.0, 0.0, 0.0, 1.0],
                [0.585461, 0.0, 0.810701, 0.014847, 0.810701, 0.0, -0.585461, -0.259024, 0.0, 1.0, 0.0, 0.724815, 0.0, 0.0, 0.0, 1.0],
                [0.585461, 0.0, 0.810701, 0.014847, 0.810701, 0.0, -0.585461, -0.259024, 0.0, 1.0, 0.0, 0.724815, 0.0, 0.0, 0.0, 1.0],
                [0.585461, 0.0, 0.810701, 0.014847, 0.810701, 0.0, -0.585461, -0.259024, 0.0, 1.0, 0.0, 0.724815, 0.0, 0.0, 0.0, 1.0],
                [0.585461, 0.0, 0.810701, 0.014847, 0.810701, 0.0, -0.585461, -0.259024, 0.0, 1.0, 0.0, 0.724815, 0.0, 0.0, 0.0, 1.0],
                [0.585461, 0.0, 0.810701, 0.014847, 0.810701, 0.0, -0.585461, -0.259024, 0.0, 1.0, 0.0, 0.724815, 0.0, 0.0, 0.0, 1.0],
                [0.585461, 0.0, 0.810701, 0.014847, 0.810701, 0.0, -0.585461, -0.259024, 0.0, 1.0, 0.0, 0.724815, 0.0, 0.0, 0.0, 1.0],
                [0.585461, 0.0, 0.810701, 0.014847, 0.810701, 0.0, -0.585461, -0.259024, 0.0, 1.0, 0.0, 0.724815, 0.0, 0.0, 0.0, 1.0],
                [0.585461, 0.0, 0.810701, 0.014847, 0.810701, 0.0, -0.585461, -0.259024, 0.0, 1.0, 0.0, 0.724815, 0.0, 0.0, 0.0, 1.0],
                [0.585461, 0.0, 0.810701, 0.014847, 0.810701, 0.0, -0.585461, -0.259024, 0.0, 1.0, 0.0, 0.724815, 0.0, 0.0, 0.0, 1.0],
                [0.585461, 0.0, 0.810701, 0.014847, 0.810701, 0.0, -0.585461, -0.259024, 0.0, 1.0, 0.0, 0.724815, 0.0, 0.0, 0.0, 1.0],
                [0.585461, 0.0, 0.810701, 0.014847, 0.810701, 0.0, -0.585461, -0.259024, 0.0, 1.0, 0.0, 0.724815, 0.0, 0.0, 0.0, 1.0],
                [0.585461, 0.0, 0.810701, 0.014847, 0.810701, 0.0, -0.585461, -0.259024, 0.0, 1.0, 0.0, 0.724815, 0.0, 0.0, 0.0, 1.0],
                [0.585461, 0.0, 0.810701, 0.014847, 0.810701, 0.0, -0.585461, -0.259024, 0.0, 1.0, 0.0, 0.724815, 0.0, 0.0, 0.0, 1.0],
                [0.588003, 0.0, 0.808859, 0.014841, 0.808859, 0.0, -0.588003, -0.258446, 0.0, 1.0, 0.0, 0.724815, 0.0, 0.0, 0.0, 1.0],
                [0.595659, 0.0, 0.803237, 0.014821, 0.803237, 0.0, -0.595659, -0.256701, 0.0, 1.0, 0.0, 0.724815, 0.0, 0.0, 0.0, 1.0],
                [0.608416, 0.0, 0.793618, 0.014783, 0.793618, 0.0, -0.608416, -0.253778, 0.0, 1.0, 0.0, 0.724815, 0.0, 0.0, 0.0, 1.0],
                [0.626173, 0.0, 0.779684, 0.014724, 0.779684, 0.0, -0.626173, -0.249678, 0.0, 1.0, 0.0, 0.724815, 0.0, 0.0, 0.0, 1.0],
                [0.648713, 0.0, 0.761034, 0.014634, 0.761034, 0.0, -0.648713, -0.244411, 0.0, 1.0, 0.0, 0.724815, 0.0, 0.0, 0.0, 1.0],
                [0.675678, 0.0, 0.737197, 0.014505, 0.737197, 0.0, -0.675678, -0.237998, 0.0, 1.0, 0.0, 0.724815, 0.0, 0.0, 0.0, 1.0],
                [0.706539, 0.0, 0.707674, 0.014325, 0.707674, 0.0, -0.706539, -0.230477, 0.0, 1.0, 0.0, 0.724815, 0.0, 0.0, 0.0, 1.0],
                [0.740567, 0.0, 0.671983, 0.014083, 0.671983, 0.0, -0.740567, -0.221898, 0.0, 1.0, 0.0, 0.724815, 0.0, 0.0, 0.0, 1.0],
                [0.77682, 0.0, 0.629723, 0.013765, 0.629723, 0.0, -0.77682, -0.212331, 0.0, 1.0, 0.0, 0.724815, 0.0, 0.0, 0.0, 1.0],
                [0.81415, 0.0, 0.580655, 0.013359, 0.580655, 0.0, -0.81415, -0.201858, 0.0, 1.0, 0.0, 0.724815, 0.0, 0.0, 0.0, 1.0],
                [0.851233, 0.0, 0.524787, 0.012857, 0.524787, 0.0, -0.851233, -0.190582, 0.0, 1.0, 0.0, 0.724815, 0.0, 0.0, 0.0, 1.0],
                [0.886645, 0.0, 0.462451, 0.012251, 0.462451, 0.0, -0.886645, -0.17862, 0.0, 1.0, 0.0, 0.724815, 0.0, 0.0, 0.0, 1.0],
                [0.91896, 0.0, 0.394352, 0.011542, 0.394352, 0.0, -0.91896, -0.166104, 0.0, 1.0, 0.0, 0.724815, 0.0, 0.0, 0.0, 1.0],
                [0.946881, 0.0, 0.321585, 0.010735, 0.321585, 0.0, -0.946881, -0.153183, 0.0, 1.0, 0.0, 0.724815, 0.0, 0.0, 0.0, 1.0],
                [0.969374, 0.0, 0.24559, 0.009844, 0.24559, 0.0, -0.969374, -0.140016, 0.0, 1.0, 0.0, 0.724815, 0.0, 0.0, 0.0, 1.0],
                [0.985778, 0.0, 0.168051, 0.008888, 0.168051, 0.0, -0.985778, -0.12677, 0.0, 1.0, 0.0, 0.724815, 0.0, 0.0, 0.0, 1.0],
                [0.995872, 0.0, 0.090768, 0.007891, 0.090768, 0.0, -0.995872, -0.113621, 0.0, 1.0, 0.0, 0.724815, 0.0, 0.0, 0.0, 1.0],
                [0.99988, 0.0, 0.015498, 0.006878, 0.015498, 0.0, -0.99988, -0.100744, 0.0, 1.0, 0.0, 0.724815, 0.0, 0.0, 0.0, 1.0],
                [0.998421, 0.0, -0.05618, 0.005878, -0.05618, 0.0, -0.998421, -0.08831, 0.0, 1.0, 0.0, 0.724815, 0.0, 0.0, 0.0, 1.0],
                [0.992411, 0.0, -0.122965, 0.004913, -0.122965, 0.0, -0.992411, -0.076483, 0.0, 1.0, 0.0, 0.724815, 0.0, 0.0, 0.0, 1.0],
                [0.982947, 0.0, -0.183888, 0.004006, -0.183888, 0.0, -0.982947, -0.065412, 0.0, 1.0, 0.0, 0.724815, 0.0, 0.0, 0.0, 1.0],
                [0.971189, 0.0, -0.238312, 0.003174, -0.238312, 0.0, -0.971189, -0.05523, 0.0, 1.0, 0.0, 0.724815, 0.0, 0.0, 0.0, 1.0],
                [0.95826, 0.0, -0.2859, 0.002429, -0.2859, 0.0, -0.95826, -0.046052, 0.0, 1.0, 0.0, 0.724815, 0.0, 0.0, 0.0, 1.0],
                [0.945178, 0.0, -0.326555, 0.001779, -0.326555, 0.0, -0.945178, -0.037968, 0.0, 1.0, 0.0, 0.724815, 0.0, 0.0, 0.0, 1.0],
                [0.932815, 0.0, -0.360356, 0.001229, -0.360356, 0.0, -0.932815, -0.031053, 0.0, 1.0, 0.0, 0.724815, 0.0, 0.0, 0.0, 1.0],
                [0.921874, 0.0, -0.387489, 0.000781, -0.387489, 0.0, -0.921874, -0.025357, 0.0, 1.0, 0.0, 0.724815, 0.0, 0.0, 0.0, 1.0],
                [0.912894, 0.0, -0.408196, 0.000434, -0.408196, 0.0, -0.912894, -0.020915, 0.0, 1.0, 0.0, 0.724815, 0.0, 0.0, 0.0, 1.0],
                [0.906256, 0.0, -0.422729, 0.000189, -0.422729, 0.0, -0.906256, -0.017745, 0.0, 1.0, 0.0, 0.724815, 0.0, 0.0, 0.0, 1.0],
                [0.9022, 0.0, -0.431317, 4.4e-05, -0.431317, 0.0, -0.9022, -0.01585, 0.0, 1.0, 0.0, 0.724815, 0.0, 0.0, 0.0, 1.0],
                [0.900842, 0.0, -0.434148, -5e-06, -0.434148, 0.0, -0.900842, -0.015222, 0.0, 1.0, 0.0, 0.724815, 0.0, 0.0, 0.0, 1.0]
            ]
        },
        {
            "name": "Thigh_R",
            "time": [0.0, 0.0167, 0.0333, 0.05, 0.0667, 0.0833, 0.1, 0.1167, 0.1333, 0.15, 0.1667, 0.1833, 0.2, 0.2167, 0.2333, 0.25, 0.2667, 0.2833, 0.3, 0.3167, 0.3333, 0.35, 0.3667, 0.3833, 0.4, 0.4167, 0.4333, 0.45, 0.4667, 0.4833, 0.5, 0.5167, 0.5333, 0.55, 0.5667, 0.5833, 0.6, 0.6167, 0.6333, 0.65, 0.6667, 0.6833, 0.7, 0.7167, 0.7333, 0.75, 0.7667, 0.7833, 0.8, 0.8167, 0.8333, 0.85, 0.8667, 0.8833, 0.9, 0.9167, 0.9333, 0.95, 0.9667, 0.9833, 1.0, 1.0167, 1.0333, 1.05, 1.0667, 1.0833, 1.1, 1.1167, 1.1333, 1.15, 1.1667, 1.1833, 1.2, 1.2167, 1.2333, 1.25, 1.2667, 1.2833, 1.3, 1.3167, 1.3333, 1.35, 1.3667, 1.3833, 1.4, 1.4167, 1.4333, 1.45, 1.4667, 1.4833, 1.5, 1.5167, 1.5333, 1.55, 1.5667, 1.5833, 1.6, 1.6167, 1.6333, 1.65, 1.6667, 1.6833, 1.7, 1.7167, 1.7333, 1.75, 1.7667, 1.7833, 1.8, 1.8167, 1.8333, 1.85, 1.8667, 1.8833, 1.9, 1.9167, 1.9333, 1.95, 1.9667, 1.9833, 2.0, 2.0167, 2.0333, 2.05, 2.0667, 2.0833, 2.1, 2.1167, 2.1333, 2.15, 2.1667, 2.1833, 2.2, 2.2167, 2.2333, 2.25, 2.2667, 2.2833, 2.3, 2.3167, 2.3333, 2.35, 2.3667, 2.3833, 2.4, 2.4167, 2.4333, 2.45, 2.4667, 2.4833, 2.5],
            "transform": [
                [0.939903, -0.044194, 0.338555, 0.086814, -0.135933, -0.958051, 0.252306, -0.002831, 0.313215, -0.283169, -0.906447, -0.089074, 0.0, 0.0, 0.0, 1.0],
                [0.939903, -0.044194, 0.338555, 0.086814, -0.135933, -0.958051, 0.252306, -0.002831, 0.313215, -0.283169, -0.906447, -0.089074, 0.0, 0.0, 0.0, 1.0],
                [0.939904, -0.044193, 0.338555, 0.086814, -0.135933, -0.958051, 0.252306, -0.002831, 0.313215, -0.283169, -0.906447, -0.089074, 0.0, 0.0, 0.0, 1.0],
                [0.939903, -0.044194, 0.338555, 0.086814, -0.135933, -0.958051, 0.252306, -0.002831, 0.313215, -0.283169, -0.906447, -0.089074, 0.0, 0.0, 0.0, 1.0],
                [0.939904, -0.044193, 0.338555, 0.086814, -0.135933, -0.958051, 0.252306, -0.002831, 0.313215, -0.283169, -0.906447, -0.089074, 0.0, 0.0, 0.0, 1.0],
                [0.939903, -0.044193, 0.338555, 0.086814, -0.135933, -0.958051, 0.252306, -0.002831, 0.313215, -0.28317, -0.906446, -0.089074, 0.0, 0.0, 0.0, 1.0],
                [0.939903, -0.044194, 0.338555, 0.086814, -0.135933, -0.958051, 0.252306, -0.002831, 0.313215, -0.283169, -0.906447, -0.089074, 0.0, 0.0, 0.0, 1.0],
                [0.939903, -0.044194, 0.338555, 0.086814, -0.135933, -0.958051, 0.252306, -0.002831, 0.313215, -0.283169, -0.906447, -0.089074, 0.0, 0.0, 0.0, 1.0],
                [0.939903, -0.044194, 0.338555, 0.086814, -0.135933, -0.958051, 0.252305, -0.002831, 0.313215, -0.283168, -0.906447, -0.089074, 0.0, 0.0, 0.0, 1.0],
                [0.939903, -0.044194, 0.338555, 0.086814, -0.135933, -0.958051, 0.252306, -0.002831, 0.313215, -0.283169, -0.906447, -0.089074, 0.0, 0.0, 0.0, 1.0],
                [0.939903, -0.044194, 0.338555, 0.086814, -0.135933, -0.958051, 0.252305, -0.002831, 0.313215, -0.283168, -0.906447, -0.089074, 0.0, 0.0, 0.0, 1.0],
                [0.939903, -0.044194, 0.338555, 0.086814, -0.135933, -0.958051, 0.252305, -0.002831, 0.313215, -0.283168, -0.906447, -0.089074, 0.0, 0.0, 0.0, 1.0],
                [0.939903, -0.044194, 0.338555, 0.086814, -0.135933, -0.958051, 0.252306, -0.002831, 0.313215, -0.283169, -0.906447, -0.089074, 0.0, 0.0, 0.0, 1.0],
                [0.939903, -0.044194, 0.338555, 0.086814, -0.135933, -0.958051, 0.252305, -0.002831, 0.313215, -0.283168, -0.906447, -0.089074, 0.0, 0.0, 0.0, 1.0],
                [0.939904, -0.044194, 0.338555, 0.086814, -0.135933, -0.958051, 0.252305, -0.002831, 0.313215, -0.283168, -0.906447, -0.089074, 0.0, 0.0, 0.0, 1.0],
                [0.939903, -0.044194, 0.338555, 0.086814, -0.135933, -0.958051, 0.252305, -0.002831, 0.313215, -0.283168, -0.906447, -0.089074, 0.0, 0.0, 0.0, 1.0],
                [0.939904, -0.044193, 0.338555, 0.086814, -0.135933, -0.958051, 0.252306, -0.002831, 0.313215, -0.283169, -0.906447, -0.089074, 0.0, 0.0, 0.0, 1.0],
                [0.939903, -0.044193, 0.338555, 0.086814, -0.135933, -0.958051, 0.252306, -0.002831, 0.313215, -0.283169, -0.906447, -0.089074, 0.0, 0.0, 0.0, 1.0],
                [0.939904, -0.044194, 0.338555, 0.086814, -0.135933, -0.958051, 0.252305, -0.002831, 0.313215, -0.283168, -0.906447, -0.089074, 0.0, 0.0, 0.0, 1.0],
                [0.939904, -0.044193, 0.338555, 0.086814, -0.135933, -0.958051, 0.252306, -0.002831, 0.313215, -0.283169, -0.906447, -0.089074, 0.0, 0.0, 0.0, 1.0],
                [0.939904, -0.044193, 0.338555, 0.086814, -0.135933, -0.958051, 0.252306, -0.002831, 0.313215, -0.283169, -0.906446, -0.089074, 0.0, 0.0, 0.0, 1.0],
                [0.939904, -0.044193, 0.338555, 0.086814, -0.135933, -0.958051, 0.252306, -0.002831, 0.313215, -0.283169, -0.906447, -0.089074, 0.0, 0.0, 0.0, 1.0],
                [0.939904, -0.044194, 0.338555, 0.086814, -0.135933, -0.958051, 0.252306, -0.002831, 0.313215, -0.283169, -0.906447, -0.089074, 0.0, 0.0, 0.0, 1.0],
                [0.939903, -0.044194, 0.338555, 0.086814, -0.135933, -0.958051, 0.252306, -0.002831, 0.313215, -0.283169, -0.906447, -0.089074, 0.0, 0.0, 0.0, 1.0],
                [0.939904, -0.044194, 0.338555, 0.086814, -0.135933, -0.958051, 0.252305, -0.002831, 0.313215, -0.283168, -0.906447, -0.089074, 0.0, 0.0, 0.0, 1.0],
                [0.939903, -0.044194, 0.338555, 0.086814, -0.135933, -0.958051, 0.252306, -0.002831, 0.313215, -0.283169, -0.906447, -0.089074, 0.0, 0.0, 0.0, 1.0],
                [0.939903, -0.044193, 0.338555, 0.086814, -0.135933, -0.958051, 0.252306, -0.002831, 0.313215, -0.283169, -0.906446, -0.089074, 0.0, 0.0, 0.0, 1.0],
                [0.939903, -0.044194, 0.338555, 0.086814, -0.135933, -0.958051, 0.252305, -0.002831, 0.313215, -0.283169, -0.906447, -0.089074, 0.0, 0.0, 0.0, 1.0],
                [0.939904, -0.044194, 0.338555, 0.086814, -0.135933, -0.958051, 0.252306, -0.002831, 0.313215, -0.283169, -0.906447, -0.089074, 0.0, 0.0, 0.0, 1.0],
                [0.939903, -0.044193, 0.338555, 0.086814, -0.135933, -0.958051, 0.252306, -0.002831, 0.313215, -0.283169, -0.906447, -0.089074, 0.0, 0.0, 0.0, 1.0],
                [0.939903, -0.044193, 0.338555, 0.086814, -0.135933, -0.958051, 0.252306, -0.002831, 0.313215, -0.28317, -0.906446, -0.089074, 0.0, 0.0, 0.0, 1.0],
                [0.939904, -0.044194, 0.338555, 0.086814, -0.135933, -0.958051, 0.252305, -0.002831, 0.313215, -0.283169, -0.906447, -0.089074, 0.0, 0.0, 0.0, 1.0],
                [0.939903, -0.044193, 0.338555, 0.086814, -0.135933, -0.958051, 0.252306, -0.002831, 0.313215, -0.28317, -0.906446, -0.089074, 0.0, 0.0, 0.0, 1.0],
                [0.939903, -0.044193, 0.338555, 0.086814, -0.135933, -0.958051, 0.252306, -0.002831, 0.313215, -0.28317, -0.906446, -0.089074, 0.0, 0.0, 0.0, 1.0],
                [0.939903, -0.044193, 0.338555, 0.086814, -0.135933, -0.958051, 0.252306, -0.002831, 0.313215, -0.283169, -0.906447, -0.089074, 0.0, 0.0, 0.0, 1.0],
                [0.939903, -0.044193, 0.338555, 0.086814, -0.135933, -0.958051, 0.252306, -0.002831, 0.313215, -0.283169, -0.906447, -0.089074, 0.0, 0.0, 0.0, 1.0],
                [0.939903, -0.044193, 0.338555, 0.086814, -0.135933, -0.958051, 0.252306, -0.002831, 0.313215, -0.283169, -0.906447, -0.089074, 0.0, 0.0, 0.0, 1.0],
                [0.939903, -0.044193, 0.338556, 0.086814, -0.135933, -0.958051, 0.252306, -0.002831, 0.313215, -0.283169, -0.906447, -0.089074, 0.0, 0.0, 0.0, 1.0],
                [0.939903, -0.044193, 0.338555, 0.086814, -0.135933, -0.958051, 0.252306, -0.002831, 0.313215, -0.283169, -0.906447, -0.089074, 0.0, 0.0, 0.0, 1.0],
                [0.939903, -0.044193, 0.338555, 0.086814, -0.135933, -0.958051, 0.252306, -0.002831, 0.313215, -0.28317, -0.906447, -0.089074, 0.0, 0.0, 0.0, 1.0],
                [0.939903, -0.044193, 0.338555, 0.086814, -0.135933, -0.958051, 0.252306, -0.002831, 0.313215, -0.28317, -0.906446, -0.089074, 0.0, 0.0, 0.0, 1.0],
                [0.939903, -0.044193, 0.338555, 0.086814, -0.135933, -0.958051, 0.252306, -0.002831, 0.313215, -0.283169, -0.906447, -0.089074, 0.0, 0.0, 0.0, 1.0],
                [0.939903, -0.044194, 0.338555, 0.086814, -0.135933, -0.958051, 0.252306, -0.002831, 0.313215, -0.283169, -0.906447, -0.089074, 0.0, 0.0, 0.0, 1.0],
                [0.939903, -0.044193, 0.338555, 0.086814, -0.135933, -0.958051, 0.252306, -0.002831, 0.313215, -0.283169, -0.906447, -0.089074, 0.0, 0.0, 0.0, 1.0],
                [0.939903, -0.044194, 0.338555, 0.086814, -0.135933, -0.958051, 0.252305, -0.002831, 0.313215, -0.283168, -0.906447, -0.089074, 0.0, 0.0, 0.0, 1.0],
                [0.939903, -0.044194, 0.338555, 0.086814, -0.135933, -0.958051, 0.252306, -0.002831, 0.313215, -0.283169, -0.906447, -0.089074, 0.0, 0.0, 0.0, 1.0],
                [0.939903, -0.044193, 0.338555, 0.086814, -0.135933, -0.958051, 0.252306, -0.002831, 0.313215, -0.283169, -0.906446, -0.089074, 0.0, 0.0, 0.0, 1.0],
                [0.939903, -0.044194, 0.338555, 0.086814, -0.135933, -0.958051, 0.252306, -0.002831, 0.313215, -0.283169, -0.906447, -0.089074, 0.0, 0.0, 0.0, 1.0],
                [0.939903, -0.044193, 0.338555, 0.086814, -0.135933, -0.958051, 0.252306, -0.002831, 0.313215, -0.28317, -0.906447, -0.089074, 0.0, 0.0, 0.0, 1.0],
                [0.939904, -0.044193, 0.338555, 0.086814, -0.135933, -0.958051, 0.252306, -0.002831, 0.313215, -0.28317, -0.906447, -0.089074, 0.0, 0.0, 0.0, 1.0],
                [0.939903, -0.044193, 0.338555, 0.086814, -0.135933, -0.958051, 0.252306, -0.002831, 0.313215, -0.283169, -0.906447, -0.089074, 0.0, 0.0, 0.0, 1.0],
                [0.939903, -0.044193, 0.338555, 0.086814, -0.135933, -0.95805, 0.252307, -0.002831, 0.313215, -0.28317, -0.906446, -0.089074, 0.0, 0.0, 0.0, 1.0],
                [0.939903, -0.044193, 0.338555, 0.086814, -0.135933, -0.958051, 0.252306, -0.002831, 0.313215, -0.283169, -0.906447, -0.089074, 0.0, 0.0, 0.0, 1.0],
                [0.939903, -0.044194, 0.338555, 0.086814, -0.135933, -0.958051, 0.252306, -0.002831, 0.313215, -0.283169, -0.906447, -0.089074, 0.0, 0.0, 0.0, 1.0],
                [0.939903, -0.044193, 0.338555, 0.086814, -0.135933, -0.95805, 0.252307, -0.002831, 0.313215, -0.28317, -0.906446, -0.089074, 0.0, 0.0, 0.0, 1.0],
                [0.939903, -0.044193, 0.338555, 0.086814, -0.135933, -0.958051, 0.252306, -0.002831, 0.313215, -0.28317, -0.906447, -0.089074, 0.0, 0.0, 0.0, 1.0],
                [0.939903, -0.044193, 0.338555, 0.086814, -0.135933, -0.958051, 0.252306, -0.002831, 0.313215, -0.28317, -0.906447, -0.089074, 0.0, 0.0, 0.0, 1.0],
                [0.939903, -0.044194, 0.338555, 0.086814, -0.135933, -0.958051, 0.252305, -0.002831, 0.313215, -0.283168, -0.906447, -0.089074, 0.0, 0.0, 0.0, 1.0],
                [0.939903, -0.044194, 0.338555, 0.086814, -0.135933, -0.958051, 0.252306, -0.002831, 0.313215, -0.283169, -0.906447, -0.089074, 0.0, 0.0, 0.0, 1.0],
                [0.939904, -0.044194, 0.338556, 0.086814, -0.135933, -0.958051, 0.252306, -0.002831, 0.313215, -0.283169, -0.906447, -0.089074, 0.0, 0.0, 0.0, 1.0],
                [0.939903, -0.044193, 0.338556, 0.086814, -0.135933, -0.958051, 0.252306, -0.002831, 0.313215, -0.28317, -0.906446, -0.089074, 0.0, 0.0, 0.0, 1.0],
                [0.939903, -0.044194, 0.338555, 0.086814, -0.135933, -0.958051, 0.252305, -0.002831, 0.313215, -0.283168, -0.906447, -0.089074, 0.0, 0.0, 0.0, 1.0],
                [0.939903, -0.044194, 0.338555, 0.086814, -0.135933, -0.958051, 0.252305, -0.002831, 0.313215, -0.283168, -0.906447, -0.089074, 0.0, 0.0, 0.0, 1.0],
                [0.939903, -0.044194, 0.338555, 0.086814, -0.135933, -0.958051, 0.252305, -0.002831, 0.313215, -0.283168, -0.906447, -0.089074, 0.0, 0.0, 0.0, 1.0],
                [0.939903, -0.044194, 0.338555, 0.086814, -0.135933, -0.958051, 0.252305, -0.002831, 0.313215, -0.283168, -0.906447, -0.089074, 0.0, 0.0, 0.0, 1.0],
                [0.939903, -0.044194, 0.338555, 0.086814, -0.135933, -0.958051, 0.252305, -0.002831, 0.313215, -0.283168, -0.906447, -0.089074, 0.0, 0.0, 0.0, 1.0],
                [0.939903, -0.044194, 0.338555, 0.086814, -0.135933, -0.958051, 0.252305, -0.002831, 0.313215, -0.283168, -0.906447, -0.089074, 0.0, 0.0, 0.0, 1.0],
                [0.939903, -0.044194, 0.338555, 0.086814, -0.135933, -0.958051, 0.252305, -0.002831, 0.313215, -0.283168, -0.906447, -0.089074, 0.0, 0.0, 0.0, 1.0],
                [0.939903, -0.044194, 0.338555, 0.086814, -0.135933, -0.958051, 0.252305, -0.002831, 0.313215, -0.283168, -0.906447, -0.089074, 0.0, 0.0, 0.0, 1.0],
                [0.939903, -0.044194, 0.338555, 0.086814, -0.135933, -0.958051, 0.252305, -0.002831, 0.313215, -0.283168, -0.906447, -0.089074, 0.0, 0.0, 0.0, 1.0],
                [0.939903, -0.044194, 0.338555, 0.086814, -0.135933, -0.958051, 0.252305, -0.002831, 0.313215, -0.283168, -0.906447, -0.089074, 0.0, 0.0, 0.0, 1.0],
                [0.939903, -0.044194, 0.338555, 0.086814, -0.135933, -0.958051, 0.252305, -0.002831, 0.313215, -0.283168, -0.906447, -0.089074, 0.0, 0.0, 0.0, 1.0],
                [0.939903, -0.044194, 0.338555, 0.086814, -0.135933, -0.958051, 0.252305, -0.002831, 0.313215, -0.283168, -0.906447, -0.089074, 0.0, 0.0, 0.0, 1.0],
                [0.939903, -0.044194, 0.338555, 0.086814, -0.135933, -0.958051, 0.252305, -0.002831, 0.313215, -0.283168, -0.906447, -0.089074, 0.0, 0.0, 0.0, 1.0],
                [0.939903, -0.044194, 0.338555, 0.086814, -0.135933, -0.958051, 0.252305, -0.002831, 0.313215, -0.283168, -0.906447, -0.089074, 0.0, 0.0, 0.0, 1.0],
                [0.939903, -0.044194, 0.338555, 0.086814, -0.135933, -0.958051, 0.252305, -0.002831, 0.313215, -0.283168, -0.906447, -0.089074, 0.0, 0.0, 0.0, 1.0],
                [0.939903, -0.044194, 0.338555, 0.086814, -0.135933, -0.958051, 0.252305, -0.002831, 0.313215, -0.283168, -0.906447, -0.089074, 0.0, 0.0, 0.0, 1.0],
                [0.939903, -0.044194, 0.338555, 0.086814, -0.135933, -0.958051, 0.252305, -0.002831, 0.313215, -0.283168, -0.906447, -0.089074, 0.0, 0.0, 0.0, 1.0],
                [0.939903, -0.044194, 0.338555, 0.086814, -0.135933, -0.958051, 0.252305, -0.002831, 0.313215, -0.283168, -0.906447, -0.089074, 0.0, 0.0, 0.0, 1.0],
                [0.939903, -0.044194, 0.338555, 0.086814, -0.135933, -0.958051, 0.252305, -0.002831, 0.313215, -0.283168, -0.906447, -0.089074, 0.0, 0.0, 0.0, 1.0],
                [0.939903, -0.044194, 0.338555, 0.086814, -0.135933, -0.958051, 0.252305, -0.002831, 0.313215, -0.283168, -0.906447, -0.089074, 0.0, 0.0, 0.0, 1.0],
                [0.939903, -0.044194, 0.338555, 0.086814, -0.135933, -0.958051, 0.252305, -0.002831, 0.313215, -0.283168, -0.906447, -0.089074, 0.0, 0.0, 0.0, 1.0],
                [0.939903, -0.044194, 0.338555, 0.086814, -0.135933, -0.958051, 0.252305, -0.002831, 0.313215, -0.283168, -0.906447, -0.089074, 0.0, 0.0, 0.0, 1.0],
                [0.939903, -0.044194, 0.338555, 0.086814, -0.135933, -0.958051, 0.252305, -0.002831, 0.313215, -0.283168, -0.906447, -0.089074, 0.0, 0.0, 0.0, 1.0],
                [0.939903, -0.044194, 0.338555, 0.086814, -0.135933, -0.958051, 0.252305, -0.002831, 0.313215, -0.283168, -0.906447, -0.089074, 0.0, 0.0, 0.0, 1.0],
                [0.939903, -0.044194, 0.338555, 0.086814, -0.135933, -0.958051, 0.252305, -0.002831, 0.313215, -0.283168, -0.906447, -0.089074, 0.0, 0.0, 0.0, 1.0],
                [0.939903, -0.044194, 0.338555, 0.086814, -0.135933, -0.958051, 0.252305, -0.002831, 0.313215, -0.283168, -0.906447, -0.089074, 0.0, 0.0, 0.0, 1.0],
                [0.939903, -0.044194, 0.338555, 0.086814, -0.135933, -0.958051, 0.252305, -0.002831, 0.313215, -0.283168, -0.906447, -0.089074, 0.0, 0.0, 0.0, 1.0],
                [0.939903, -0.044194, 0.338555, 0.086814, -0.135933, -0.958051, 0.252305, -0.002831, 0.313215, -0.283168, -0.906447, -0.089074, 0.0, 0.0, 0.0, 1.0],
                [0.939903, -0.044194, 0.338555, 0.086814, -0.135933, -0.958051, 0.252305, -0.002831, 0.313215, -0.283168, -0.906447, -0.089074, 0.0, 0.0, 0.0, 1.0],
                [0.939903, -0.044194, 0.338555, 0.086814, -0.135933, -0.958051, 0.252305, -0.002831, 0.313215, -0.283168, -0.906447, -0.089074, 0.0, 0.0, 0.0, 1.0],
                [0.939903, -0.044194, 0.338555, 0.086814, -0.135933, -0.958051, 0.252305, -0.002831, 0.313215, -0.283168, -0.906447, -0.089074, 0.0, 0.0, 0.0, 1.0],
                [0.939903, -0.044194, 0.338555, 0.086814, -0.135933, -0.958051, 0.252305, -0.002831, 0.313215, -0.283168, -0.906447, -0.089074, 0.0, 0.0, 0.0, 1.0],
                [0.939903, -0.044194, 0.338555, 0.086814, -0.135933, -0.958051, 0.252305, -0.002831, 0.313215, -0.283168, -0.906447, -0.089074, 0.0, 0.0, 0.0, 1.0],
                [0.939903, -0.044194, 0.338555, 0.086814, -0.135933, -0.958051, 0.252305, -0.002831, 0.313215, -0.283168, -0.906447, -0.089074, 0.0, 0.0, 0.0, 1.0],
                [0.939903, -0.044194, 0.338555, 0.086814, -0.135933, -0.958051, 0.252305, -0.002831, 0.313215, -0.283168, -0.906447, -0.089074, 0.0, 0.0, 0.0, 1.0],
                [0.939903, -0.044194, 0.338555, 0.086814, -0.135933, -0.958051, 0.252305, -0.002831, 0.313215, -0.283168, -0.906447, -0.089074, 0.0, 0.0, 0.0, 1.0],
                [0.939903, -0.044194, 0.338555, 0.086814, -0.135933, -0.958051, 0.252305, -0.002831, 0.313215, -0.283168, -0.906447, -0.089074, 0.0, 0.0, 0.0, 1.0],
                [0.939903, -0.044194, 0.338555, 0.086814, -0.135933, -0.958051, 0.252305, -0.002831, 0.313215, -0.283168, -0.906447, -0.089074, 0.0, 0.0, 0.0, 1.0],
                [0.939903, -0.044194, 0.338555, 0.086814, -0.135933, -0.958051, 0.252305, -0.002831, 0.313215, -0.283168, -0.906447, -0.089074, 0.0, 0.0, 0.0, 1.0],
                [0.939903, -0.044194, 0.338555, 0.086814, -0.135933, -0.958051, 0.252305, -0.002831, 0.313215, -0.283168, -0.906447, -0.089074, 0.0, 0.0, 0.0, 1.0],
                [0.939903, -0.044194, 0.338555, 0.086814, -0.135933, -0.958051, 0.252305, -0.002831, 0.313215, -0.283168, -0.906447, -0.089074, 0.0, 0.0, 0.0, 1.0],
                [0.939903, -0.044194, 0.338555, 0.086814, -0.135933, -0.958051, 0.252305, -0.002831, 0.313215, -0.283168, -0.906447, -0.089074, 0.0, 0.0, 0.0, 1.0],
                [0.939903, -0.044194, 0.338555, 0.086814, -0.135933, -0.958051, 0.252305, -0.002831, 0.313215, -0.283168, -0.906447, -0.089074, 0.0, 0.0, 0.0, 1.0],
