{
    "animation": [
        {
            "name": "Root",
            "time": [0.0, 0.0167, 0.0333, 0.05, 0.0667, 0.0833, 0.1, 0.1167, 0.1333, 0.15, 0.1667, 0.1833, 0.2, 0.2167, 0.2333, 0.25, 0.2667, 0.2833, 0.3, 0.3167, 0.3333, 0.35, 0.3667, 0.3833, 0.4, 0.4167, 0.4333, 0.45, 0.4667, 0.4833, 0.5, 0.5167, 0.5333, 0.55, 0.5667, 0.5833, 0.6, 0.6167, 0.6333, 0.65, 0.6667, 0.6833, 0.7, 0.7167, 0.7333, 0.75, 0.7667, 0.7833, 0.8, 0.8167, 0.8333, 0.85, 0.8667, 0.8833, 0.9, 0.9167, 0.9333, 0.95, 0.9667, 0.9833, 1.0, 1.0167, 1.0333, 1.05, 1.0667, 1.0833, 1.1, 1.1167, 1.1333, 1.15, 1.1667, 1.1833, 1.2, 2.0],
            "transform": [
                [0.826827, 0.0, -0.562456, -0.025015, -0.562456, 0.0, -0.826827, -0.158006, 0.0, 1.0, 0.0, 0.724815, 0.0, 0.0, 0.0, 1.0],
                [0.839443, 0.0, -0.543448, -0.024928, -0.543448, 0.0, -0.839443, -0.158839, 0.0, 1.0, 0.0, 0.724815, 0.0, 0.0, 0.0, 1.0],
                [0.875686, 0.0, -0.482881, -0.024632, -0.482881, 0.0, -0.875686, -0.161307, 0.0, 1.0, 0.0, 0.724815, 0.0, 0.0, 0.0, 1.0],
                [0.927758, 0.0, -0.373183, -0.024054, -0.373183, 0.0, -0.927758, -0.165194, 0.0, 1.0, 0.0, 0.724815, 0.0, 0.0, 0.0, 1.0],
                [0.978274, 0.0, -0.207317, -0.023154, -0.207317, 0.0, -0.978274, -0.170028, 0.0, 1.0, 0.0, 0.724815, 0.0, 0.0, 0.0, 1.0],
                [0.999917, 0.0, 0.012905, -0.022034, 0.012905, 0.0, -0.999917, -0.175098, 0.0, 1.0, 0.0, 0.724815, 0.0, 0.0, 0.0, 1.0],
                [0.963592, 0.0, 0.267375, -0.021023, 0.267375, 0.0, -0.963592, -0.179651, 0.0, 1.0, 0.0, 0.724815, 0.0, 0.0, 0.0, 1.0],
                [0.855289, 0.0, 0.518151, -0.020571, 0.518151, 0.0, -0.855289, -0.183182, 0.0, 1.0, 0.0, 0.724815, 0.0, 0.0, 0.0, 1.0],
                [0.687247, 0.0, 0.726424, -0.020957, 0.726424, 0.0, -0.687247, -0.185574, 0.0, 1.0, 0.0, 0.724815, 0.0, 0.0, 0.0, 1.0],
                [0.489569, 0.0, 0.871965, -0.022094, 0.871965, 0.0, -0.489569, -0.186935, 0.0, 1.0, 0.0, 0.724815, 0.0, 0.0, 0.0, 1.0],
                [0.291612, 0.0, 0.956537, -0.023638, 0.956537, 0.0, -0.291612, -0.187357, 0.0, 1.0, 0.0, 0.724815, 0.0, 0.0, 0.0, 1.0],
                [0.111139, 0.0, 0.993805, -0.025202, 0.993805, 0.0, -0.111139, -0.186831, 0.0, 1.0, 0.0, 0.724815, 0.0, 0.0, 0.0, 1.0],
                [-0.045457, 0.0, 0.998966, -0.026504, 0.998966, 0.0, 0.045457, -0.185298, 0.0, 1.0, 0.0, 0.724815, 0.0, 0.0, 0.0, 1.0],
                [-0.191806, 0.0, 0.981433, -0.027787, 0.981433, 0.0, 0.191806, -0.183289, 0.0, 1.0, 0.0, 0.724815, 0.0, 0.0, 0.0, 1.0],
                [-0.340669, 0.0, 0.940183, -0.029433, 0.940183, 0.0, 0.340669, -0.181411, 0.0, 1.0, 0.0, 0.724815, 0.0, 0.0, 0.0, 1.0],
                [-0.489115, 0.0, 0.872219, -0.031464, 0.872219, 0.0, 0.489115, -0.179726, 0.0, 1.0, 0.0, 0.724815, 0.0, 0.0, 0.0, 1.0],
                [-0.632248, 0.0, 0.774767, -0.033888, 0.774767, 0.0, 0.632248, -0.178325, 0.0, 1.0, 0.0, 0.724815, 0.0, 0.0, 0.0, 1.0],
                [-0.762825, 0.0, 0.646605, -0.036672, 0.646605, 0.0, 0.762825, -0.177323, 0.0, 1.0, 0.0, 0.724815, 0.0, 0.0, 0.0, 1.0],
                [-0.871811, 0.0, 0.489842, -0.03972, 0.489842, 0.0, 0.871811, -0.176836, 0.0, 1.0, 0.0, 0.724815, 0.0, 0.0, 0.0, 1.0],
                [-0.950329, 0.0, 0.311248, -0.042872, 0.311248, 0.0, 0.950329, -0.176946, 0.0, 1.0, 0.0, 0.724815, 0.0, 0.0, 0.0, 1.0],
                [-0.99254, 0.0, 0.121922, -0.045926, 0.121922, 0.0, 0.99254, -0.17766, 0.0, 1.0, 0.0, 0.724815, 0.0, 0.0, 0.0, 1.0],
                [-0.997876, 0.0, -0.06515, -0.048688, -0.06515, 0.0, 0.997876, -0.178895, 0.0, 1.0, 0.0, 0.724815, 0.0, 0.0, 0.0, 1.0],
                [-0.971149, 0.0, -0.238474, -0.051025, -0.238474, 0.0, 0.971149, -0.180501, 0.0, 1.0, 0.0, 0.724815, 0.0, 0.0, 0.0, 1.0],
                [-0.920615, 0.0, -0.390472, -0.052884, -0.390472, 0.0, 0.920615, -0.182304, 0.0, 1.0, 0.0, 0.724815, 0.0, 0.0, 0.0, 1.0],
                [-0.855365, 0.0, -0.518026, -0.054284, -0.518026, 0.0, 0.855365, -0.18415, 0.0, 1.0, 0.0, 0.724815, 0.0, 0.0, 0.0, 1.0],
                [-0.770069, 0.0, -0.63796, -0.055432, -0.63796, 0.0, 0.770069, -0.186234, 0.0, 1.0, 0.0, 0.724815, 0.0, 0.0, 0.0, 1.0],
                [-0.644675, 0.0, -0.764457, -0.056394, -0.764457, 0.0, 0.644675, -0.188948, 0.0, 1.0, 0.0, 0.724815, 0.0, 0.0, 0.0, 1.0],
                [-0.463546, 0.0, -0.886073, -0.056894, -0.886073, 0.0, 0.463546, -0.19244, 0.0, 1.0, 0.0, 0.724815, 0.0, 0.0, 0.0, 1.0],
                [-0.213937, 0.0, -0.976848, -0.056464, -0.976848, 0.0, 0.213937, -0.196713, 0.0, 1.0, 0.0, 0.724815, 0.0, 0.0, 0.0, 1.0],
                [0.099069, 0.0, -0.995081, -0.054533, -0.995081, 0.0, -0.099069, -0.201399, 0.0, 1.0, 0.0, 0.724815, 0.0, 0.0, 0.0, 1.0],
                [0.434476, 0.0, -0.900683, -0.050803, -0.900683, 0.0, -0.434476, -0.205622, 0.0, 1.0, 0.0, 0.724815, 0.0, 0.0, 0.0, 1.0],
                [0.72184, 0.0, -0.69206, -0.045748, -0.69206, 0.0, -0.72184, -0.208343, 0.0, 1.0, 0.0, 0.724815, 0.0, 0.0, 0.0, 1.0],
                [0.90691, 0.0, -0.421324, -0.040505, -0.421324, 0.0, -0.90691, -0.209138, 0.0, 1.0, 0.0, 0.724815, 0.0, 0.0, 0.0, 1.0],
                [0.987535, 0.0, -0.157397, -0.036095, -0.157397, 0.0, -0.987535, -0.20846, 0.0, 1.0, 0.0, 0.724815, 0.0, 0.0, 0.0, 1.0],
                [0.998386, 0.0, 0.056793, -0.0329, 0.056793, 0.0, -0.998386, -0.207114, 0.0, 1.0, 0.0, 0.724815, 0.0, 0.0, 0.0, 1.0],
                [0.977684, 0.0, 0.210082, -0.030812, 0.210082, 0.0, -0.977684, -0.205737, 0.0, 1.0, 0.0, 0.724815, 0.0, 0.0, 0.0, 1.0],
                [0.951484, 0.0, 0.307698, -0.029575, 0.307698, 0.0, -0.951484, -0.20467, 0.0, 1.0, 0.0, 0.724815, 0.0, 0.0, 0.0, 1.0],
                [0.926256, 0.0, 0.376895, -0.028744, 0.376895, 0.0, -0.926256, -0.203817, 0.0, 1.0, 0.0, 0.724815, 0.0, 0.0, 0.0, 1.0],
                [0.898574, 0.0, 0.438821, -0.028036, 0.438821, 0.0, -0.898574, -0.202979, 0.0, 1.0, 0.0, 0.724815, 0.0, 0.0, 0.0, 1.0],
                [0.869838, 0.0, 0.493337, -0.027444, 0.493337, 0.0, -0.869838, -0.202178, 0.0, 1.0, 0.0, 0.724815, 0.0, 0.0, 0.0, 1.0],
                [0.84136, 0.0, 0.540475, -0.026957, 0.540475, 0.0, -0.84136, -0.201432, 0.0, 1.0, 0.0, 0.724815, 0.0, 0.0, 0.0, 1.0],
                [0.814315, 0.0, 0.580424, -0.026565, 0.580424, 0.0, -0.814315, -0.200758, 0.0, 1.0, 0.0, 0.724815, 0.0, 0.0, 0.0, 1.0],
                [0.78968, 0.0, 0.613519, -0.026256, 0.613519, 0.0, -0.78968, -0.200167, 0.0, 1.0, 0.0, 0.724815, 0.0, 0.0, 0.0, 1.0],
                [0.76818, 0.0, 0.640233, -0.026018, 0.640233, 0.0, -0.76818, -0.199666, 0.0, 1.0, 0.0, 0.724815, 0.0, 0.0, 0.0, 1.0],
                [0.750238, 0.0, 0.661168, -0.025839, 0.661168, 0.0, -0.750238, -0.199258, 0.0, 1.0, 0.0, 0.724815, 0.0, 0.0, 0.0, 1.0],
                [0.735963, 0.0, 0.677022, -0.025708, 0.677022, 0.0, -0.735963, -0.198939, 0.0, 1.0, 0.0, 0.724815, 0.0, 0.0, 0.0, 1.0],
                [0.725184, 0.0, 0.688555, -0.025616, 0.688555, 0.0, -0.725184, -0.198701, 0.0, 1.0, 0.0, 0.724815, 0.0, 0.0, 0.0, 1.0],
                [0.717518, 0.0, 0.69654, -0.025553, 0.69654, 0.0, -0.717518, -0.198533, 0.0, 1.0, 0.0, 0.724815, 0.0, 0.0, 0.0, 1.0],
                [0.71246, 0.0, 0.701713, -0.025514, 0.701713, 0.0, -0.71246, -0.198423, 0.0, 1.0, 0.0, 0.724815, 0.0, 0.0, 0.0, 1.0],
                [0.709461, 0.0, 0.704744, -0.02549, 0.704744, 0.0, -0.709461, -0.198358, 0.0, 1.0, 0.0, 0.724815, 0.0, 0.0, 0.0, 1.0],
                [0.707997, 0.0, 0.706216, -0.025479, 0.706216, 0.0, -0.707997, -0.198326, 0.0, 1.0, 0.0, 0.724815, 0.0, 0.0, 0.0, 1.0],
                [0.7076, 0.0, 0.706613, -0.025476, 0.706613, 0.0, -0.7076, -0.198318, 0.0, 1.0, 0.0, 0.724815, 0.0, 0.0, 0.0, 1.0],
                [0.711677, 0.0, 0.702507, -0.025304, 0.702507, 0.0, -0.711677, -0.197437, 0.0, 1.0, 0.0, 0.724815, 0.0, 0.0, 0.0, 1.0],
                [0.723899, 0.0, 0.689906, -0.024787, 0.689906, 0.0, -0.723899, -0.194775, 0.0, 1.0, 0.0, 0.724815, 0.0, 0.0, 0.0, 1.0],
                [0.743983, 0.0, 0.668199, -0.023933, 0.668199, 0.0, -0.743983, -0.190321, 0.0, 1.0, 0.0, 0.724815, 0.0, 0.0, 0.0, 1.0],
                [0.771218, 0.0, 0.636571, -0.022765, 0.636571, 0.0, -0.771218, -0.184096, 0.0, 1.0, 0.0, 0.724815, 0.0, 0.0, 0.0, 1.0],
                [0.804359, 0.0, 0.594144, -0.021319, 0.594144, 0.0, -0.804359, -0.176159, 0.0, 1.0, 0.0, 0.724815, 0.0, 0.0, 0.0, 1.0],
                [0.84155, 0.0, 0.54018, -0.019646, 0.54018, 0.0, -0.84155, -0.166616, 0.0, 1.0, 0.0, 0.724815, 0.0, 0.0, 0.0, 1.0],
                [0.880322, 0.0, 0.474377, -0.017808, 0.474377, 0.0, -0.880322, -0.155622, 0.0, 1.0, 0.0, 0.724815, 0.0, 0.0, 0.0, 1.0],
                [0.917735, 0.0, 0.397195, -0.015871, 0.397195, 0.0, -0.917735, -0.143386, 0.0, 1.0, 0.0, 0.724815, 0.0, 0.0, 0.0, 1.0],
                [0.950695, 0.0, 0.310127, -0.013903, 0.310127, 0.0, -0.950695, -0.13017, 0.0, 1.0, 0.0, 0.724815, 0.0, 0.0, 0.0, 1.0],
                [0.976437, 0.0, 0.215804, -0.011962, 0.215804, 0.0, -0.976437, -0.116285, 0.0, 1.0, 0.0, 0.724815, 0.0, 0.0, 0.0, 1.0],
                [0.993035, 0.0, 0.117819, -0.010094, 0.117819, 0.0, -0.993035, -0.102084, 0.0, 1.0, 0.0, 0.724815, 0.0, 0.0, 0.0, 1.0],
                [0.999794, 0.0, 0.020281, -0.008333, 0.020281, 0.0, -0.999794, -0.087945, 0.0, 1.0, 0.0, 0.724815, 0.0, 0.0, 0.0, 1.0],
                [0.997348, 0.0, -0.072785, -0.006701, -0.072785, 0.0, -0.997348, -0.074255, 0.0, 1.0, 0.0, 0.724815, 0.0, 0.0, 0.0, 1.0],
                [0.987442, 0.0, -0.157983, -0.005213, -0.157983, 0.0, -0.987442, -0.061386, 0.0, 1.0, 0.0, 0.724815, 0.0, 0.0, 0.0, 1.0],
                [0.972504, 0.0, -0.232884, -0.003884, -0.232884, 0.0, -0.972504, -0.049673, 0.0, 1.0, 0.0, 0.724815, 0.0, 0.0, 0.0, 1.0],
                [0.955161, 0.0, -0.296086, -0.002728, -0.296086, 0.0, -0.955161, -0.039401, 0.0, 1.0, 0.0, 0.724815, 0.0, 0.0, 0.0, 1.0],
                [0.937842, 0.0, -0.347062, -0.001762, -0.347062, 0.0, -0.937842, -0.03079, 0.0, 1.0, 0.0, 0.724815, 0.0, 0.0, 0.0, 1.0],
                [0.922543, 0.0, -0.385894, -0.000997, -0.385894, 0.0, -0.922543, -0.023996, 0.0, 1.0, 0.0, 0.724815, 0.0, 0.0, 0.0, 1.0],
                [0.910729, 0.0, -0.413005, -0.000446, -0.413005, 0.0, -0.910729, -0.019115, 0.0, 1.0, 0.0, 0.724815, 0.0, 0.0, 0.0, 1.0],
                [0.903339, 0.0, -0.428928, -0.000115, -0.428928, 0.0, -0.903339, -0.01619, 0.0, 1.0, 0.0, 0.724815, 0.0, 0.0, 0.0, 1.0],
                [0.900842, 0.0, -0.434148, -5e-06, -0.434148, 0.0, -0.900842, -0.015222, 0.0, 1.0, 0.0, 0.724815, 0.0, 0.0, 0.0, 1.0],
                [0.900842, 0.0, -0.434148, -5e-06, -0.434148, 0.0, -0.900842, -0.015222, 0.0, 1.0, 0.0, 0.724815, 0.0, 0.0, 0.0, 1.0]
            ]
        },
        {
            "name": "Thigh_R",
            "time": [0.0, 0.0167, 0.0333, 0.05, 0.0667, 0.0833, 0.1, 0.1167, 0.1333, 0.15, 0.1667, 0.1833, 0.2, 0.2167, 0.2333, 0.25, 0.2667, 0.2833, 0.3, 0.3167, 0.3333, 0.35, 0.3667, 0.3833, 0.4, 0.4167, 0.4333, 0.45, 0.4667, 0.4833, 0.5, 0.5167, 0.5333, 0.55, 0.5667, 0.5833, 0.6, 0.6167, 0.6333, 0.65, 0.6667, 0.6833, 0.7, 0.7167, 0.7333, 0.75, 0.7667, 0.7833, 0.8, 0.8167, 0.8333, 0.85, 0.8667, 0.8833, 0.9, 0.9167, 0.9333, 0.95, 0.9667, 0.9833, 1.0, 1.0167, 1.0333, 1.05, 1.0667, 1.0833, 1.1, 1.1167, 1.1333, 1.15, 1.1667, 1.1833, 1.2, 2.0],
            "transform": [
                [0.939903, -0.044193, 0.338555, 0.086814, -0.135933, -0.958051, 0.252306, -0.002831, 0.313215, -0.28317, -0.906446, -0.089074, 0.0, 0.0, 0.0, 1.0],
                [0.939868, -0.043391, 0.338758, 0.086814, -0.136031, -0.957385, 0.254767, -0.002831, 0.313279, -0.285534, -0.905682, -0.089074, 0.0, 0.0, 0.0, 1.0],
                [0.939761, -0.041093, 0.339342, 0.086814, -0.136327, -0.955437, 0.261826, -0.002831, 0.313472, -0.292321, -0.903448, -0.089074, 0.0, 0.0, 0.0, 1.0],
                [0.93958, -0.03757, 0.340248, 0.086814, -0.136825, -0.952329, 0.272665, -0.002831, 0.313796, -0.30275, -0.899894, -0.089074, 0.0, 0.0, 0.0, 1.0],
                [0.939326, -0.033144, 0.341409, 0.086814, -0.137527, -0.948213, 0.286312, -0.002831, 0.314251, -0.315898, -0.895204, -0.089074, 0.0, 0.0, 0.0, 1.0],
                [0.938995, -0.028093, 0.342769, 0.086814, -0.138438, -0.943226, 0.301919, -0.002831, 0.314839, -0.330958, -0.889539, -0.089074, 0.0, 0.0, 0.0, 1.0],
                [0.938586, -0.02263, 0.344289, 0.086814, -0.13956, -0.93748, 0.318826, -0.002831, 0.315561, -0.347299, -0.883029, -0.089074, 0.0, 0.0, 0.0, 1.0],
                [0.938098, -0.016926, 0.345944, 0.086814, -0.140897, -0.931081, 0.336499, -0.002831, 0.316419, -0.364416, -0.875795, -0.089074, 0.0, 0.0, 0.0, 1.0],
                [0.937527, -0.011012, 0.347726, 0.086814, -0.142452, -0.924026, 0.354795, -0.002831, 0.317413, -0.382168, -0.867833, -0.089074, 0.0, 0.0, 0.0, 1.0],
                [0.936872, -0.004999, 0.349624, 0.086814, -0.144226, -0.916406, 0.373356, -0.002831, 0.318544, -0.400215, -0.85924, -0.089074, 0.0, 0.0, 0.0, 1.0],
                [0.93613, 0.001042, 0.351641, 0.086814, -0.146223, -0.908292, 0.391944, -0.002831, 0.319813, -0.418332, -0.850091, -0.089074, 0.0, 0.0, 0.0, 1.0],
                [0.935298, 0.007081, 0.353777, 0.086814, -0.148442, -0.899724, 0.410434, -0.002831, 0.32122, -0.436396, -0.840424, -0.089074, 0.0, 0.0, 0.0, 1.0],
                [0.934374, 0.013115, 0.356038, 0.086814, -0.150886, -0.89072, 0.428772, -0.002831, 0.322766, -0.454357, -0.830253, -0.089074, 0.0, 0.0, 0.0, 1.0],
                [0.933356, 0.019099, 0.35843, 0.086814, -0.153554, -0.881353, 0.446802, -0.002831, 0.324449, -0.472066, -0.819649, -0.089074, 0.0, 0.0, 0.0, 1.0],
                [0.932241, 0.025045, 0.360957, 0.086814, -0.156446, -0.871634, 0.464512, -0.002831, 0.326269, -0.489509, -0.808621, -0.089074, 0.0, 0.0, 0.0, 1.0],
                [0.931026, 0.030915, 0.363627, 0.086814, -0.159561, -0.861643, 0.481772, -0.002831, 0.328223, -0.506565, -0.797246, -0.089074, 0.0, 0.0, 0.0, 1.0],
                [0.92971, 0.036727, 0.366443, 0.086814, -0.162895, -0.851389, 0.498593, -0.002831, 0.33031, -0.52324, -0.785529, -0.089074, 0.0, 0.0, 0.0, 1.0],
                [0.92829, 0.04244, 0.369412, 0.086814, -0.166444, -0.840964, 0.514848, -0.002831, 0.332525, -0.539416, -0.773561, -0.089074, 0.0, 0.0, 0.0, 1.0],
                [0.926766, 0.048068, 0.372536, 0.086814, -0.170202, -0.830391, 0.530541, -0.002831, 0.334866, -0.555095, -0.761364, -0.089074, 0.0, 0.0, 0.0, 1.0],
                [0.925137, 0.053618, 0.375814, 0.086814, -0.174164, -0.8197, 0.545665, -0.002831, 0.337325, -0.570269, -0.748964, -0.089074, 0.0, 0.0, 0.0, 1.0],
                [0.923403, 0.059045, 0.37925, 0.086814, -0.17832, -0.808996, 0.560106, -0.002831, 0.339897, -0.584831, -0.736468, -0.089074, 0.0, 0.0, 0.0, 1.0],
                [0.921563, 0.064366, 0.382842, 0.086814, -0.182659, -0.7983, 0.573884, -0.002831, 0.342574, -0.5988, -0.723895, -0.089074, 0.0, 0.0, 0.0, 1.0],
                [0.91962, 0.069595, 0.386579, 0.086814, -0.187169, -0.78763, 0.587024, -0.002831, 0.345349, -0.612194, -0.711263, -0.089074, 0.0, 0.0, 0.0, 1.0],
                [0.917578, 0.074673, 0.390466, 0.086814, -0.191835, -0.777117, 0.599399, -0.002831, 0.34821, -0.624899, -0.698709, -0.089074, 0.0, 0.0, 0.0, 1.0],
                [0.915438, 0.079622, 0.39449, 0.086814, -0.196642, -0.766766, 0.611058, -0.002831, 0.351149, -0.636957, -0.686239, -0.089074, 0.0, 0.0, 0.0, 1.0],
                [0.913207, 0.084433, 0.398639, 0.086814, -0.20157, -0.756626, 0.621994, -0.002831, 0.354151, -0.648361, -0.673906, -0.089074, 0.0, 0.0, 0.0, 1.0],
                [0.91089, 0.089132, 0.402893, 0.086814, -0.2066, -0.74669, 0.632266, -0.002831, 0.357205, -0.65916, -0.661708, -0.089074, 0.0, 0.0, 0.0, 1.0],
                [0.908496, 0.093639, 0.407252, 0.086814, -0.211709, -0.737114, 0.641741, -0.002831, 0.360297, -0.669236, -0.649811, -0.089074, 0.0, 0.0, 0.0, 1.0],
                [0.906034, 0.097983, 0.411691, 0.086814, -0.216875, -0.727874, 0.650502, -0.002831, 0.363412, -0.67866, -0.638199, -0.089074, 0.0, 0.0, 0.0, 1.0],
                [0.903514, 0.102158, 0.41619, 0.086814, -0.222071, -0.719005, 0.658562, -0.002831, 0.366535, -0.687441, -0.626916, -0.089074, 0.0, 0.0, 0.0, 1.0],
                [0.900948, 0.106155, 0.420727, 0.086814, -0.227272, -0.710537, 0.665938, -0.002831, 0.369649, -0.695592, -0.616002, -0.089074, 0.0, 0.0, 0.0, 1.0],
                [0.898349, 0.109967, 0.42528, 0.086814, -0.232452, -0.702492, 0.672651, -0.002831, 0.37274, -0.703129, -0.605493, -0.089074, 0.0, 0.0, 0.0, 1.0],
                [0.895733, 0.113635, 0.429811, 0.086814, -0.237582, -0.694818, 0.678801, -0.002831, 0.37579, -0.710136, -0.595346, -0.089074, 0.0, 0.0, 0.0, 1.0],
                [0.893113, 0.117056, 0.434319, 0.086814, -0.242634, -0.687681, 0.68426, -0.002831, 0.378784, -0.716499, -0.585748, -0.089074, 0.0, 0.0, 0.0, 1.0],
                [0.890508, 0.120275, 0.438767, 0.086814, -0.247582, -0.681009, 0.689143, -0.002831, 0.381706, -0.722314, -0.576639, -0.089074, 0.0, 0.0, 0.0, 1.0],
                [0.887933, 0.123291, 0.443125, 0.086814, -0.252396, -0.674807, 0.693483, -0.002831, 0.38454, -0.727605, -0.568039, -0.089074, 0.0, 0.0, 0.0, 1.0],
                [0.885407, 0.126101, 0.447369, 0.086814, -0.257052, -0.669076, 0.697316, -0.002831, 0.387271, -0.732401, -0.559963, -0.089074, 0.0, 0.0, 0.0, 1.0],
                [0.882947, 0.128703, 0.45147, 0.086814, -0.261523, -0.663808, 0.700679, -0.002831, 0.389885, -0.736728, -0.552423, -0.089074, 0.0, 0.0, 0.0, 1.0],
                [0.880571, 0.1311, 0.455404, 0.086814, -0.265784, -0.658998, 0.70361, -0.002831, 0.392369, -0.740613, -0.545425, -0.089074, 0.0, 0.0, 0.0, 1.0],
                [0.878296, 0.133291, 0.459146, 0.086814, -0.269813, -0.654634, 0.706146, -0.002831, 0.394711, -0.744084, -0.538974, -0.089074, 0.0, 0.0, 0.0, 1.0],
                [0.876139, 0.135281, 0.462671, 0.086814, -0.273589, -0.650704, 0.708323, -0.002831, 0.396899, -0.747166, -0.53307, -0.089074, 0.0, 0.0, 0.0, 1.0],
                [0.874116, 0.137071, 0.465958, 0.086814, -0.277092, -0.647191, 0.710176, -0.002831, 0.398925, -0.749885, -0.527714, -0.089074, 0.0, 0.0, 0.0, 1.0],
                [0.872242, 0.138733, 0.468968, 0.086814, -0.280305, -0.643982, 0.711831, -0.002831, 0.400778, -0.752338, -0.522796, -0.089074, 0.0, 0.0, 0.0, 1.0],
                [0.870531, 0.140144, 0.47172, 0.086814, -0.283212, -0.641253, 0.713142, -0.002831, 0.402451, -0.754405, -0.518515, -0.089074, 0.0, 0.0, 0.0, 1.0],
                [0.868994, 0.141371, 0.47418, 0.086814, -0.285802, -0.638894, 0.714226, -0.002831, 0.403938, -0.756175, -0.514766, -0.089074, 0.0, 0.0, 0.0, 1.0],
                [0.867644, 0.142418, 0.476335, 0.086814, -0.288062, -0.636891, 0.715106, -0.002831, 0.405233, -0.757666, -0.511545, -0.089074, 0.0, 0.0, 0.0, 1.0],
                [0.866489, 0.14329, 0.478173, 0.086814, -0.289984, -0.635229, 0.715807, -0.002831, 0.406333, -0.758896, -0.508842, -0.089074, 0.0, 0.0, 0.0, 1.0],
                [0.865535, 0.143995, 0.479686, 0.086814, -0.291562, -0.633891, 0.716352, -0.002831, 0.407235, -0.759881, -0.506648, -0.089074, 0.0, 0.0, 0.0, 1.0],
                [0.864789, 0.144536, 0.480866, 0.086814, -0.29279, -0.632865, 0.716758, -0.002831, 0.407937, -0.760632, -0.504953, -0.089074, 0.0, 0.0, 0.0, 1.0],
                [0.864256, 0.144919, 0.48171, 0.086814, -0.293668, -0.632142, 0.717037, -0.002831, 0.408438, -0.761161, -0.50375, -0.089074, 0.0, 0.0, 0.0, 1.0],
                [0.863935, 0.145147, 0.482216, 0.086814, -0.294193, -0.631712, 0.717201, -0.002831, 0.408737, -0.761474, -0.503033, -0.089074, 0.0, 0.0, 0.0, 1.0],
                [0.863829, 0.145223, 0.482384, 0.086814, -0.294368, -0.63157, 0.717254, -0.002831, 0.408837, -0.761578, -0.502796, -0.089074, 0.0, 0.0, 0.0, 1.0],
                [0.864458, 0.144774, 0.48139, 0.086814, -0.293335, -0.632416, 0.716932, -0.002831, 0.408248, -0.760961, -0.504206, -0.089074, 0.0, 0.0, 0.0, 1.0],
                [0.86634, 0.143401, 0.47841, 0.086814, -0.29023, -0.635018, 0.715895, -0.002831, 0.406475, -0.759052, -0.508498, -0.089074, 0.0, 0.0, 0.0, 1.0],
                [0.869415, 0.141039, 0.473508, 0.086814, -0.285095, -0.639531, 0.713938, -0.002831, 0.403532, -0.755698, -0.515784, -0.089074, 0.0, 0.0, 0.0, 1.0],
                [0.873565, 0.13761, 0.466833, 0.086814, -0.27804, -0.646167, 0.710738, -0.002831, 0.399472, -0.750669, -0.526183, -0.089074, 0.0, 0.0, 0.0, 1.0],
                [0.878614, 0.132991, 0.458624, 0.086814, -0.269253, -0.655231, 0.705806, -0.002831, 0.394386, -0.743612, -0.539862, -0.089074, 0.0, 0.0, 0.0, 1.0],
                [0.884344, 0.127241, 0.449146, 0.086814, -0.258992, -0.666762, 0.698813, -0.002831, 0.388406, -0.734311, -0.556666, -0.089074, 0.0, 0.0, 0.0, 1.0],
                [0.890508, 0.120275, 0.438767, 0.086814, -0.247582, -0.681009, 0.689143, -0.002831, 0.381706, -0.722313, -0.576639, -0.089074, 0.0, 0.0, 0.0, 1.0],
                [0.896855, 0.11206, 0.427879, 0.086814, -0.235391, -0.698093, 0.676199, -0.002831, 0.374489, -0.707168, -0.599683, -0.089074, 0.0, 0.0, 0.0, 1.0],
                [0.903149, 0.10274, 0.416837, 0.086814, -0.222814, -0.71777, 0.659657, -0.002831, 0.36698, -0.688644, -0.625333, -0.089074, 0.0, 0.0, 0.0, 1.0],
                [0.909188, 0.092367, 0.405998, 0.086814, -0.210243, -0.739817, 0.639107, -0.002831, 0.359411, -0.666424, -0.653183, -0.089074, 0.0, 0.0, 0.0, 1.0],
                [0.91481, 0.081011, 0.395663, 0.086814, -0.198038, -0.763845, 0.614257, -0.002831, 0.352, -0.640283, -0.682699, -0.089074, 0.0, 0.0, 0.0, 1.0],
                [0.919904, 0.06886, 0.386036, 0.086814, -0.186515, -0.789142, 0.585199, -0.002831, 0.344947, -0.610327, -0.71306, -0.089074, 0.0, 0.0, 0.0, 1.0],
                [0.924407, 0.055956, 0.377267, 0.086814, -0.175922, -0.815115, 0.551934, -0.002831, 0.338414, -0.576581, -0.743621, -0.089074, 0.0, 0.0, 0.0, 1.0],
                [0.928291, 0.04244, 0.369412, 0.086814, -0.166444, -0.840964, 0.514848, -0.002831, 0.332526, -0.539416, -0.773562, -0.089074, 0.0, 0.0, 0.0, 1.0],
                [0.931559, 0.028407, 0.362465, 0.086814, -0.158199, -0.865958, 0.474429, -0.002831, 0.32737, -0.499302, -0.802163, -0.089074, 0.0, 0.0, 0.0, 1.0],
                [0.934235, 0.013972, 0.356372, 0.086814, -0.151253, -0.889404, 0.431366, -0.002831, 0.322998, -0.456902, -0.828765, -0.089074, 0.0, 0.0, 0.0, 1.0],
                [0.936351, -0.000715, 0.351052, 0.086814, -0.14563, -0.910691, 0.386561, -0.002831, 0.319436, -0.413083, -0.852795, -0.089074, 0.0, 0.0, 0.0, 1.0],
                [0.937943, -0.015221, 0.346442, 0.086814, -0.141319, -0.929097, 0.341765, -0.002831, 0.316689, -0.369519, -0.873556, -0.089074, 0.0, 0.0, 0.0, 1.0],
                [0.939047, -0.028844, 0.342564, 0.086814, -0.138295, -0.943987, 0.299599, -0.002831, 0.314747, -0.328717, -0.890401, -0.089074, 0.0, 0.0, 0.0, 1.0],
                [0.939692, -0.039714, 0.339695, 0.086814, -0.136516, -0.954238, 0.266066, -0.002831, 0.313595, -0.296398, -0.902076, -0.089074, 0.0, 0.0, 0.0, 1.0],
                [0.939903, -0.044193, 0.338555, 0.086814, -0.135933, -0.958051, 0.252306, -0.002831, 0.313215, -0.28317, -0.906446, -0.089074, 0.0, 0.0, 0.0, 1.0],
                [0.939903, -0.044193, 0.338555, 0.086814, -0.135933, -0.958051, 0.252306, -0.002831, 0.313215, -0.28317, -0.906446, -0.089074, 0.0, 0.0, 0.0, 1.0]
            ]
        },
        {
            "name": "Leg_R",
            "time": [0.0, 0.0167, 0.0333, 0.05, 0.0667, 0.0833, 0.1, 0.1167, 0.1333, 0.15, 0.1667, 0.1833, 0.2, 0.2167, 0.2333, 0.25, 0.2667, 0.2833, 0.3, 0.3167, 0.3333, 0.35, 0.3667, 0.3833, 0.4, 0.4167, 0.4333, 0.45, 0.4667, 0.4833, 0.5, 0.5167, 0.5333, 0.55, 0.5667, 0.5833, 0.6, 0.6167, 0.6333, 0.65, 0.6667, 0.6833, 0.7, 0.7167, 0.7333, 0.75, 0.7667, 0.7833, 0.8, 0.8167, 0.8333, 0.85, 0.8667, 0.8833, 0.9, 0.9167, 0.9333, 0.95, 0.9667, 0.9833, 1.0, 1.0167, 1.0333, 1.05, 1.0667, 1.0833, 1.1, 1.1167, 1.1333, 1.15, 1.1667, 1.1833, 1.2, 2.0],
            "transform": [
                [1.0, -0.00024, -0.000141, 0.0, 0.000265, 0.976706, 0.214578, 0.375166, 8.6e-05, -0.214582, 0.976707, -0.0, 0.0, 0.0, 0.0, 1.0],
                [1.0, -0.000246, -0.000142, -0.0, 0.000271, 0.975559, 0.219736, 0.375166, 8.5e-05, -0.21974, 0.97556, -0.0, 0.0, 0.0, 0.0, 1.0],
                [1.0, -0.000262, -0.000146, 0.0, 0.000289, 0.972105, 0.234541, 0.375166, 8.1e-05, -0.234547, 0.972106, -0.0, 0.0, 0.0, 0.0, 1.0],
                [1.0, -0.000288, -0.000153, -0.0, 0.000317, 0.966333, 0.257287, 0.375166, 7.4e-05, -0.257294, 0.966335, -0.0, 0.0, 0.0, 0.0, 1.0],
                [1.0, -0.00032, -0.000162, 0.0, 0.000353, 0.958245, 0.285941, 0.375166, 6.4e-05, -0.28595, 0.958247, 0.0, 0.0, 0.0, 0.0, 1.0],
                [1.0, -0.000356, -0.000173, -0.0, 0.000393, 0.947851, 0.318706, 0.375166, 5.1e-05, -0.318718, 0.947853, -0.0, 0.0, 0.0, 0.0, 1.0],
                [1.0, -0.000396, -0.000188, 0.0, 0.000437, 0.935179, 0.354164, 0.375166, 3.5e-05, -0.354179, 0.935183, 0.0, 0.0, 0.0, 0.0, 1.0],
                [1.0, -0.000437, -0.000204, -0.0, 0.000482, 0.920317, 0.391163, 0.375166, 1.7e-05, -0.39118, 0.920321, 0.0, 0.0, 0.0, 0.0, 1.0],
                [1.0, -0.00048, -0.000223, -0.0, 0.000529, 0.903149, 0.429314, 0.375166, -4e-06, -0.429334, 0.903154, -0.0, 0.0, 0.0, 0.0, 1.0],
                [1.0, -0.000523, -0.000245, -0.0, 0.000577, 0.883813, 0.467825, 0.375166, -2.8e-05, -0.467848, 0.883819, -0.0, 0.0, 0.0, 0.0, 1.0],
                [1.0, -0.000566, -0.000269, -0.0, 0.000624, 0.862438, 0.506146, 0.375166, -5.5e-05, -0.506171, 0.862445, 0.0, 0.0, 0.0, 0.0, 1.0],
                [1.0, -0.000608, -0.000295, -0.0, 0.000671, 0.839104, 0.543954, 0.375166, -8.3e-05, -0.543982, 0.839112, -0.0, 0.0, 0.0, 0.0, 1.0],
                [1.0, -0.00065, -0.000323, -0.0, 0.000717, 0.813841, 0.58107, 0.375166, -0.000115, -0.581099, 0.81385, 0.0, 0.0, 0.0, 0.0, 1.0],
                [1.0, -0.00069, -0.000353, -0.0, 0.000761, 0.786843, 0.617135, 0.375166, -0.000148, -0.617165, 0.786853, -0.0, 0.0, 0.0, 0.0, 1.0],
                [1.0, -0.000729, -0.000385, -0.0, 0.000804, 0.758154, 0.652057, 0.375166, -0.000183, -0.652089, 0.758164, 0.0, 0.0, 0.0, 0.0, 1.0],
                [1.0, -0.000767, -0.000419, -0.0, 0.000846, 0.728002, 0.685556, 0.375166, -0.00022, -0.68559, 0.728013, -0.0, 0.0, 0.0, 0.0, 1.0],
                [1.0, -0.000802, -0.000454, 0.0, 0.000885, 0.69644, 0.717596, 0.375166, -0.000259, -0.71763, 0.696452, 0.0, 0.0, 0.0, 0.0, 1.0],
                [1.0, -0.000836, -0.000491, 0.0, 0.000922, 0.663752, 0.747933, 0.375166, -0.0003, -0.747969, 0.663765, -0.0, 0.0, 0.0, 0.0, 1.0],
                [1.0, -0.000868, -0.000529, 0.0, 0.000958, 0.630037, 0.776546, 0.375166, -0.000341, -0.776583, 0.63005, 0.0, 0.0, 0.0, 0.0, 1.0],
                [0.999999, -0.000898, -0.000568, 0.0, 0.000991, 0.595417, 0.803398, 0.375166, -0.000384, -0.803434, 0.59543, 0.0, 0.0, 0.0, 0.0, 1.0],
                [0.999999, -0.000926, -0.000607, 0.0, 0.001022, 0.560225, 0.828322, 0.375166, -0.000427, -0.828359, 0.560238, -0.0, 0.0, 0.0, 0.0, 1.0],
                [1.0, -0.000952, -0.000647, 0.0, 0.00105, 0.524563, 0.851353, 0.375166, -0.000471, -0.851391, 0.524576, 0.0, 0.0, 0.0, 0.0, 1.0],
                [0.999999, -0.000976, -0.000687, 0.0, 0.001076, 0.48853, 0.872529, 0.375166, -0.000516, -0.872567, 0.488543, 0.0, 0.0, 0.0, 0.0, 1.0],
                [0.999999, -0.000997, -0.000727, 0.0, 0.0011, 0.452534, 0.891729, 0.375166, -0.00056, -0.891767, 0.452547, -0.0, 0.0, 0.0, 0.0, 1.0],
                [0.999999, -0.001017, -0.000767, 0.0, 0.001121, 0.416641, 0.909054, 0.375166, -0.000604, -0.909091, 0.416654, 0.0, 0.0, 0.0, 0.0, 1.0],
                [0.999999, -0.001034, -0.000807, -0.0, 0.00114, 0.381033, 0.924544, 0.375166, -0.000648, -0.924582, 0.381045, -0.0, 0.0, 0.0, 0.0, 1.0],
                [0.999999, -0.001049, -0.000847, 0.0, 0.001157, 0.34575, 0.93831, 0.375166, -0.000692, -0.938347, 0.345762, 0.0, 0.0, 0.0, 0.0, 1.0],
                [0.999999, -0.001063, -0.000885, -0.0, 0.001172, 0.311257, 0.950309, 0.375166, -0.000734, -0.950346, 0.311269, 0.0, 0.0, 0.0, 0.0, 1.0],
                [0.999999, -0.001074, -0.000923, -0.0, 0.001185, 0.277545, 0.960696, 0.375166, -0.000776, -0.960732, 0.277557, -0.0, 0.0, 0.0, 0.0, 1.0],
                [0.999999, -0.001084, -0.00096, -0.0, 0.001196, 0.244755, 0.969569, 0.375166, -0.000816, -0.969604, 0.244767, 0.0, 0.0, 0.0, 0.0, 1.0],
                [0.999999, -0.001093, -0.000995, -0.0, 0.001205, 0.213018, 0.977032, 0.375166, -0.000856, -0.977067, 0.213029, -0.0, 0.0, 0.0, 0.0, 1.0],
                [0.999999, -0.001099, -0.001029, 0.0, 0.001213, 0.182446, 0.9832, 0.375166, -0.000893, -0.983235, 0.182457, 0.0, 0.0, 0.0, 0.0, 1.0],
                [0.999999, -0.001105, -0.001062, -0.0, 0.001219, 0.152964, 0.988216, 0.375166, -0.00093, -0.98825, 0.152975, 0.0, 0.0, 0.0, 0.0, 1.0],
                [0.999999, -0.001109, -0.001093, 0.0, 0.001224, 0.125031, 0.992137, 0.375166, -0.000964, -0.992171, 0.125041, -0.0, 0.0, 0.0, 0.0, 1.0],
                [0.999999, -0.001113, -0.001123, 0.0, 0.001227, 0.098517, 0.99512, 0.375166, -0.000997, -0.995153, 0.098527, 0.0, 0.0, 0.0, 0.0, 1.0],
                [0.999999, -0.001115, -0.001151, 0.0, 0.00123, 0.07348, 0.997281, 0.375166, -0.001028, -0.997315, 0.07349, -0.0, 0.0, 0.0, 0.0, 1.0],
                [0.999999, -0.001117, -0.001177, -0.0, 0.001232, 0.049964, 0.998736, 0.375166, -0.001057, -0.998768, 0.049974, 0.0, 0.0, 0.0, 0.0, 1.0],
                [0.999999, -0.001118, -0.001202, 0.0, 0.001233, 0.028, 0.999593, 0.375166, -0.001084, -0.999625, 0.02801, 0.0, 0.0, 0.0, 0.0, 1.0],
                [0.999999, -0.001118, -0.001225, 0.0, 0.001233, 0.00761, 0.999956, 0.375166, -0.001109, -0.999988, 0.00762, -0.0, 0.0, 0.0, 0.0, 1.0],
                [0.999999, -0.001118, -0.001246, 0.0, 0.001233, -0.011195, 0.999923, 0.375166, -0.001132, -0.999954, -0.011186, 0.0, 0.0, 0.0, 0.0, 1.0],
                [0.999998, -0.001118, -0.001265, 0.0, 0.001233, -0.028412, 0.999581, 0.375166, -0.001153, -0.999613, -0.028402, 0.0, 0.0, 0.0, 0.0, 1.0],
                [0.999999, -0.001117, -0.001282, 0.0, 0.001232, -0.044043, 0.999015, 0.375166, -0.001172, -0.999045, -0.044033, -0.0, 0.0, 0.0, 0.0, 1.0],
                [0.999998, -0.001116, -0.001298, 0.0, 0.001231, -0.058304, 0.998284, 0.375166, -0.00119, -0.998314, -0.058294, -0.0, 0.0, 0.0, 0.0, 1.0],
                [0.999999, -0.001115, -0.001312, 0.0, 0.00123, -0.070803, 0.997475, 0.375166, -0.001206, -0.997506, -0.070794, -0.0, 0.0, 0.0, 0.0, 1.0],
                [0.999999, -0.001115, -0.001325, 0.0, 0.001229, -0.081756, 0.996637, 0.375166, -0.001219, -0.996668, -0.081747, -0.0, 0.0, 0.0, 0.0, 1.0],
                [0.999999, -0.001114, -0.001335, 0.0, 0.001228, -0.091176, 0.99582, 0.375166, -0.001231, -0.99585, -0.091166, -0.0, 0.0, 0.0, 0.0, 1.0],
                [0.999999, -0.001113, -0.001344, 0.0, 0.001227, -0.099086, 0.995064, 0.375166, -0.00124, -0.995094, -0.099077, 0.0, 0.0, 0.0, 0.0, 1.0],
                [0.999999, -0.001112, -0.001351, -0.0, 0.001226, -0.105513, 0.994403, 0.375166, -0.001248, -0.994432, -0.105504, 0.0, 0.0, 0.0, 0.0, 1.0],
                [0.999998, -0.001112, -0.001357, 0.0, 0.001226, -0.110479, 0.993864, 0.375166, -0.001255, -0.993893, -0.110469, -0.0, 0.0, 0.0, 0.0, 1.0],
                [0.999998, -0.001111, -0.001361, -0.0, 0.001225, -0.114003, 0.993465, 0.375166, -0.001259, -0.993495, -0.113994, 0.0, 0.0, 0.0, 0.0, 1.0],
                [0.999999, -0.001111, -0.001363, -0.0, 0.001225, -0.116104, 0.993222, 0.375166, -0.001261, -0.993251, -0.116095, 0.0, 0.0, 0.0, 0.0, 1.0],
                [0.999999, -0.001111, -0.001364, -0.0, 0.001225, -0.116801, 0.99314, 0.375166, -0.001262, -0.993169, -0.116792, 0.0, 0.0, 0.0, 0.0, 1.0],
                [0.999999, -0.001111, -0.001359, 0.0, 0.001225, -0.112668, 0.993618, 0.375166, -0.001257, -0.993647, -0.112659, 0.0, 0.0, 0.0, 0.0, 1.0],
                [0.999999, -0.001113, -0.001345, -0.0, 0.001227, -0.100095, 0.994963, 0.375166, -0.001242, -0.994992, -0.100085, -0.0, 0.0, 0.0, 0.0, 1.0],
                [0.999998, -0.001115, -0.001321, 0.0, 0.001229, -0.078783, 0.996877, 0.375166, -0.001216, -0.996907, -0.078774, -0.0, 0.0, 0.0, 0.0, 1.0],
                [0.999999, -0.001117, -0.001287, 0.0, 0.001232, -0.04842, 0.998812, 0.375166, -0.001178, -0.998843, -0.04841, -0.0, 0.0, 0.0, 0.0, 1.0],
                [0.999999, -0.001118, -0.001243, -0.0, 0.001233, -0.008606, 0.999948, 0.375166, -0.001129, -0.999979, -0.008596, -0.0, 0.0, 0.0, 0.0, 1.0],
                [0.999999, -0.001117, -0.001188, 0.0, 0.001232, 0.040359, 0.99917, 0.375166, -0.001068, -0.999202, 0.040369, -0.0, 0.0, 0.0, 0.0, 1.0],
                [0.999999, -0.001113, -0.001123, -0.0, 0.001227, 0.098517, 0.99512, 0.375166, -0.000997, -0.995153, 0.098527, 0.0, 0.0, 0.0, 0.0, 1.0],
                [0.999999, -0.001103, -0.001048, 0.0, 0.001216, 0.165539, 0.986187, 0.375166, -0.000914, -0.986222, 0.16555, 0.0, 0.0, 0.0, 0.0, 1.0],
                [0.999999, -0.001085, -0.000965, 0.0, 0.001197, 0.240154, 0.970718, 0.375166, -0.000822, -0.970754, 0.240165, 0.0, 0.0, 0.0, 0.0, 1.0],
                [0.999999, -0.001059, -0.000874, 0.0, 0.001168, 0.321039, 0.947049, 0.375166, -0.000722, -0.947085, 0.321051, -0.0, 0.0, 0.0, 0.0, 1.0],
                [0.999999, -0.001022, -0.000779, 0.0, 0.001127, 0.40643, 0.913664, 0.375166, -0.000617, -0.913702, 0.406443, 0.0, 0.0, 0.0, 0.0, 1.0],
                [0.999999, -0.000972, -0.000681, 0.0, 0.001073, 0.493668, 0.869632, 0.375166, -0.000509, -0.869669, 0.493681, -0.0, 0.0, 0.0, 0.0, 1.0],
                [0.999999, -0.000911, -0.000584, -0.0, 0.001004, 0.580404, 0.81431, 0.375166, -0.000402, -0.814347, 0.580417, -0.0, 0.0, 0.0, 0.0, 1.0],
                [1.0, -0.000836, -0.000491, 0.0, 0.000922, 0.663753, 0.747933, 0.375166, -0.0003, -0.747969, 0.663765, -0.0, 0.0, 0.0, 0.0, 1.0],
                [1.0, -0.000751, -0.000405, -0.0, 0.000828, 0.741101, 0.671375, 0.375166, -0.000204, -0.671408, 0.741112, 0.0, 0.0, 0.0, 0.0, 1.0],
                [1.0, -0.000656, -0.000327, 0.0, 0.000723, 0.81009, 0.586288, 0.375166, -0.000119, -0.586317, 0.810099, -0.0, 0.0, 0.0, 0.0, 1.0],
                [1.0, -0.000554, -0.000262, 0.0, 0.000611, 0.868833, 0.495091, 0.375166, -4.7e-05, -0.495115, 0.868839, 0.0, 0.0, 0.0, 0.0, 1.0],
                [1.0, -0.00045, -0.000209, 0.0, 0.000496, 0.915569, 0.402149, 0.375166, 1.1e-05, -0.402167, 0.915574, -0.0, 0.0, 0.0, 0.0, 1.0],
                [1.0, -0.000351, -0.000172, -0.0, 0.000387, 0.949474, 0.313836, 0.375166, 5.3e-05, -0.313848, 0.949477, 0.0, 0.0, 0.0, 0.0, 1.0],
                [1.0, -0.000272, -0.000149, 0.0, 0.0003, 0.969915, 0.243437, 0.375166, 7.8e-05, -0.243443, 0.969916, -0.0, 0.0, 0.0, 0.0, 1.0],
                [1.0, -0.00024, -0.000141, -0.0, 0.000265, 0.976706, 0.214578, 0.375166, 8.6e-05, -0.214582, 0.976707, -0.0, 0.0, 0.0, 0.0, 1.0],
                [1.0, -0.00024, -0.000141, -0.0, 0.000265, 0.976706, 0.214578, 0.375166, 8.6e-05, -0.214582, 0.976707, -0.0, 0.0, 0.0, 0.0, 1.0]
            ]
        },
        {
            "name": "Knee_R",
            "time": [0.0, 0.0167, 0.0333, 0.05, 0.0667, 0.0833, 0.1, 0.1167, 0.1333, 0.15, 0.1667, 0.1833, 0.2, 0.2167, 0.2333, 0.25, 0.2667, 0.2833, 0.3, 0.3167, 0.3333, 0.35, 0.3667, 0.3833, 0.4, 0.4167, 0.4333, 0.45, 0.4667, 0.4833, 0.5, 0.5167, 0.5333, 0.55, 0.5667, 0.5833, 0.6, 0.6167, 0.6333, 0.65, 0.6667, 0.6833, 0.7, 0.7167, 0.7333, 0.75, 0.7667, 0.7833, 0.8, 0.8167, 0.8333, 0.85, 0.8667, 0.8833, 0.9, 0.9167, 0.9333, 0.95, 0.9667, 0.9833, 1.0, 1.0167, 1.0333, 1.05, 1.0667, 1.0833, 1.1, 1.1167, 1.1333, 1.15, 1.1667, 1.1833, 1.2, 2.0],
            "transform": [
                [1.0, -5.7e-05, 5.4e-05, 0.0, 5.7e-05, 0.048757, -0.998811, 0.375166, 5.4e-05, 0.998811, 0.048757, -0.0, 0.0, 0.0, 0.0, 1.0],
                [1.0, -5.7e-05, 5.4e-05, -0.0, 5.7e-05, 0.048757, -0.998811, 0.375166, 5.4e-05, 0.998811, 0.048757, -0.0, 0.0, 0.0, 0.0, 1.0],
                [1.0, -5.7e-05, 5.4e-05, 0.0, 5.7e-05, 0.048757, -0.998811, 0.375166, 5.4e-05, 0.998811, 0.048757, -0.0, 0.0, 0.0, 0.0, 1.0],
                [1.0, -5.7e-05, 5.4e-05, -0.0, 5.7e-05, 0.048757, -0.998811, 0.375166, 5.4e-05, 0.998811, 0.048757, -0.0, 0.0, 0.0, 0.0, 1.0],
                [1.0, -5.7e-05, 5.4e-05, 0.0, 5.7e-05, 0.048757, -0.998811, 0.375166, 5.4e-05, 0.998811, 0.048757, 0.0, 0.0, 0.0, 0.0, 1.0],
                [1.0, -5.7e-05, 5.4e-05, -0.0, 5.7e-05, 0.048757, -0.998811, 0.375166, 5.4e-05, 0.998811, 0.048757, -0.0, 0.0, 0.0, 0.0, 1.0],
                [1.0, -5.7e-05, 5.4e-05, 0.0, 5.7e-05, 0.048757, -0.998811, 0.375166, 5.4e-05, 0.998811, 0.048757, 0.0, 0.0, 0.0, 0.0, 1.0],
                [1.0, -5.7e-05, 5.4e-05, -0.0, 5.7e-05, 0.048757, -0.998811, 0.375166, 5.4e-05, 0.998811, 0.048757, 0.0, 0.0, 0.0, 0.0, 1.0],
                [1.0, -5.7e-05, 5.4e-05, -0.0, 5.7e-05, 0.048757, -0.998811, 0.375166, 5.4e-05, 0.998811, 0.048757, -0.0, 0.0, 0.0, 0.0, 1.0],
                [1.0, -5.7e-05, 5.4e-05, -0.0, 5.7e-05, 0.048757, -0.998811, 0.375166, 5.4e-05, 0.998811, 0.048757, -0.0, 0.0, 0.0, 0.0, 1.0],
                [1.0, -5.7e-05, 5.4e-05, -0.0, 5.7e-05, 0.048757, -0.998811, 0.375166, 5.4e-05, 0.998811, 0.048757, 0.0, 0.0, 0.0, 0.0, 1.0],
                [1.0, -5.7e-05, 5.4e-05, -0.0, 5.7e-05, 0.048757, -0.998811, 0.375166, 5.4e-05, 0.998811, 0.048757, -0.0, 0.0, 0.0, 0.0, 1.0],
                [1.0, -5.7e-05, 5.4e-05, -0.0, 5.7e-05, 0.048757, -0.998811, 0.375166, 5.4e-05, 0.998811, 0.048757, 0.0, 0.0, 0.0, 0.0, 1.0],
                [1.0, -5.7e-05, 5.4e-05, -0.0, 5.7e-05, 0.048757, -0.998811, 0.375166, 5.4e-05, 0.998811, 0.048757, -0.0, 0.0, 0.0, 0.0, 1.0],
                [1.0, -5.7e-05, 5.4e-05, -0.0, 5.7e-05, 0.048757, -0.998811, 0.375166, 5.4e-05, 0.998811, 0.048757, 0.0, 0.0, 0.0, 0.0, 1.0],
                [1.0, -5.7e-05, 5.4e-05, -0.0, 5.7e-05, 0.048757, -0.998811, 0.375166, 5.4e-05, 0.998811, 0.048757, -0.0, 0.0, 0.0, 0.0, 1.0],
                [1.0, -5.7e-05, 5.4e-05, 0.0, 5.7e-05, 0.048757, -0.998811, 0.375166, 5.4e-05, 0.998811, 0.048757, 0.0, 0.0, 0.0, 0.0, 1.0],
                [1.0, -5.7e-05, 5.4e-05, 0.0, 5.7e-05, 0.048757, -0.998811, 0.375166, 5.4e-05, 0.998811, 0.048757, -0.0, 0.0, 0.0, 0.0, 1.0],
                [1.0, -5.7e-05, 5.4e-05, 0.0, 5.7e-05, 0.048757, -0.998811, 0.375166, 5.4e-05, 0.998811, 0.048757, 0.0, 0.0, 0.0, 0.0, 1.0],
                [1.0, -5.7e-05, 5.4e-05, 0.0, 5.7e-05, 0.048757, -0.998811, 0.375166, 5.4e-05, 0.998811, 0.048757, 0.0, 0.0, 0.0, 0.0, 1.0],
                [1.0, -5.7e-05, 5.4e-05, 0.0, 5.7e-05, 0.048757, -0.998811, 0.375166, 5.4e-05, 0.998811, 0.048757, -0.0, 0.0, 0.0, 0.0, 1.0],
                [1.0, -5.7e-05, 5.4e-05, 0.0, 5.7e-05, 0.048757, -0.998811, 0.375166, 5.4e-05, 0.998811, 0.048757, 0.0, 0.0, 0.0, 0.0, 1.0],
                [1.0, -5.7e-05, 5.4e-05, 0.0, 5.7e-05, 0.048757, -0.998811, 0.375166, 5.4e-05, 0.998811, 0.048757, 0.0, 0.0, 0.0, 0.0, 1.0],
                [1.0, -5.7e-05, 5.4e-05, 0.0, 5.7e-05, 0.048757, -0.998811, 0.375166, 5.4e-05, 0.998811, 0.048757, -0.0, 0.0, 0.0, 0.0, 1.0],
                [1.0, -5.7e-05, 5.4e-05, 0.0, 5.7e-05, 0.048757, -0.998811, 0.375166, 5.4e-05, 0.998811, 0.048757, 0.0, 0.0, 0.0, 0.0, 1.0],
                [1.0, -5.7e-05, 5.4e-05, -0.0, 5.7e-05, 0.048757, -0.998811, 0.375166, 5.4e-05, 0.998811, 0.048757, -0.0, 0.0, 0.0, 0.0, 1.0],
                [1.0, -5.7e-05, 5.4e-05, 0.0, 5.7e-05, 0.048757, -0.998811, 0.375166, 5.4e-05, 0.998811, 0.048757, 0.0, 0.0, 0.0, 0.0, 1.0],
                [1.0, -5.7e-05, 5.4e-05, -0.0, 5.7e-05, 0.048757, -0.998811, 0.375166, 5.4e-05, 0.998811, 0.048757, 0.0, 0.0, 0.0, 0.0, 1.0],
                [1.0, -5.7e-05, 5.4e-05, -0.0, 5.7e-05, 0.048757, -0.998811, 0.375166, 5.4e-05, 0.998811, 0.048757, -0.0, 0.0, 0.0, 0.0, 1.0],
