{
    "animation": [
        {
            "name": "Root",
            "time": [0.0, 0.0167, 0.0333, 0.05, 0.0667, 0.0833, 0.1, 0.1167, 0.1333, 0.15, 0.1667, 0.1833, 0.2, 0.2167, 0.2333, 0.25, 0.2667, 0.2833, 0.3, 0.3167, 0.3333, 0.35, 0.3667, 0.3833, 0.4, 0.4167, 0.4333, 0.45, 0.4667, 0.4833, 0.5, 0.5167, 0.5333, 0.55, 0.5667, 0.5833, 0.6, 0.6167, 0.6333, 0.65, 0.6667, 0.6833, 0.7, 0.7167, 0.7333, 0.75, 0.7667, 0.7833, 0.8, 0.8167, 0.8333, 0.85, 0.8667, 0.8833, 0.9, 0.9167, 0.9333, 0.95, 0.9667, 0.9833, 1.0],
            "transform": [
                [0.900842, 0.0, -0.434148, -5e-06, -0.434148, 0.0, -0.900842, 0.000946, 0.0, 1.0, 0.0, 0.739346, 0.0, 0.0, 0.0, 1.0],
                [0.891395, 0.0, -0.453228, -0.002496, -0.453228, 0.0, -0.891395, 0.003008, 0.0, 1.0, 0.0, 0.739346, 0.0, 0.0, 0.0, 1.0],
                [0.860277, 0.0, -0.509827, -0.009972, -0.509827, 0.0, -0.860277, 0.009392, 0.0, 1.0, 0.0, 0.739346, 0.0, 0.0, 0.0, 1.0],
                [0.801653, 0.0, -0.597789, -0.021975, -0.597789, 0.0, -0.801653, 0.020116, 0.0, 1.0, 0.0, 0.739346, 0.0, 0.0, 0.0, 1.0],
                [0.712206, 0.0, -0.701971, -0.037244, -0.701971, 0.0, -0.712206, 0.034636, 0.0, 1.0, 0.0, 0.739346, 0.0, 0.0, 0.0, 1.0],
                [0.598847, 0.0, -0.800863, -0.053718, -0.800863, 0.0, -0.598847, 0.051744, 0.0, 1.0, 0.0, 0.739346, 0.0, 0.0, 0.0, 1.0],
                [0.480981, 0.0, -0.876731, -0.068988, -0.876731, 0.0, -0.480981, 0.069787, 0.0, 1.0, 0.0, 0.739346, 0.0, 0.0, 0.0, 1.0],
                [0.38197, 0.0, -0.924175, -0.080991, -0.924175, 0.0, -0.38197, 0.087147, 0.0, 1.0, 0.0, 0.739346, 0.0, 0.0, 0.0, 1.0],
                [0.318387, 0.0, -0.947961, -0.088466, -0.947961, 0.0, -0.318387, 0.102638, 0.0, 1.0, 0.0, 0.739346, 0.0, 0.0, 0.0, 1.0],
                [0.296969, 0.0, -0.954887, -0.090957, -0.954887, 0.0, -0.296969, 0.115618, 0.0, 1.0, 0.0, 0.739346, 0.0, 0.0, 0.0, 1.0],
                [0.394451, 0.0, -0.918917, -0.07425, -0.918917, 0.0, -0.394451, 0.128269, 0.0, 1.0, 0.0, 0.739346, 0.0, 0.0, 0.0, 1.0],
                [0.669156, 0.0, -0.743122, -0.025626, -0.743122, 0.0, -0.669156, 0.142407, 0.0, 1.0, 0.0, 0.739346, 0.0, 0.0, 0.0, 1.0],
                [0.947659, 0.0, -0.319285, 0.044275, -0.319285, 0.0, -0.947659, 0.156406, 0.0, 1.0, 0.0, 0.739346, 0.0, 0.0, 0.0, 1.0],
                [0.983438, 0.0, 0.181246, 0.114176, 0.181246, 0.0, -0.983438, 0.168001, 0.0, 1.0, 0.0, 0.739346, 0.0, 0.0, 0.0, 1.0],
                [0.875658, 0.0, 0.482932, 0.162801, 0.482932, 0.0, -0.875658, 0.175535, 0.0, 1.0, 0.0, 0.739346, 0.0, 0.0, 0.0, 1.0],
                [0.817492, 0.0, 0.57594, 0.179508, 0.57594, 0.0, -0.817492, 0.178672, 0.0, 1.0, 0.0, 0.739346, 0.0, 0.0, 0.0, 1.0],
                [0.810013, 0.0, 0.586413, 0.179508, 0.586413, 0.0, -0.810013, 0.179729, 0.0, 1.0, 0.0, 0.739346, 0.0, 0.0, 0.0, 1.0],
                [0.80273, 0.0, 0.596343, 0.179506, 0.596343, 0.0, -0.80273, 0.180732, 0.0, 1.0, 0.0, 0.739346, 0.0, 0.0, 0.0, 1.0],
                [0.79569, 0.0, 0.605704, 0.179503, 0.605704, 0.0, -0.79569, 0.181675, 0.0, 1.0, 0.0, 0.739346, 0.0, 0.0, 0.0, 1.0],
                [0.788941, 0.0, 0.614469, 0.179497, 0.614469, 0.0, -0.788941, 0.182553, 0.0, 1.0, 0.0, 0.739346, 0.0, 0.0, 0.0, 1.0],
                [0.782532, 0.0, 0.62261, 0.179486, 0.62261, 0.0, -0.782532, 0.183363, 0.0, 1.0, 0.0, 0.739346, 0.0, 0.0, 0.0, 1.0],
                [0.776513, 0.0, 0.630101, 0.179468, 0.630101, 0.0, -0.776513, 0.184098, 0.0, 1.0, 0.0, 0.739346, 0.0, 0.0, 0.0, 1.0],
                [0.770929, 0.0, 0.636921, 0.179443, 0.636921, 0.0, -0.770929, 0.184756, 0.0, 1.0, 0.0, 0.739346, 0.0, 0.0, 0.0, 1.0],
                [0.765821, 0.0, 0.643054, 0.179407, 0.643054, 0.0, -0.765821, 0.185335, 0.0, 1.0, 0.0, 0.739346, 0.0, 0.0, 0.0, 1.0],
                [0.761219, 0.0, 0.648495, 0.179358, 0.648495, 0.0, -0.761219, 0.185835, 0.0, 1.0, 0.0, 0.739346, 0.0, 0.0, 0.0, 1.0],
                [0.757145, 0.0, 0.653246, 0.179296, 0.653246, 0.0, -0.757145, 0.186256, 0.0, 1.0, 0.0, 0.739346, 0.0, 0.0, 0.0, 1.0],
                [0.753605, 0.0, 0.657327, 0.179218, 0.657327, 0.0, -0.753605, 0.186603, 0.0, 1.0, 0.0, 0.739346, 0.0, 0.0, 0.0, 1.0],
                [0.750591, 0.0, 0.660768, 0.179124, 0.660768, 0.0, -0.750591, 0.186881, 0.0, 1.0, 0.0, 0.739346, 0.0, 0.0, 0.0, 1.0],
                [0.74808, 0.0, 0.663609, 0.179012, 0.663609, 0.0, -0.74808, 0.187097, 0.0, 1.0, 0.0, 0.739346, 0.0, 0.0, 0.0, 1.0],
                [0.746038, 0.0, 0.665903, 0.178882, 0.665903, 0.0, -0.746038, 0.187258, 0.0, 1.0, 0.0, 0.739346, 0.0, 0.0, 0.0, 1.0],
                [0.744424, 0.0, 0.667707, 0.178735, 0.667707, 0.0, -0.744424, 0.187373, 0.0, 1.0, 0.0, 0.739346, 0.0, 0.0, 0.0, 1.0],
                [0.743189, 0.0, 0.669082, 0.17857, 0.669082, 0.0, -0.743189, 0.187452, 0.0, 1.0, 0.0, 0.739346, 0.0, 0.0, 0.0, 1.0],
                [0.742282, 0.0, 0.670088, 0.178389, 0.670088, 0.0, -0.742282, 0.187501, 0.0, 1.0, 0.0, 0.739346, 0.0, 0.0, 0.0, 1.0],
                [0.741653, 0.0, 0.670784, 0.178192, 0.670784, 0.0, -0.741653, 0.18753, 0.0, 1.0, 0.0, 0.739346, 0.0, 0.0, 0.0, 1.0],
                [0.741254, 0.0, 0.671224, 0.177981, 0.671224, 0.0, -0.741254, 0.187543, 0.0, 1.0, 0.0, 0.739346, 0.0, 0.0, 0.0, 1.0],
                [0.741044, 0.0, 0.671457, 0.177757, 0.671457, 0.0, -0.741044, 0.187548, 0.0, 1.0, 0.0, 0.739346, 0.0, 0.0, 0.0, 1.0],
                [0.740981, 0.0, 0.671526, 0.17752, 0.671526, 0.0, -0.740981, 0.187549, 0.0, 1.0, 0.0, 0.739346, 0.0, 0.0, 0.0, 1.0],
                [0.743844, 0.0, 0.668354, 0.176613, 0.668354, 0.0, -0.743844, 0.186835, 0.0, 1.0, 0.0, 0.739346, 0.0, 0.0, 0.0, 1.0],
                [0.752432, 0.0, 0.65867, 0.174362, 0.65867, 0.0, -0.752432, 0.18468, 0.0, 1.0, 0.0, 0.739346, 0.0, 0.0, 0.0, 1.0],
                [0.766597, 0.0, 0.642129, 0.170759, 0.642129, 0.0, -0.766597, 0.181073, 0.0, 1.0, 0.0, 0.739346, 0.0, 0.0, 0.0, 1.0],
                [0.785959, 0.0, 0.618278, 0.165811, 0.618278, 0.0, -0.785959, 0.176022, 0.0, 1.0, 0.0, 0.739346, 0.0, 0.0, 0.0, 1.0],
                [0.809867, 0.0, 0.586613, 0.159551, 0.586613, 0.0, -0.809867, 0.169559, 0.0, 1.0, 0.0, 0.739346, 0.0, 0.0, 0.0, 1.0],
                [0.837351, 0.0, 0.546665, 0.152036, 0.546665, 0.0, -0.837351, 0.161744, 0.0, 1.0, 0.0, 0.739346, 0.0, 0.0, 0.0, 1.0],
                [0.86711, 0.0, 0.498116, 0.143355, 0.498116, 0.0, -0.86711, 0.152673, 0.0, 1.0, 0.0, 0.739346, 0.0, 0.0, 0.0, 1.0],
                [0.897534, 0.0, 0.440945, 0.13363, 0.440945, 0.0, -0.897534, 0.142474, 0.0, 1.0, 0.0, 0.739346, 0.0, 0.0, 0.0, 1.0],
                [0.926792, 0.0, 0.375575, 0.123019, 0.375575, 0.0, -0.926792, 0.131315, 0.0, 1.0, 0.0, 0.739346, 0.0, 0.0, 0.0, 1.0],
                [0.952993, 0.0, 0.302991, 0.111712, 0.302991, 0.0, -0.952993, 0.119398, 0.0, 1.0, 0.0, 0.739346, 0.0, 0.0, 0.0, 1.0],
                [0.974408, 0.0, 0.224786, 0.099927, 0.224786, 0.0, -0.974408, 0.106957, 0.0, 1.0, 0.0, 0.739346, 0.0, 0.0, 0.0, 1.0],
                [0.989709, 0.0, 0.143094, 0.087906, 0.143094, 0.0, -0.989709, 0.094247, 0.0, 1.0, 0.0, 0.739346, 0.0, 0.0, 0.0, 1.0],
                [0.998173, 0.0, 0.060414, 0.075899, 0.060414, 0.0, -0.998173, 0.081538, 0.0, 1.0, 0.0, 0.739346, 0.0, 0.0, 0.0, 1.0],
                [0.999787, 0.0, -0.020655, 0.064156, -0.020655, 0.0, -0.999787, 0.069097, 0.0, 1.0, 0.0, 0.739346, 0.0, 0.0, 0.0, 1.0],
                [0.995217, 0.0, -0.097687, 0.052918, -0.097687, 0.0, -0.995217, 0.05718, 0.0, 1.0, 0.0, 0.739346, 0.0, 0.0, 0.0, 1.0],
                [0.985673, 0.0, -0.168667, 0.042403, -0.168667, 0.0, -0.985673, 0.046021, 0.0, 1.0, 0.0, 0.739346, 0.0, 0.0, 0.0, 1.0],
                [0.972689, 0.0, -0.232114, 0.032798, -0.232114, 0.0, -0.972689, 0.035822, 0.0, 1.0, 0.0, 0.739346, 0.0, 0.0, 0.0, 1.0],
                [0.957899, 0.0, -0.287104, 0.024259, -0.287104, 0.0, -0.957899, 0.026751, 0.0, 1.0, 0.0, 0.739346, 0.0, 0.0, 0.0, 1.0],
                [0.942856, 0.0, -0.333201, 0.016907, -0.333201, 0.0, -0.942856, 0.018936, 0.0, 1.0, 0.0, 0.739346, 0.0, 0.0, 0.0, 1.0],
                [0.928896, 0.0, -0.370341, 0.010829, -0.370341, 0.0, -0.928896, 0.012473, 0.0, 1.0, 0.0, 0.739346, 0.0, 0.0, 0.0, 1.0],
                [0.917082, 0.0, -0.398699, 0.00608, -0.398699, 0.0, -0.917082, 0.007422, 0.0, 1.0, 0.0, 0.739346, 0.0, 0.0, 0.0, 1.0],
                [0.908182, 0.0, -0.418575, 0.00269, -0.418575, 0.0, -0.908182, 0.003815, 0.0, 1.0, 0.0, 0.739346, 0.0, 0.0, 0.0, 1.0],
                [0.902689, 0.0, -0.430294, 0.000665, -0.430294, 0.0, -0.902689, 0.00166, 0.0, 1.0, 0.0, 0.739346, 0.0, 0.0, 0.0, 1.0],
                [0.900842, 0.0, -0.434148, -5e-06, -0.434148, 0.0, -0.900842, 0.000946, 0.0, 1.0, 0.0, 0.739346, 0.0, 0.0, 0.0, 1.0]
            ]
        },
        {
            "name": "Thigh_R",
            "time": [0.0, 0.0167, 0.0333, 0.05, 0.0667, 0.0833, 0.1, 0.1167, 0.1333, 0.15, 0.1667, 0.1833, 0.2, 0.2167, 0.2333, 0.25, 0.2667, 0.2833, 0.3, 0.3167, 0.3333, 0.35, 0.3667, 0.3833, 0.4, 0.4167, 0.4333, 0.45, 0.4667, 0.4833, 0.5, 0.5167, 0.5333, 0.55, 0.5667, 0.5833, 0.6, 0.6167, 0.6333, 0.65, 0.6667, 0.6833, 0.7, 0.7167, 0.7333, 0.75, 0.7667, 0.7833, 0.8, 0.8167, 0.8333, 0.85, 0.8667, 0.8833, 0.9, 0.9167, 0.9333, 0.95, 0.9667, 0.9833, 1.0],
            "transform": [
                [0.990703, 0.115138, 0.072456, 0.124994, 0.119659, -0.99091, -0.061465, -0.002831, 0.064723, 0.069573, -0.995437, -1.2e-05, 0.0, 0.0, 0.0, 1.0],
                [0.990412, 0.121265, 0.066175, 0.124994, 0.122072, -0.992486, -0.008259, -0.002831, 0.064678, 0.016268, -0.997736, -1.2e-05, 0.0, 0.0, 0.0, 1.0],
                [0.989205, 0.136607, 0.053016, 0.124994, 0.132169, -0.988012, 0.079755, -0.002831, 0.063277, -0.071874, -0.995367, -1.2e-05, 0.0, 0.0, 0.0, 1.0],
                [0.985969, 0.163307, 0.034572, 0.124994, 0.156278, -0.975841, 0.152668, -0.002831, 0.058667, -0.145107, -0.987638, -1.2e-05, 0.0, 0.0, 0.0, 1.0],
                [0.977655, 0.210014, 0.009231, 0.124994, 0.204175, -0.959084, 0.196119, -0.002831, 0.050038, -0.189833, -0.980505, -1.2e-05, 0.0, 0.0, 0.0, 1.0],
                [0.956425, 0.291152, -0.021929, 0.124994, 0.289335, -0.935003, 0.205048, -0.002831, 0.039191, -0.202437, -0.978477, -1.2e-05, 0.0, 0.0, 0.0, 1.0],
                [0.904723, 0.422847, -0.051722, 0.124994, 0.424796, -0.886366, 0.184087, -0.002831, 0.031989, -0.188497, -0.981521, -1.2e-05, 0.0, 0.0, 0.0, 1.0],
                [0.79469, 0.603111, -0.068715, 0.124994, 0.605839, -0.780996, 0.151624, -0.002831, 0.037772, -0.162102, -0.986021, -1.2e-05, 0.0, 0.0, 0.0, 1.0],
                [0.615105, 0.785508, -0.067925, 0.124994, 0.785955, -0.604032, 0.131946, -0.002831, 0.062609, -0.134526, -0.988901, -1.2e-05, 0.0, 0.0, 0.0, 1.0],
                [0.410931, 0.910479, -0.046381, 0.124994, 0.906138, -0.40231, 0.130604, -0.002831, 0.100247, -0.095676, -0.990321, -1.2e-05, 0.0, 0.0, 0.0, 1.0],
                [0.232134, 0.993852, -0.354022, 0.124994, 0.965129, -0.178512, 0.218093, -0.002831, 0.138494, -0.421793, -0.926406, -1.2e-05, 0.0, 0.0, 0.0, 1.0],
                [0.162138, 1.021251, -0.623245, 0.124994, 0.976043, -0.015938, 0.258152, -0.002831, 0.188003, -0.797999, -0.802727, -1.2e-05, 0.0, 0.0, 0.0, 1.0],
                [0.160722, 1.211449, -0.494032, 0.124994, 0.97101, -0.043392, 0.288705, -0.002831, 0.223997, -0.681133, -0.897053, -1.2e-05, 0.0, 0.0, 0.0, 1.0],
                [0.201881, 0.63906, -0.887705, 0.124994, 0.961484, 0.124079, 0.295468, -0.002831, 0.221551, -1.12081, -0.47342, -1.2e-05, 0.0, 0.0, 0.0, 1.0],
                [0.391182, -0.394373, -0.860308, 0.124994, 0.917854, 0.270157, 0.32174, -0.002831, 0.095189, -0.984384, 0.432981, -1.2e-05, 0.0, 0.0, 0.0, 1.0],
                [0.637129, -0.318112, -0.702032, 0.124994, 0.758133, 0.094483, 0.645182, -0.002831, -0.138913, -0.943335, 0.301355, -1.2e-05, 0.0, 0.0, 0.0, 1.0],
                [0.62935, -0.285039, -0.722945, 0.124994, 0.762955, 0.04981, 0.644494, -0.002831, -0.1477, -0.957222, 0.248805, -1.2e-05, 0.0, 0.0, 0.0, 1.0],
                [0.621023, -0.299131, -0.72445, 0.124994, 0.768398, 0.050074, 0.637974, -0.002831, -0.154566, -0.952899, 0.260933, -1.2e-05, 0.0, 0.0, 0.0, 1.0],
                [0.612082, -0.311057, -0.727033, 0.124994, 0.774536, 0.050348, 0.630487, -0.002831, -0.159517, -0.949058, 0.271726, -1.2e-05, 0.0, 0.0, 0.0, 1.0],
                [0.602541, -0.320849, -0.730737, 0.124994, 0.781352, 0.050629, 0.621999, -0.002831, -0.162576, -0.945778, 0.281185, -1.2e-05, 0.0, 0.0, 0.0, 1.0],
                [0.592513, -0.328647, -0.735456, 0.124994, 0.788709, 0.050911, 0.612619, -0.002831, -0.163897, -0.943081, 0.289356, -1.2e-05, 0.0, 0.0, 0.0, 1.0],
                [0.582228, -0.334724, -0.740909, 0.124994, 0.796353, 0.051186, 0.602627, -0.002831, -0.163795, -0.940926, 0.296344, -1.2e-05, 0.0, 0.0, 0.0, 1.0],
                [0.572031, -0.3812, -0.726252, 0.124994, 0.803939, 0.084969, 0.588576, -0.002831, -0.162662, -0.920582, 0.35505, -1.2e-05, 0.0, 0.0, 0.0, 1.0],
                [0.562255, -0.416181, -0.71459, 0.124994, 0.81112, 0.109206, 0.574559, -0.002831, -0.161089, -0.902702, 0.398958, -1.2e-05, 0.0, 0.0, 0.0, 1.0],
                [0.553206, -0.439053, -0.707934, 0.124994, 0.817618, 0.12338, 0.562351, -0.002831, -0.159563, -0.889952, 0.427216, -1.2e-05, 0.0, 0.0, 0.0, 1.0],
                [0.545086, -0.454845, -0.704253, 0.124994, 0.823267, 0.131617, 0.55215, -0.002831, -0.158457, -0.880794, 0.446185, -1.2e-05, 0.0, 0.0, 0.0, 1.0],
                [0.537971, -0.464947, -0.703127, 0.124994, 0.828019, 0.135099, 0.544146, -0.002831, -0.158013, -0.874973, 0.457648, -1.2e-05, 0.0, 0.0, 0.0, 1.0],
                [0.531819, -0.469825, -0.704562, 0.124994, 0.83192, 0.134267, 0.538372, -0.002831, -0.158347, -0.872492, 0.462247, -1.2e-05, 0.0, 0.0, 0.0, 1.0],
                [0.526038, -0.471101, -0.708041, 0.124994, 0.835472, 0.130637, 0.533746, -0.002831, -0.158958, -0.872354, 0.462296, -1.2e-05, 0.0, 0.0, 0.0, 1.0],
                [0.519877, -0.470358, -0.713068, 0.124994, 0.839279, 0.125691, 0.528939, -0.002831, -0.159171, -0.873482, 0.460089, -1.2e-05, 0.0, 0.0, 0.0, 1.0],
                [0.512984, -0.467695, -0.71978, 0.124994, 0.84359, 0.119599, 0.523466, -0.002831, -0.158744, -0.875764, 0.455878, -1.2e-05, 0.0, 0.0, 0.0, 1.0],
                [0.505013, -0.463612, -0.728011, 0.124994, 0.84863, 0.112848, 0.516776, -0.002831, -0.157436, -0.878826, 0.450407, -1.2e-05, 0.0, 0.0, 0.0, 1.0],
                [0.49566, -0.459222, -0.737163, 0.124994, 0.854563, 0.106335, 0.508312, -0.002831, -0.155048, -0.881937, 0.445123, -1.2e-05, 0.0, 0.0, 0.0, 1.0],
                [0.484716, -0.456226, -0.746244, 0.124994, 0.861453, 0.101242, 0.49761, -0.002831, -0.151478, -0.884089, 0.442073, -1.2e-05, 0.0, 0.0, 0.0, 1.0],
                [0.472076, -0.456398, -0.754199, 0.124994, 0.86926, 0.098589, 0.484393, -0.002831, -0.146727, -0.8843, 0.443251, -1.2e-05, 0.0, 0.0, 0.0, 1.0],
                [0.457712, -0.460687, -0.760419, 0.124994, 0.877869, 0.098654, 0.468597, -0.002831, -0.140865, -0.882066, 0.44956, -1.2e-05, 0.0, 0.0, 0.0, 1.0],
                [0.441636, -0.468808, -0.764948, 0.124994, 0.887131, 0.100839, 0.450334, -0.002831, -0.13399, -0.877529, 0.460409, -1.2e-05, 0.0, 0.0, 0.0, 1.0],
                [0.429734, -0.503906, -0.749251, 0.124994, 0.893195, 0.115552, 0.434537, -0.002831, -0.132395, -0.855998, 0.499725, -1.2e-05, 0.0, 0.0, 0.0, 1.0],
                [0.428714, -0.562181, -0.707196, 0.124994, 0.89205, 0.139502, 0.429836, -0.002831, -0.142997, -0.815166, 0.561284, -1.2e-05, 0.0, 0.0, 0.0, 1.0],
                [0.440479, -0.621164, -0.648155, 0.124994, 0.882078, 0.165076, 0.441201, -0.002831, -0.167071, -0.7661, 0.620614, -1.2e-05, 0.0, 0.0, 0.0, 1.0],
                [0.467781, -0.671733, -0.574395, 0.124994, 0.859508, 0.194269, 0.47273, -0.002831, -0.205969, -0.714867, 0.668226, -1.2e-05, 0.0, 0.0, 0.0, 1.0],
                [0.513656, -0.706924, -0.486205, 0.124994, 0.817597, 0.231435, 0.527198, -0.002831, -0.260173, -0.668352, 0.69685, -1.2e-05, 0.0, 0.0, 0.0, 1.0],
                [0.579417, -0.719033, -0.383735, 0.124994, 0.746585, 0.279363, 0.603758, -0.002831, -0.32693, -0.636351, 0.698685, -1.2e-05, 0.0, 0.0, 0.0, 1.0],
                [0.660706, -0.700423, -0.269935, 0.124994, 0.637322, 0.333417, 0.694696, -0.002831, -0.396591, -0.631054, 0.666689, -1.2e-05, 0.0, 0.0, 0.0, 1.0],
                [0.744678, -0.649125, -0.155202, 0.124994, 0.491458, 0.375949, 0.78554, -0.002831, -0.451576, -0.661274, 0.598987, -1.2e-05, 0.0, 0.0, 0.0, 1.0],
                [0.815711, -0.575507, -0.05836, 0.124994, 0.33043, 0.380745, 0.86359, -0.002831, -0.474792, -0.723743, 0.500757, -1.2e-05, 0.0, 0.0, 0.0, 1.0],
                [0.867156, -0.498031, 0.002741, 0.124994, 0.185729, 0.328463, 0.926044, -0.002831, -0.462107, -0.802529, 0.377345, -1.2e-05, 0.0, 0.0, 0.0, 1.0],
                [0.903096, -0.42883, 0.022904, 0.124994, 0.078025, 0.216281, 0.97318, -0.002831, -0.422289, -0.877097, 0.228803, -1.2e-05, 0.0, 0.0, 0.0, 1.0],
                [0.930111, -0.36714, 0.010192, 0.124994, 0.010872, 0.055246, 0.99839, -0.002831, -0.367116, -0.928508, 0.0554, -1.2e-05, 0.0, 0.0, 0.0, 1.0],
                [0.951943, -0.305609, -0.020201, 0.124994, -0.022067, -0.134234, 0.990685, -0.002831, -0.305476, -0.942632, -0.134502, -1.2e-05, 0.0, 0.0, 0.0, 1.0],
                [0.969557, -0.239255, -0.052118, 0.124994, -0.029844, -0.326729, 0.944631, -0.002831, -0.243037, -0.914317, -0.323897, -1.2e-05, 0.0, 0.0, 0.0, 1.0],
                [0.982814, -0.168989, -0.074297, 0.124994, -0.020967, -0.502068, 0.864561, -0.002831, -0.183403, -0.848141, -0.496955, -1.2e-05, 0.0, 0.0, 0.0, 1.0],
                [0.991655, -0.099561, -0.081902, 0.124994, -0.0024, -0.649447, 0.760393, -0.002831, -0.128896, -0.753844, -0.644238, -1.2e-05, 0.0, 0.0, 0.0, 1.0],
                [0.996509, -0.03628, -0.075186, 0.124994, 0.020595, -0.765953, 0.642558, -0.002831, -0.080899, -0.641856, -0.762502, -1.2e-05, 0.0, 0.0, 0.0, 1.0],
                [0.998214, 0.016999, -0.057272, 0.124994, 0.04432, -0.85356, 0.5191, -0.002831, -0.040059, -0.520702, -0.852757, -1.2e-05, 0.0, 0.0, 0.0, 1.0],
                [0.997774, 0.058355, -0.032264, 0.124994, 0.066366, -0.916049, 0.395533, -0.002831, -0.006472, -0.396784, -0.91785, -1.2e-05, 0.0, 0.0, 0.0, 1.0],
                [0.996153, 0.087531, -0.004195, 0.124994, 0.085293, -0.957476, 0.275612, -0.002831, 0.02011, -0.274899, -0.961223, -1.2e-05, 0.0, 0.0, 0.0, 1.0],
                [0.994146, 0.105476, 0.023412, 0.124994, 0.100326, -0.981628, 0.162297, -0.002831, 0.040102, -0.158988, -0.986427, -1.2e-05, 0.0, 0.0, 0.0, 1.0],
                [0.992342, 0.113994, 0.047556, 0.124994, 0.11111, -0.992029, 0.059436, -0.002831, 0.053955, -0.053686, -0.997061, -1.2e-05, 0.0, 0.0, 0.0, 1.0],
                [0.991127, 0.115759, 0.065322, 0.124994, 0.11754, -0.992775, -0.02409, -0.002831, 0.062064, 0.031564, -0.997535, -1.2e-05, 0.0, 0.0, 0.0, 1.0],
                [0.990703, 0.115138, 0.072456, 0.124994, 0.119659, -0.99091, -0.061465, -0.002831, 0.064723, 0.069573, -0.995437, -1.2e-05, 0.0, 0.0, 0.0, 1.0]
            ]
        },
        {
            "name": "Leg_R",
            "time": [0.0, 0.0167, 0.0333, 0.05, 0.0667, 0.0833, 0.1, 0.1167, 0.1333, 0.15, 0.1667, 0.1833, 0.2, 0.2167, 0.2333, 0.25, 0.2667, 0.2833, 0.3, 0.3167, 0.3333, 0.35, 0.3667, 0.3833, 0.4, 0.4167, 0.4333, 0.45, 0.4667, 0.4833, 0.5, 0.5167, 0.5333, 0.55, 0.5667, 0.5833, 0.6, 0.6167, 0.6333, 0.65, 0.6667, 0.6833, 0.7, 0.7167, 0.7333, 0.75, 0.7667, 0.7833, 0.8, 0.8167, 0.8333, 0.85, 0.8667, 0.8833, 0.9, 0.9167, 0.9333, 0.95, 0.9667, 0.9833, 1.0],
            "transform": [
                [1.0, -0.000268, -0.000148, 0.0, 0.000295, 0.970946, 0.239293, 0.375166, 7.9e-05, -0.2393, 0.970948, 0.0, 0.0, 0.0, 0.0, 1.0],
                [1.000176, -0.000406, -0.000191, -0.0, 0.000446, 0.9366, 0.362768, 0.375166, 3.2e-05, -0.363459, 0.934862, 0.0, 0.0, 0.0, 0.0, 1.0],
                [1.000707, -0.000654, -0.000322, 0.0, 0.000709, 0.833881, 0.580782, 0.375166, -0.000109, -0.585124, 0.827743, 0.0, 0.0, 0.0, 0.0, 1.0],
                [1.001583, -0.000888, -0.000522, -0.0, 0.000942, 0.674402, 0.781256, 0.375166, -0.000321, -0.794107, 0.663534, -0.0, 0.0, 0.0, 0.0, 1.0],
                [1.002766, -0.00107, -0.00076, -0.0, 0.001103, 0.484898, 0.931035, 0.375166, -0.000563, -0.957268, 0.471643, 0.0, 0.0, 0.0, 0.0, 1.0],
                [1.004182, -0.001194, -0.000989, 0.0, 0.001191, 0.303712, 1.025398, 0.375166, -0.000784, -1.068138, 0.291582, -0.0, 0.0, 0.0, 0.0, 1.0],
                [1.005726, -0.001273, -0.001164, 0.0, 0.001227, 0.1711, 1.078315, 0.375166, -0.00094, -1.138454, 0.162078, 0.0, 0.0, 0.0, 0.0, 1.0],
                [1.00727, -0.001326, -0.001248, 0.0, 0.001236, 0.121208, 1.109027, 0.375166, -0.001, -1.185824, 0.113373, 0.0, 0.0, 0.0, 0.0, 1.0],
                [1.008687, -0.00136, -0.001216, 0.0, 0.001231, 0.179883, 1.124936, 0.375166, -0.000946, -1.216173, 0.166404, 0.0, 0.0, 0.0, 0.0, 1.0],
                [1.009869, -0.001348, -0.001047, 0.0, 0.001191, 0.36869, 1.105312, 0.375166, -0.000765, -1.205521, 0.338067, -0.0, 0.0, 0.0, 0.0, 1.0],
                [1.010746, -0.001456, -0.000994, 0.0, 0.001088, 0.380303, 1.036905, 0.375166, -0.000686, -1.297273, 0.389193, -0.0, 0.0, 0.0, 0.0, 1.0],
                [1.011278, -0.001323, -0.000541, 0.0, 0.000791, 0.757455, 0.776569, 0.375166, -0.000252, -1.176149, 0.76884, 0.0, 0.0, 0.0, 0.0, 1.0],
                [1.011455, -0.000226, -0.000129, 0.0, 0.000274, 1.27125, 0.259622, 0.375166, 0.000116, -0.223417, 1.151022, 0.0, 0.0, 0.0, 0.0, 1.0],
                [1.008687, -0.001027, -0.000372, 0.0, 0.000681, 0.887076, 0.644331, 0.375166, -0.000114, -0.917231, 0.876976, -0.0, 0.0, 0.0, 0.0, 1.0],
                [1.002766, -0.001152, -0.000751, -0.0, 0.001029, 0.44524, 0.880861, 0.375166, -0.000541, -1.026929, 0.467046, 0.0, 0.0, 0.0, 0.0, 1.0],
                [1.0, -0.00016, -0.000127, -0.0, 0.000177, 0.989677, 0.143317, 0.375166, 0.000102, -0.143315, 0.989677, -0.0, 0.0, 0.0, 0.0, 1.0],
                [1.0, -6e-06, -0.000115, -0.0, 7e-06, 0.999987, 0.005373, 0.375166, 0.000115, -0.005362, 0.999987, 0.0, 0.0, 0.0, 0.0, 1.0],
                [1.0, -6e-06, -0.000115, 0.0, 7e-06, 0.999986, 0.005374, 0.375166, 0.000115, -0.005363, 0.999986, 0.0, 0.0, 0.0, 0.0, 1.0],
                [1.0, -6e-06, -0.000115, -0.0, 7e-06, 0.999986, 0.005375, 0.375166, 0.000115, -0.005364, 0.999986, -0.0, 0.0, 0.0, 0.0, 1.0],
                [1.0, -6e-06, -0.000115, 0.0, 7e-06, 0.999986, 0.005375, 0.375166, 0.000115, -0.005364, 0.999987, 0.0, 0.0, 0.0, 0.0, 1.0],
                [1.0, -6e-06, -0.000115, -0.0, 7e-06, 0.999987, 0.005374, 0.375166, 0.000115, -0.005363, 0.999987, 0.0, 0.0, 0.0, 0.0, 1.0],
                [1.0, -6e-06, -0.000115, 0.0, 7e-06, 0.999987, 0.005373, 0.375166, 0.000115, -0.005361, 0.999987, -0.0, 0.0, 0.0, 0.0, 1.0],
                [1.0, -0.000132, -0.000123, -0.0, 0.000146, 0.992967, 0.118396, 0.375166, 0.000106, -0.118393, 0.992967, 0.0, 0.0, 0.0, 0.0, 1.0],
                [1.0, -0.000226, -0.000138, -0.0, 0.00025, 0.979321, 0.202311, 0.375166, 8.9e-05, -0.202314, 0.97932, -0.0, 0.0, 0.0, 0.0, 1.0],
                [1.0, -0.000284, -0.000152, 0.0, 0.000313, 0.967295, 0.253649, 0.375166, 7.5e-05, -0.253657, 0.967295, -0.0, 0.0, 0.0, 0.0, 1.0],
                [1.0, -0.000319, -0.000161, 0.0, 0.000352, 0.958423, 0.285343, 0.375166, 6.4e-05, -0.285353, 0.958423, 0.0, 0.0, 0.0, 0.0, 1.0],
                [1.0, -0.000336, -0.000167, -0.0, 0.000371, 0.953711, 0.300715, 0.375166, 5.8e-05, -0.300727, 0.953712, -0.0, 0.0, 0.0, 0.0, 1.0],
                [1.0, -0.000336, -0.000167, -0.0, 0.000371, 0.953704, 0.300737, 0.375166, 5.8e-05, -0.300749, 0.953705, -0.0, 0.0, 0.0, 0.0, 1.0],
                [1.0, -0.000325, -0.000164, -0.0, 0.000358, 0.956827, 0.290649, 0.375166, 6.2e-05, -0.29066, 0.956828, 0.0, 0.0, 0.0, 0.0, 1.0],
                [1.0, -0.000308, -0.000159, 0.0, 0.00034, 0.961186, 0.275893, 0.375166, 6.7e-05, -0.275903, 0.961186, 0.0, 0.0, 0.0, 0.0, 1.0],
                [1.0, -0.000287, -0.000153, -0.0, 0.000317, 0.966397, 0.257048, 0.375166, 7.3e-05, -0.257057, 0.966397, 0.0, 0.0, 0.0, 0.0, 1.0],
                [1.0, -0.000264, -0.000147, 0.0, 0.000291, 0.971797, 0.235812, 0.375166, 8e-05, -0.235819, 0.971797, -0.0, 0.0, 0.0, 0.0, 1.0],
                [1.0, -0.000241, -0.000141, -0.0, 0.000266, 0.976516, 0.215441, 0.375166, 8.6e-05, -0.215446, 0.976516, -0.0, 0.0, 0.0, 0.0, 1.0],
                [1.0, -0.000224, -0.000138, 0.0, 0.000247, 0.979696, 0.200484, 0.375166, 9e-05, -0.200487, 0.979696, 0.0, 0.0, 0.0, 0.0, 1.0],
                [1.0, -0.000218, -0.000137, -0.0, 0.000241, 0.980739, 0.195317, 0.375166, 9.1e-05, -0.19532, 0.98074, -0.0, 0.0, 0.0, 0.0, 1.0],
                [1.0, -0.000226, -0.000138, 0.0, 0.000249, 0.979411, 0.201873, 0.375166, 9e-05, -0.201877, 0.979411, -0.0, 0.0, 0.0, 0.0, 1.0],
                [1.0, -0.000245, -0.000142, 0.0, 0.00027, 0.975769, 0.218799, 0.375166, 8.5e-05, -0.218805, 0.975769, -0.0, 0.0, 0.0, 0.0, 1.0],
                [1.0, -0.000341, -0.000169, 0.0, 0.000376, 0.952313, 0.305112, 0.375166, 5.6e-05, -0.305125, 0.952314, 0.0, 0.0, 0.0, 0.0, 1.0],
                [1.0, -0.000506, -0.000236, -0.0, 0.000557, 0.892, 0.452019, 0.375166, -1.8e-05, -0.452044, 0.892003, 0.0, 0.0, 0.0, 0.0, 1.0],
                [1.0, -0.000675, -0.000342, -0.0, 0.000744, 0.797317, 0.603539, 0.375166, -0.000135, -0.603575, 0.797325, -0.0, 0.0, 0.0, 0.0, 1.0],
                [0.999999, -0.000827, -0.000481, -0.0, 0.000912, 0.673012, 0.739607, 0.375166, -0.000288, -0.739651, 0.673024, -0.0, 0.0, 0.0, 0.0, 1.0],
                [0.999999, -0.000951, -0.000645, 0.0, 0.001049, 0.52613, 0.85038, 0.375166, -0.000469, -0.850427, 0.526143, -0.0, 0.0, 0.0, 0.0, 1.0],
                [0.999999, -0.001041, -0.000824, 0.0, 0.001148, 0.365617, 0.930742, 0.375166, -0.000668, -0.93079, 0.36563, 0.0, 0.0, 0.0, 0.0, 1.0],
                [0.999999, -0.001095, -0.001007, 0.0, 0.001208, 0.202044, 0.979354, 0.375166, -0.000869, -0.9794, 0.202056, -0.0, 0.0, 0.0, 0.0, 1.0],
                [0.999999, -0.001117, -0.001181, -0.0, 0.001232, 0.046876, 0.998881, 0.375166, -0.00106, -0.998923, 0.046887, -0.0, 0.0, 0.0, 0.0, 1.0],
                [0.999999, -0.001114, -0.001332, 0.0, 0.001228, -0.08842, 0.996064, 0.375166, -0.001227, -0.996102, -0.08841, -0.0, 0.0, 0.0, 0.0, 1.0],
                [0.999998, -0.001097, -0.001449, 0.0, 0.00121, -0.193013, 0.981179, 0.375166, -0.001356, -0.981212, -0.193003, 0.0, 0.0, 0.0, 0.0, 1.0],
                [0.999998, -0.00108, -0.001522, 0.0, 0.001191, -0.25876, 0.965925, 0.375166, -0.001437, -0.965955, -0.25875, -0.0, 0.0, 0.0, 0.0, 1.0],
                [0.999999, -0.001073, -0.001547, -0.0, 0.001184, -0.280404, 0.959866, 0.375166, -0.001464, -0.959895, -0.280394, -0.0, 0.0, 0.0, 0.0, 1.0],
                [0.999998, -0.001081, -0.001519, -0.0, 0.001192, -0.255535, 0.966785, 0.375166, -0.001433, -0.966813, -0.255525, -0.0, 0.0, 0.0, 0.0, 1.0],
                [0.999999, -0.001099, -0.001442, -0.0, 0.001212, -0.186803, 0.982383, 0.375166, -0.001349, -0.982411, -0.186793, -0.0, 0.0, 0.0, 0.0, 1.0],
                [0.999999, -0.001115, -0.001322, -0.0, 0.001229, -0.079682, 0.996805, 0.375166, -0.001217, -0.996836, -0.079672, 0.0, 0.0, 0.0, 0.0, 1.0],
                [0.999999, -0.001116, -0.001169, -0.0, 0.001231, 0.057483, 0.998331, 0.375166, -0.001047, -0.998364, 0.057493, 0.0, 0.0, 0.0, 0.0, 1.0],
                [0.999998, -0.001092, -0.000994, 0.0, 0.001205, 0.213733, 0.976876, 0.375166, -0.000855, -0.976911, 0.213744, -0.0, 0.0, 0.0, 0.0, 1.0],
                [0.999999, -0.001036, -0.000811, 0.0, 0.001142, 0.377498, 0.925993, 0.375166, -0.000653, -0.92603, 0.377511, 0.0, 0.0, 0.0, 0.0, 1.0],
                [0.999999, -0.000943, -0.000632, -0.0, 0.00104, 0.537276, 0.843388, 0.375166, -0.000456, -0.843425, 0.537289, -0.0, 0.0, 0.0, 0.0, 1.0],
                [1.0, -0.000817, -0.00047, 0.0, 0.000901, 0.6825, 0.730866, 0.375166, -0.000277, -0.730902, 0.682513, -0.0, 0.0, 0.0, 0.0, 1.0],
                [1.0, -0.000664, -0.000334, -0.0, 0.000733, 0.804285, 0.594227, 0.375166, -0.000126, -0.594257, 0.804294, -0.0, 0.0, 0.0, 0.0, 1.0],
                [1.0, -0.000497, -0.000232, 0.0, 0.000548, 0.895662, 0.444722, 0.375166, -1.4e-05, -0.444744, 0.895667, 0.0, 0.0, 0.0, 0.0, 1.0],
                [1.0, -0.000342, -0.000169, 0.0, 0.000378, 0.952001, 0.306087, 0.375166, 5.6e-05, -0.306098, 0.952004, 0.0, 0.0, 0.0, 0.0, 1.0],
                [1.0, -0.000268, -0.000148, 0.0, 0.000295, 0.970946, 0.239293, 0.375166, 7.9e-05, -0.2393, 0.970948, 0.0, 0.0, 0.0, 0.0, 1.0]
            ]
        },
        {
            "name": "Knee_R",
            "time": [0.0, 0.0167, 0.0333, 0.05, 0.0667, 0.0833, 0.1, 0.1167, 0.1333, 0.15, 0.1667, 0.1833, 0.2, 0.2167, 0.2333, 0.25, 0.2667, 0.2833, 0.3, 0.3167, 0.3333, 0.35, 0.3667, 0.3833, 0.4, 0.4167, 0.4333, 0.45, 0.4667, 0.4833, 0.5, 0.5167, 0.5333, 0.55, 0.5667, 0.5833, 0.6, 0.6167, 0.6333, 0.65, 0.6667, 0.6833, 0.7, 0.7167, 0.7333, 0.75, 0.7667, 0.7833, 0.8, 0.8167, 0.8333, 0.85, 0.8667, 0.8833, 0.9, 0.9167, 0.9333, 0.95, 0.9667, 0.9833, 1.0],
            "transform": [
                [1.0, -5.7e-05, 5.4e-05, 0.0, 5.7e-05, 0.048757, -0.998811, 0.375166, 5.4e-05, 0.998811, 0.048757, 0.0, 0.0, 0.0, 0.0, 1.0],
                [1.0, -5.7e-05, 5.4e-05, -0.0, 5.7e-05, 0.048757, -0.998811, 0.375166, 5.4e-05, 0.998811, 0.048757, 0.0, 0.0, 0.0, 0.0, 1.0],
                [1.0, -5.7e-05, 5.4e-05, 0.0, 5.7e-05, 0.048757, -0.998811, 0.375166, 5.4e-05, 0.998811, 0.048757, 0.0, 0.0, 0.0, 0.0, 1.0],
                [1.0, -5.7e-05, 5.4e-05, -0.0, 5.7e-05, 0.048757, -0.998811, 0.375166, 5.4e-05, 0.998811, 0.048757, -0.0, 0.0, 0.0, 0.0, 1.0],
                [1.0, -5.7e-05, 5.4e-05, -0.0, 5.7e-05, 0.048757, -0.998811, 0.375166, 5.4e-05, 0.998811, 0.048757, 0.0, 0.0, 0.0, 0.0, 1.0],
                [1.0, -5.7e-05, 5.4e-05, 0.0, 5.7e-05, 0.048757, -0.998811, 0.375166, 5.4e-05, 0.998811, 0.048757, -0.0, 0.0, 0.0, 0.0, 1.0],
                [1.0, -5.7e-05, 5.4e-05, 0.0, 5.7e-05, 0.048757, -0.998811, 0.375166, 5.4e-05, 0.998811, 0.048757, 0.0, 0.0, 0.0, 0.0, 1.0],
                [1.0, -5.7e-05, 5.4e-05, 0.0, 5.7e-05, 0.048757, -0.998811, 0.375166, 5.4e-05, 0.998811, 0.048757, 0.0, 0.0, 0.0, 0.0, 1.0],
                [1.0, -5.7e-05, 5.4e-05, 0.0, 5.7e-05, 0.048757, -0.998811, 0.375166, 5.4e-05, 0.998811, 0.048757, 0.0, 0.0, 0.0, 0.0, 1.0],
                [1.0, -5.7e-05, 5.4e-05, 0.0, 5.7e-05, 0.048757, -0.998811, 0.375166, 5.4e-05, 0.998811, 0.048757, -0.0, 0.0, 0.0, 0.0, 1.0],
                [1.0, -5.7e-05, 5.4e-05, 0.0, 5.7e-05, 0.048757, -0.998811, 0.375166, 5.4e-05, 0.998811, 0.048757, -0.0, 0.0, 0.0, 0.0, 1.0],
                [1.0, -5.7e-05, 5.4e-05, -0.0, 5.7e-05, 0.048757, -0.998811, 0.375166, 5.4e-05, 0.998811, 0.048757, 0.0, 0.0, 0.0, 0.0, 1.0],
                [1.0, -5.7e-05, 5.4e-05, 0.0, 5.7e-05, 0.048757, -0.998811, 0.375166, 5.4e-05, 0.998811, 0.048757, 0.0, 0.0, 0.0, 0.0, 1.0],
                [1.0, -5.7e-05, 5.4e-05, 0.0, 5.7e-05, 0.048757, -0.998811, 0.375166, 5.4e-05, 0.998811, 0.048757, -0.0, 0.0, 0.0, 0.0, 1.0],
                [1.0, -5.7e-05, 5.4e-05, -0.0, 5.7e-05, 0.048757, -0.998811, 0.375166, 5.4e-05, 0.998811, 0.048757, 0.0, 0.0, 0.0, 0.0, 1.0],
                [1.0, -5.7e-05, 5.4e-05, -0.0, 5.7e-05, 0.048757, -0.998811, 0.375166, 5.4e-05, 0.998811, 0.048757, -0.0, 0.0, 0.0, 0.0, 1.0],
                [1.0, -5.7e-05, 5.4e-05, -0.0, 5.7e-05, 0.048757, -0.998811, 0.375166, 5.4e-05, 0.998811, 0.048757, 0.0, 0.0, 0.0, 0.0, 1.0],
                [1.0, -5.7e-05, 5.4e-05, 0.0, 5.7e-05, 0.048757, -0.998811, 0.375166, 5.4e-05, 0.998811, 0.048757, 0.0, 0.0, 0.0, 0.0, 1.0],
                [1.0, -5.7e-05, 5.4e-05, -0.0, 5.7e-05, 0.048757, -0.998811, 0.375166, 5.4e-05, 0.998811, 0.048757, -0.0, 0.0, 0.0, 0.0, 1.0],
                [1.0, -5.7e-05, 5.4e-05, 0.0, 5.7e-05, 0.048757, -0.998811, 0.375166, 5.4e-05, 0.998811, 0.048757, 0.0, 0.0, 0.0, 0.0, 1.0],
                [1.0, -5.7e-05, 5.4e-05, -0.0, 5.7e-05, 0.048757, -0.998811, 0.375166, 5.4e-05, 0.998811, 0.048757, 0.0, 0.0, 0.0, 0.0, 1.0],
                [1.0, -5.7e-05, 5.4e-05, 0.0, 5.7e-05, 0.048757, -0.998811, 0.375166, 5.4e-05, 0.998811, 0.048757, -0.0, 0.0, 0.0, 0.0, 1.0],
                [1.0, -5.7e-05, 5.4e-05, -0.0, 5.7e-05, 0.048757, -0.998811, 0.375166, 5.4e-05, 0.998811, 0.048757, 0.0, 0.0, 0.0, 0.0, 1.0],
                [1.0, -5.7e-05, 5.4e-05, -0.0, 5.7e-05, 0.048757, -0.998811, 0.375166, 5.4e-05, 0.998811, 0.048757, -0.0, 0.0, 0.0, 0.0, 1.0],
                [1.0, -5.7e-05, 5.4e-05, 0.0, 5.7e-05, 0.048757, -0.998811, 0.375166, 5.4e-05, 0.998811, 0.048757, -0.0, 0.0, 0.0, 0.0, 1.0],
                [1.0, -5.7e-05, 5.4e-05, 0.0, 5.7e-05, 0.048757, -0.998811, 0.375166, 5.4e-05, 0.998811, 0.048757, 0.0, 0.0, 0.0, 0.0, 1.0],
                [1.0, -5.7e-05, 5.4e-05, -0.0, 5.7e-05, 0.048757, -0.998811, 0.375166, 5.4e-05, 0.998811, 0.048757, -0.0, 0.0, 0.0, 0.0, 1.0],
                [1.0, -5.7e-05, 5.4e-05, -0.0, 5.7e-05, 0.048757, -0.998811, 0.375166, 5.4e-05, 0.998811, 0.048757, -0.0, 0.0, 0.0, 0.0, 1.0],
                [1.0, -5.7e-05, 5.4e-05, -0.0, 5.7e-05, 0.048757, -0.998811, 0.375166, 5.4e-05, 0.998811, 0.048757, 0.0, 0.0, 0.0, 0.0, 1.0],
                [1.0, -5.7e-05, 5.4e-05, 0.0, 5.7e-05, 0.048757, -0.998811, 0.375166, 5.4e-05, 0.998811, 0.048757, 0.0, 0.0, 0.0, 0.0, 1.0],
                [1.0, -5.7e-05, 5.4e-05, -0.0, 5.7e-05, 0.048757, -0.998811, 0.375166, 5.4e-05, 0.998811, 0.048757, 0.0, 0.0, 0.0, 0.0, 1.0],
                [1.0, -5.7e-05, 5.4e-05, 0.0, 5.7e-05, 0.048757, -0.998811, 0.375166, 5.4e-05, 0.998811, 0.048757, -0.0, 0.0, 0.0, 0.0, 1.0],
                [1.0, -5.7e-05, 5.4e-05, -0.0, 5.7e-05, 0.048757, -0.998811, 0.375166, 5.4e-05, 0.998811, 0.048757, -0.0, 0.0, 0.0, 0.0, 1.0],
                [1.0, -5.7e-05, 5.4e-05, 0.0, 5.7e-05, 0.048757, -0.998811, 0.375166, 5.4e-05, 0.998811, 0.048757, 0.0, 0.0, 0.0, 0.0, 1.0],
                [1.0, -5.7e-05, 5.4e-05, -0.0, 5.7e-05, 0.048757, -0.998811, 0.375166, 5.4e-05, 0.998811, 0.048757, -0.0, 0.0, 0.0, 0.0, 1.0],
                [1.0, -5.7e-05, 5.4e-05, 0.0, 5.7e-05, 0.048757, -0.998811, 0.375166, 5.4e-05, 0.998811, 0.048757, -0.0, 0.0, 0.0, 0.0, 1.0],
                [1.0, -5.7e-05, 5.4e-05, 0.0, 5.7e-05, 0.048757, -0.998811, 0.375166, 5.4e-05, 0.998811, 0.048757, -0.0, 0.0, 0.0, 0.0, 1.0],
                [1.0, -5.7e-05, 5.4e-05, 0.0, 5.7e-05, 0.048757, -0.998811, 0.375166, 5.4e-05, 0.998811, 0.048757, 0.0, 0.0, 0.0, 0.0, 1.0],
                [1.0, -5.7e-05, 5.4e-05, -0.0, 5.7e-05, 0.048757, -0.998811, 0.375166, 5.4e-05, 0.998811, 0.048757, 0.0, 0.0, 0.0, 0.0, 1.0],
                [1.0, -5.7e-05, 5.4e-05, -0.0, 5.7e-05, 0.048757, -0.998811, 0.375166, 5.4e-05, 0.998811, 0.048757, -0.0, 0.0, 0.0, 0.0, 1.0],
                [1.0, -5.7e-05, 5.4e-05, -0.0, 5.7e-05, 0.048757, -0.998811, 0.375166, 5.4e-05, 0.998811, 0.048757, -0.0, 0.0, 0.0, 0.0, 1.0],
                [1.0, -5.7e-05, 5.4e-05, 0.0, 5.7e-05, 0.048757, -0.998811, 0.375166, 5.4e-05, 0.998811, 0.048757, -0.0, 0.0, 0.0, 0.0, 1.0],
                [1.0, -5.7e-05, 5.4e-05, 0.0, 5.7e-05, 0.048757, -0.998811, 0.375166, 5.4e-05, 0.998811, 0.048757, 0.0, 0.0, 0.0, 0.0, 1.0],
                [1.0, -5.7e-05, 5.4e-05, 0.0, 5.7e-05, 0.048757, -0.998811, 0.375166, 5.4e-05, 0.998811, 0.048757, -0.0, 0.0, 0.0, 0.0, 1.0],
                [1.0, -5.7e-05, 5.4e-05, -0.0, 5.7e-05, 0.048757, -0.998811, 0.375166, 5.4e-05, 0.998811, 0.048757, -0.0, 0.0, 0.0, 0.0, 1.0],
                [1.0, -5.7e-05, 5.4e-05, 0.0, 5.7e-05, 0.048757, -0.998811, 0.375166, 5.4e-05, 0.998811, 0.048757, -0.0, 0.0, 0.0, 0.0, 1.0],
                [1.0, -5.7e-05, 5.4e-05, 0.0, 5.7e-05, 0.048757, -0.998811, 0.375166, 5.4e-05, 0.998811, 0.048757, 0.0, 0.0, 0.0, 0.0, 1.0],
                [1.0, -5.7e-05, 5.4e-05, 0.0, 5.7e-05, 0.048757, -0.998811, 0.375166, 5.4e-05, 0.998811, 0.048757, -0.0, 0.0, 0.0, 0.0, 1.0],
                [1.0, -5.7e-05, 5.4e-05, -0.0, 5.7e-05, 0.048757, -0.998811, 0.375166, 5.4e-05, 0.998811, 0.048757, -0.0, 0.0, 0.0, 0.0, 1.0],
                [1.0, -5.7e-05, 5.4e-05, -0.0, 5.7e-05, 0.048757, -0.998811, 0.375166, 5.4e-05, 0.998811, 0.048757, -0.0, 0.0, 0.0, 0.0, 1.0],
                [1.0, -5.7e-05, 5.4e-05, -0.0, 5.7e-05, 0.048757, -0.998811, 0.375166, 5.4e-05, 0.998811, 0.048757, -0.0, 0.0, 0.0, 0.0, 1.0],
                [1.0, -5.7e-05, 5.4e-05, -0.0, 5.7e-05, 0.048757, -0.998811, 0.375166, 5.4e-05, 0.998811, 0.048757, 0.0, 0.0, 0.0, 0.0, 1.0],
                [1.0, -5.7e-05, 5.4e-05, -0.0, 5.7e-05, 0.048757, -0.998811, 0.375166, 5.4e-05, 0.998811, 0.048757, 0.0, 0.0, 0.0, 0.0, 1.0],
                [1.0, -5.7e-05, 5.4e-05, 0.0, 5.7e-05, 0.048757, -0.998811, 0.375166, 5.4e-05, 0.998811, 0.048757, -0.0, 0.0, 0.0, 0.0, 1.0],
                [1.0, -5.7e-05, 5.4e-05, 0.0, 5.7e-05, 0.048757, -0.998811, 0.375166, 5.4e-05, 0.998811, 0.048757, 0.0, 0.0, 0.0, 0.0, 1.0],
                [1.0, -5.7e-05, 5.4e-05, -0.0, 5.7e-05, 0.048757, -0.998811, 0.375166, 5.4e-05, 0.998811, 0.048757, -0.0, 0.0, 0.0, 0.0, 1.0],
                [1.0, -5.7e-05, 5.4e-05, 0.0, 5.7e-05, 0.048757, -0.998811, 0.375166, 5.4e-05, 0.998811, 0.048757, -0.0, 0.0, 0.0, 0.0, 1.0],
                [1.0, -5.7e-05, 5.4e-05, -0.0, 5.7e-05, 0.048757, -0.998811, 0.375166, 5.4e-05, 0.998811, 0.048757, -0.0, 0.0, 0.0, 0.0, 1.0],
                [1.0, -5.7e-05, 5.4e-05, 0.0, 5.7e-05, 0.048757, -0.998811, 0.375166, 5.4e-05, 0.998811, 0.048757, 0.0, 0.0, 0.0, 0.0, 1.0],
                [1.0, -5.7e-05, 5.4e-05, 0.0, 5.7e-05, 0.048757, -0.998811, 0.375166, 5.4e-05, 0.998811, 0.048757, 0.0, 0.0, 0.0, 0.0, 1.0],
                [1.0, -5.7e-05, 5.4e-05, 0.0, 5.7e-05, 0.048757, -0.998811, 0.375166, 5.4e-05, 0.998811, 0.048757, 0.0, 0.0, 0.0, 0.0, 1.0]
            ]
        },
        {
            "name": "Thigh_L",
            "time": [0.0, 0.0167, 0.0333, 0.05, 0.0667, 0.0833, 0.1, 0.1167, 0.1333, 0.15, 0.1667, 0.1833, 0.2, 0.2167, 0.2333, 0.25, 0.2667, 0.2833, 0.3, 0.3167, 0.3333, 0.35, 0.3667, 0.3833, 0.4, 0.4167, 0.4333, 0.45, 0.4667, 0.4833, 0.5, 0.5167, 0.5333, 0.55, 0.5667, 0.5833, 0.6, 0.6167, 0.6333, 0.65, 0.6667, 0.6833, 0.7, 0.7167, 0.7333, 0.75, 0.7667, 0.7833, 0.8, 0.8167, 0.8333, 0.85, 0.8667, 0.8833, 0.9, 0.9167, 0.9333, 0.95, 0.9667, 0.9833, 1.0],
            "transform": [
                [0.958733, -0.063711, -0.277066, -0.125006, 0.040085, -0.934543, 0.353577, -0.002831, -0.281469, -0.350099, -0.893379, -1.2e-05, 0.0, 0.0, 0.0, 1.0],
                [0.958733, -0.063711, -0.277066, -0.125006, 0.040085, -0.934543, 0.353577, -0.002831, -0.281469, -0.350099, -0.893379, -1.2e-05, 0.0, 0.0, 0.0, 1.0],
                [0.958733, -0.063711, -0.277066, -0.125006, 0.040085, -0.934543, 0.353577, -0.002831, -0.28147, -0.350099, -0.893379, -1.2e-05, 0.0, 0.0, 0.0, 1.0],
                [0.958733, -0.063711, -0.277066, -0.125006, 0.040085, -0.934543, 0.353577, -0.002831, -0.28147, -0.350098, -0.893379, -1.2e-05, 0.0, 0.0, 0.0, 1.0],
                [0.958733, -0.063711, -0.277066, -0.125006, 0.040085, -0.934543, 0.353577, -0.002831, -0.28147, -0.350099, -0.893379, -1.2e-05, 0.0, 0.0, 0.0, 1.0],
                [0.958733, -0.063711, -0.277066, -0.125006, 0.040085, -0.934543, 0.353577, -0.002831, -0.281469, -0.350099, -0.893379, -1.2e-05, 0.0, 0.0, 0.0, 1.0],
                [0.958733, -0.063711, -0.277066, -0.125006, 0.040085, -0.934543, 0.353576, -0.002831, -0.28147, -0.350098, -0.893379, -1.2e-05, 0.0, 0.0, 0.0, 1.0],
                [0.958733, -0.063711, -0.277066, -0.125006, 0.040085, -0.934543, 0.353576, -0.002831, -0.28147, -0.350098, -0.893379, -1.2e-05, 0.0, 0.0, 0.0, 1.0],
