{
    "animation": [
        {
            "name": "Root",
            "time": [0.0, 0.0167, 0.0333, 0.05, 0.0667, 0.0833, 0.1, 0.1167, 0.1333, 0.15, 0.1667, 0.1833, 0.2, 0.2167, 0.2333, 0.25, 0.2667, 0.2833, 0.3, 0.3167, 0.3333, 0.35, 0.3667, 0.3833, 0.4, 0.4167, 0.4333, 0.45, 0.4667, 0.4833, 0.5, 0.5167, 0.5333, 0.55, 0.5667, 0.5833, 0.6],
            "transform": [
                [0.997526, 0.0, 0.070304, -5e-06, 0.070304, 0.0, -0.997526, 0.000946, 0.0, 1.0, 0.0, 0.561197, 0.0, 0.0, 0.0, 1.0],
                [0.997526, 0.0, 0.070304, -5e-06, 0.070304, 0.0, -0.997526, 0.000946, 0.0, 1.0, 0.0, 0.560358, 0.0, 0.0, 0.0, 1.0],
                [0.997526, 0.0, 0.070304, -5e-06, 0.070304, 0.0, -0.997526, 0.000946, 0.0, 1.0, 0.0, 0.557825, 0.0, 0.0, 0.0, 1.0],
                [0.997526, 0.0, 0.070304, -5e-06, 0.070304, 0.0, -0.997526, 0.000946, 0.0, 1.0, 0.0, 0.553647, 0.0, 0.0, 0.0, 1.0],
                [0.997526, 0.0, 0.070304, -5e-06, 0.070304, 0.0, -0.997526, 0.000946, 0.0, 1.0, 0.0, 0.548009, 0.0, 0.0, 0.0, 1.0],
                [0.997526, 0.0, 0.070304, -5e-06, 0.070304, 0.0, -0.997526, 0.000946, 0.0, 1.0, 0.0, 0.541258, 0.0, 0.0, 0.0, 1.0],
                [0.997526, 0.0, 0.070304, -5e-06, 0.070304, 0.0, -0.997526, 0.000946, 0.0, 1.0, 0.0, 0.533899, 0.0, 0.0, 0.0, 1.0],
                [0.997526, 0.0, 0.070304, -5e-06, 0.070304, 0.0, -0.997526, 0.000946, 0.0, 1.0, 0.0, 0.52654, 0.0, 0.0, 0.0, 1.0],
                [0.997526, 0.0, 0.070304, -5e-06, 0.070304, 0.0, -0.997526, 0.000946, 0.0, 1.0, 0.0, 0.519788, 0.0, 0.0, 0.0, 1.0],
                [0.997526, 0.0, 0.070304, -5e-06, 0.070304, 0.0, -0.997526, 0.000946, 0.0, 1.0, 0.0, 0.51415, 0.0, 0.0, 0.0, 1.0],
                [0.997526, 0.0, 0.070304, -5e-06, 0.070304, 0.0, -0.997526, 0.000946, 0.0, 1.0, 0.0, 0.509973, 0.0, 0.0, 0.0, 1.0],
                [0.997526, 0.0, 0.070304, -5e-06, 0.070304, 0.0, -0.997526, 0.000946, 0.0, 1.0, 0.0, 0.507439, 0.0, 0.0, 0.0, 1.0],
                [0.997526, 0.0, 0.070304, -5e-06, 0.070304, 0.0, -0.997526, 0.000946, 0.0, 1.0, 0.0, 0.5066, 0.0, 0.0, 0.0, 1.0],
                [0.997526, 0.0, 0.070304, -5e-06, 0.070304, 0.0, -0.997526, 0.000946, 0.0, 1.0, 0.0, 0.510974, 0.0, 0.0, 0.0, 1.0],
                [0.997526, 0.0, 0.070304, -5e-06, 0.070304, 0.0, -0.997526, 0.000946, 0.0, 1.0, 0.0, 0.522023, 0.0, 0.0, 0.0, 1.0],
                [0.997526, 0.0, 0.070304, -5e-06, 0.070304, 0.0, -0.997526, 0.000946, 0.0, 1.0, 0.0, 0.535966, 0.0, 0.0, 0.0, 1.0],
                [0.997526, 0.0, 0.070304, -5e-06, 0.070304, 0.0, -0.997526, 0.000946, 0.0, 1.0, 0.0, 0.548952, 0.0, 0.0, 0.0, 1.0],
                [0.997526, 0.0, 0.070304, -5e-06, 0.070304, 0.0, -0.997526, 0.000946, 0.0, 1.0, 0.0, 0.55797, 0.0, 0.0, 0.0, 1.0],
                [0.997526, 0.0, 0.070304, -5e-06, 0.070304, 0.0, -0.997526, 0.000946, 0.0, 1.0, 0.0, 0.561197, 0.0, 0.0, 0.0, 1.0],
                [0.997526, 0.0, 0.070304, -5e-06, 0.070304, 0.0, -0.997526, 0.000946, 0.0, 1.0, 0.0, 0.559655, 0.0, 0.0, 0.0, 1.0],
                [0.997526, 0.0, 0.070304, -5e-06, 0.070304, 0.0, -0.997526, 0.000946, 0.0, 1.0, 0.0, 0.556739, 0.0, 0.0, 0.0, 1.0],
                [0.997526, 0.0, 0.070304, -5e-06, 0.070304, 0.0, -0.997526, 0.000946, 0.0, 1.0, 0.0, 0.553372, 0.0, 0.0, 0.0, 1.0],
                [0.997526, 0.0, 0.070304, -5e-06, 0.070304, 0.0, -0.997526, 0.000946, 0.0, 1.0, 0.0, 0.54988, 0.0, 0.0, 0.0, 1.0],
                [0.997526, 0.0, 0.070304, -5e-06, 0.070304, 0.0, -0.997526, 0.000946, 0.0, 1.0, 0.0, 0.546438, 0.0, 0.0, 0.0, 1.0],
                [0.997526, 0.0, 0.070304, -5e-06, 0.070304, 0.0, -0.997526, 0.000946, 0.0, 1.0, 0.0, 0.54316, 0.0, 0.0, 0.0, 1.0],
                [0.997526, 0.0, 0.070304, -5e-06, 0.070304, 0.0, -0.997526, 0.000946, 0.0, 1.0, 0.0, 0.540136, 0.0, 0.0, 0.0, 1.0],
                [0.997526, 0.0, 0.070304, -5e-06, 0.070304, 0.0, -0.997526, 0.000946, 0.0, 1.0, 0.0, 0.537449, 0.0, 0.0, 0.0, 1.0],
                [0.997526, 0.0, 0.070304, -5e-06, 0.070304, 0.0, -0.997526, 0.000946, 0.0, 1.0, 0.0, 0.535179, 0.0, 0.0, 0.0, 1.0],
                [0.997526, 0.0, 0.070304, -5e-06, 0.070304, 0.0, -0.997526, 0.000946, 0.0, 1.0, 0.0, 0.533417, 0.0, 0.0, 0.0, 1.0],
                [0.997526, 0.0, 0.070304, -5e-06, 0.070304, 0.0, -0.997526, 0.000946, 0.0, 1.0, 0.0, 0.532264, 0.0, 0.0, 0.0, 1.0],
                [0.997526, 0.0, 0.070304, -5e-06, 0.070304, 0.0, -0.997526, 0.000946, 0.0, 1.0, 0.0, 0.531847, 0.0, 0.0, 0.0, 1.0],
                [0.997526, 0.0, 0.070304, -5e-06, 0.070304, 0.0, -0.997526, 0.000946, 0.0, 1.0, 0.0, 0.534198, 0.0, 0.0, 0.0, 1.0],
                [0.997526, 0.0, 0.070304, -5e-06, 0.070304, 0.0, -0.997526, 0.000946, 0.0, 1.0, 0.0, 0.540138, 0.0, 0.0, 0.0, 1.0],
                [0.997526, 0.0, 0.070304, -5e-06, 0.070304, 0.0, -0.997526, 0.000946, 0.0, 1.0, 0.0, 0.547633, 0.0, 0.0, 0.0, 1.0],
                [0.997526, 0.0, 0.070304, -5e-06, 0.070304, 0.0, -0.997526, 0.000946, 0.0, 1.0, 0.0, 0.554615, 0.0, 0.0, 0.0, 1.0],
                [0.997526, 0.0, 0.070304, -5e-06, 0.070304, 0.0, -0.997526, 0.000946, 0.0, 1.0, 0.0, 0.559462, 0.0, 0.0, 0.0, 1.0],
                [0.997526, 0.0, 0.070304, -5e-06, 0.070304, 0.0, -0.997526, 0.000946, 0.0, 1.0, 0.0, 0.561197, 0.0, 0.0, 0.0, 1.0],
                [0.997526, 0.0, 0.070304, -5e-06, 0.070304, 0.0, -0.997526, 0.000946, 0.0, 1.0, 0.0, 0.561197, 0.0, 0.0, 0.0, 1.0]
            ]
        },
        {
            "name": "Thigh_R",
            "time": [0.0, 0.0167, 0.0333, 0.05, 0.0667, 0.0833, 0.1, 0.1167, 0.1333, 0.15, 0.1667, 0.1833, 0.2, 0.2167, 0.2333, 0.25, 0.2667, 0.2833, 0.3, 0.3167, 0.3333, 0.35, 0.3667, 0.3833, 0.4, 0.4167, 0.4333, 0.45, 0.4667, 0.4833, 0.5, 0.5167, 0.5333, 0.55, 0.5667, 0.5833, 0.6],
            "transform": [
                [0.999843, 0.015665, -0.008269, 0.124994, 0.015997, -0.598027, 0.801306, -0.002831, 0.007607, -0.801303, -0.598159, -1.2e-05, 0.0, 0.0, 0.0, 1.0],
                [0.999837, 0.018054, 0.000314, 0.124994, 0.011576, -0.654233, 0.756194, -0.002831, 0.013858, -0.756056, -0.654312, -1.2e-05, 0.0, 0.0, 0.0, 1.0],
                [0.999646, 0.017487, 0.020041, 0.124994, 0.002478, -0.81143, 0.584434, -0.002831, 0.026483, -0.584161, -0.811164, -1.2e-05, 0.0, 0.0, 0.0, 1.0],
                [0.999298, 0.004048, 0.03725, 0.124994, -0.00546, -0.967789, 0.251677, -0.002831, 0.03707, -0.251681, -0.967067, -1.2e-05, 0.0, 0.0, 0.0, 1.0],
                [0.99899, -0.016746, 0.041698, 0.124994, -0.010579, -0.989523, -0.143904, -0.002831, 0.043672, 0.143345, -0.988681, -1.2e-05, 0.0, 0.0, 0.0, 1.0],
                [0.998792, -0.033683, 0.035772, 0.124994, -0.013213, -0.885356, -0.46469, -0.002831, 0.047324, 0.463687, -0.884711, -1.2e-05, 0.0, 0.0, 0.0, 1.0],
                [0.9987, -0.041371, 0.029782, 0.124994, -0.013818, -0.782078, -0.622994, -0.002831, 0.049067, 0.621805, -0.781611, -1.2e-05, 0.0, 0.0, 0.0, 1.0],
                [0.998656, -0.043429, 0.028288, 0.124994, -0.013449, -0.744247, -0.667736, -0.002831, 0.050054, 0.66649, -0.743809, -1.2e-05, 0.0, 0.0, 0.0, 1.0],
                [0.998619, -0.044703, 0.02761, 0.124994, -0.012909, -0.718125, -0.695762, -0.002831, 0.050932, 0.694477, -0.717689, -1.2e-05, 0.0, 0.0, 0.0, 1.0],
                [0.998587, -0.045262, 0.027834, 0.124994, -0.012229, -0.705539, -0.708533, -0.002831, 0.051709, 0.707224, -0.705074, -1.2e-05, 0.0, 0.0, 0.0, 1.0],
                [0.99856, -0.045307, 0.028709, 0.124994, -0.011458, -0.703077, -0.710989, -0.002831, 0.0524, 0.709669, -0.702562, -1.2e-05, 0.0, 0.0, 0.0, 1.0],
                [0.998537, -0.045107, 0.029825, 0.124994, -0.010657, -0.704889, -0.709204, -0.002831, 0.053015, 0.707881, -0.704318, -1.2e-05, 0.0, 0.0, 0.0, 1.0],
                [0.998516, -0.04489, 0.030842, 0.124994, -0.009885, -0.706246, -0.707864, -0.002831, 0.053561, 0.706541, -0.705621, -1.2e-05, 0.0, 0.0, 0.0, 1.0],
                [0.998431, -0.04169, 0.03738, 0.124994, -0.011854, -0.809817, -0.586527, -0.002831, 0.054725, 0.585196, -0.809022, -1.2e-05, 0.0, 0.0, 0.0, 1.0],
                [0.998176, -0.037628, 0.047219, 0.124994, -0.01934, -0.940102, -0.340294, -0.002831, 0.057198, 0.338791, -0.939098, -1.2e-05, 0.0, 0.0, 0.0, 1.0],
                [0.997628, -0.034009, 0.059844, 0.124994, -0.032015, -0.998898, -0.033945, -0.002831, 0.060934, 0.031976, -0.997603, -1.2e-05, 0.0, 0.0, 0.0, 1.0],
                [0.99664, -0.026813, 0.077394, 0.124994, -0.048843, -0.953061, 0.298781, -0.002831, 0.065752, -0.301534, -0.951155, -1.2e-05, 0.0, 0.0, 0.0, 1.0],
                [0.995158, -0.010423, 0.097729, 0.124994, -0.067837, -0.792361, 0.606256, -0.002831, 0.07112, -0.609932, -0.789217, -1.2e-05, 0.0, 0.0, 0.0, 1.0],
                [0.993397, 0.014289, 0.113832, 0.124994, -0.085892, -0.565154, 0.820491, -0.002831, 0.076059, -0.824838, -0.560177, -1.2e-05, 0.0, 0.0, 0.0, 1.0],
                [0.99202, 0.047987, 0.116589, 0.124994, -0.09737, -0.295884, 0.950235, -0.002831, 0.080099, -0.953997, -0.28883, -1.2e-05, 0.0, 0.0, 0.0, 1.0],
                [0.990935, 0.075542, 0.111085, 0.124994, -0.10486, -0.081957, 0.991085, -0.002831, 0.083975, -0.993751, -0.073269, -1.2e-05, 0.0, 0.0, 0.0, 1.0],
                [0.990402, 0.085523, 0.108573, 0.124994, -0.107442, -0.017781, 0.994028, -0.002831, 0.086946, -0.996164, -0.008397, -1.2e-05, 0.0, 0.0, 0.0, 1.0],
                [0.9907, 0.081552, 0.108912, 0.124994, -0.103661, -0.066137, 0.992384, -0.002831, 0.088137, -0.994463, -0.057044, -1.2e-05, 0.0, 0.0, 0.0, 1.0],
                [0.992111, 0.070875, 0.103398, 0.124994, -0.091225, -0.15759, 0.983253, -0.002831, 0.085986, -0.984952, -0.149857, -1.2e-05, 0.0, 0.0, 0.0, 1.0],
                [0.994589, 0.061424, 0.083782, 0.124994, -0.068105, -0.223523, 0.972287, -0.002831, 0.078452, -0.972757, -0.218106, -1.2e-05, 0.0, 0.0, 0.0, 1.0],
                [0.996854, 0.053487, 0.058489, 0.124994, -0.041759, -0.27281, 0.961132, -0.002831, 0.067367, -0.960576, -0.269694, -1.2e-05, 0.0, 0.0, 0.0, 1.0],
                [0.998496, 0.044959, 0.031368, 0.124994, -0.014304, -0.338748, 0.94074, -0.002831, 0.052923, -0.939799, -0.33757, -1.2e-05, 0.0, 0.0, 0.0, 1.0],
                [0.99929, 0.03755, 0.003226, 0.124994, 0.012495, -0.41084, 0.911594, -0.002831, 0.035557, -0.910931, -0.410991, -1.2e-05, 0.0, 0.0, 0.0, 1.0],
                [0.999096, 0.031388, -0.028662, 0.124994, 0.04017, -0.476704, 0.878118, -0.002831, 0.013899, -0.878501, -0.477508, -1.2e-05, 0.0, 0.0, 0.0, 1.0],
                [0.996957, 0.024401, -0.074032, 0.124994, 0.075836, -0.523366, 0.848699, -0.002831, -0.018038, -0.851757, -0.523598, -1.2e-05, 0.0, 0.0, 0.0, 1.0],
                [0.98555, 0.007315, -0.16922, 0.124994, 0.146478, -0.538516, 0.829759, -0.002831, -0.085061, -0.842582, -0.531779, -1.2e-05, 0.0, 0.0, 0.0, 1.0],
                [0.973078, -0.04268, -0.226481, 0.124994, 0.18599, -0.434941, 0.881016, -0.002831, -0.136113, -0.899443, -0.415267, -1.2e-05, 0.0, 0.0, 0.0, 1.0],
                [0.993278, -0.029204, -0.112008, 0.124994, 0.096228, -0.329525, 0.939208, -0.002831, -0.06434, -0.943687, -0.32447, -1.2e-05, 0.0, 0.0, 0.0, 1.0],
                [0.998698, -0.003611, -0.050876, 0.124994, 0.046715, -0.335704, 0.94079, -0.002831, -0.020478, -0.941948, -0.33507, -1.2e-05, 0.0, 0.0, 0.0, 1.0],
                [0.999644, 0.009818, -0.024818, 0.124994, 0.026609, -0.43904, 0.898059, -0.002831, -0.002079, -0.898398, -0.439118, -1.2e-05, 0.0, 0.0, 0.0, 1.0],
                [0.999817, 0.014717, -0.012228, 0.124994, 0.018324, -0.552381, 0.833379, -0.002831, 0.00551, -0.833443, -0.552524, -1.2e-05, 0.0, 0.0, 0.0, 1.0],
                [0.999843, 0.015665, -0.008269, 0.124994, 0.015997, -0.598027, 0.801306, -0.002831, 0.007607, -0.801303, -0.598159, -1.2e-05, 0.0, 0.0, 0.0, 1.0],
                [0.999843, 0.015665, -0.008269, 0.124994, 0.015997, -0.598027, 0.801306, -0.002831, 0.007607, -0.801303, -0.598159, -1.2e-05, 0.0, 0.0, 0.0, 1.0]
            ]
        },
        {
            "name": "Leg_R",
            "time": [0.0, 0.0167, 0.0333, 0.05, 0.0667, 0.0833, 0.1, 0.1167, 0.1333, 0.15, 0.1667, 0.1833, 0.2, 0.2167, 0.2333, 0.25, 0.2667, 0.2833, 0.3, 0.3167, 0.3333, 0.35, 0.3667, 0.3833, 0.4, 0.4167, 0.4333, 0.45, 0.4667, 0.4833, 0.5, 0.5167, 0.5333, 0.55, 0.5667, 0.5833, 0.6],
            "transform": [
                [0.999998, -0.001095, -0.001461, 0.0, 0.001208, -0.203262, 0.97911, 0.375166, -0.001369, -0.979136, -0.203252, -0.0, 0.0, 0.0, 0.0, 1.0],
                [0.999998, -0.001094, -0.001464, 0.0, 0.001207, -0.206709, 0.978388, 0.375166, -0.001373, -0.978415, -0.206699, 0.0, 0.0, 0.0, 0.0, 1.0],
                [0.999998, -0.001103, -0.00142, 0.0, 0.001216, -0.166948, 0.985951, 0.375166, -0.001324, -0.985979, -0.166938, -0.0, 0.0, 0.0, 0.0, 1.0],
                [0.999999, -0.001118, -0.001208, 0.0, 0.001233, 0.02252, 0.99973, 0.375166, -0.001091, -0.999764, 0.02253, -0.0, 0.0, 0.0, 0.0, 1.0],
                [0.999999, -0.001037, -0.000815, 0.0, 0.001144, 0.374021, 0.927402, 0.375166, -0.000657, -0.927441, 0.374034, 0.0, 0.0, 0.0, 0.0, 1.0],
                [1.0, -0.000769, -0.000422, 0.0, 0.000849, 0.725643, 0.688051, 0.375166, -0.000223, -0.688087, 0.725654, -0.0, 0.0, 0.0, 0.0, 1.0],
                [1.0, -0.000516, -0.000241, 0.0, 0.000569, 0.887137, 0.46149, 0.375166, -2.4e-05, -0.461513, 0.887143, -0.0, 0.0, 0.0, 0.0, 1.0],
                [1.0, -0.000437, -0.000204, -0.0, 0.000481, 0.92065, 0.390377, 0.375166, 1.7e-05, -0.390395, 0.920653, 0.0, 0.0, 0.0, 0.0, 1.0],
                [1.0, -0.000387, -0.000184, -0.0, 0.000427, 0.938071, 0.346432, 0.375166, 3.9e-05, -0.346447, 0.938074, -0.0, 0.0, 0.0, 0.0, 1.0],
                [1.0, -0.000371, -0.000179, 0.0, 0.00041, 0.943235, 0.332114, 0.375166, 4.5e-05, -0.332128, 0.943238, 0.0, 0.0, 0.0, 0.0, 1.0],
                [1.0, -0.000378, -0.000181, -0.0, 0.000417, 0.941191, 0.337865, 0.375166, 4.3e-05, -0.33788, 0.941193, 0.0, 0.0, 0.0, 0.0, 1.0],
                [1.0, -0.00039, -0.000185, 0.0, 0.000431, 0.93708, 0.349103, 0.375166, 3.7e-05, -0.349118, 0.937083, 0.0, 0.0, 0.0, 0.0, 1.0],
                [1.0, -0.000397, -0.000188, -0.0, 0.000437, 0.935022, 0.354579, 0.375166, 3.5e-05, -0.354594, 0.935025, 0.0, 0.0, 0.0, 0.0, 1.0],
                [1.0, -0.000673, -0.00034, -0.0, 0.000743, 0.798374, 0.602142, 0.375166, -0.000134, -0.602174, 0.798384, -0.0, 0.0, 0.0, 0.0, 1.0],
                [0.999999, -0.000992, -0.000718, 0.0, 0.001094, 0.461131, 0.887313, 0.375166, -0.00055, -0.887353, 0.461144, 0.0, 0.0, 0.0, 0.0, 1.0],
                [0.999999, -0.001116, -0.001158, 0.0, 0.001231, 0.066875, 0.997745, 0.375166, -0.001036, -0.99778, 0.066886, 0.0, 0.0, 0.0, 0.0, 1.0],
                [0.999998, -0.00108, -0.001523, 0.0, 0.001191, -0.259111, 0.965833, 0.375166, -0.001438, -0.965859, -0.259101, -0.0, 0.0, 0.0, 0.0, 1.0],
                [0.999998, -0.000994, -0.001745, 0.0, 0.001097, -0.457673, 0.889109, 0.375166, -0.001683, -0.889127, -0.457661, 0.0, 0.0, 0.0, 0.0, 1.0],
                [0.999998, -0.000947, -0.001828, 0.0, 0.001044, -0.531946, 0.846769, 0.375166, -0.001774, -0.846783, -0.531934, -0.0, 0.0, 0.0, 0.0, 1.0],
                [0.999998, -0.000963, -0.001801, -0.0, 0.001062, -0.507919, 0.861394, 0.375166, -0.001745, -0.86141, -0.507908, 0.0, 0.0, 0.0, 0.0, 1.0],
                [0.999998, -0.001047, -0.001626, 0.0, 0.001155, -0.351554, 0.936154, 0.375166, -0.001552, -0.936177, -0.351544, -0.0, 0.0, 0.0, 0.0, 1.0],
                [0.999998, -0.001116, -0.00131, 0.0, 0.00123, -0.068537, 0.997633, 0.375166, -0.001203, -0.997664, -0.068527, 0.0, 0.0, 0.0, 0.0, 1.0],
                [0.999999, -0.001079, -0.000941, 0.0, 0.00119, 0.261214, 0.965264, 0.375166, -0.000796, -0.965301, 0.261226, -0.0, 0.0, 0.0, 0.0, 1.0],
                [0.999999, -0.000949, -0.000642, -0.0, 0.001047, 0.528501, 0.848913, 0.375166, -0.000466, -0.848951, 0.528514, 0.0, 0.0, 0.0, 0.0, 1.0],
                [0.999999, -0.00085, -0.000506, -0.0, 0.000937, 0.649969, 0.759941, 0.375166, -0.000317, -0.759978, 0.649981, 0.0, 0.0, 0.0, 0.0, 1.0],
                [0.999999, -0.0008, -0.000452, -0.0, 0.000882, 0.699034, 0.715069, 0.375166, -0.000256, -0.715104, 0.699045, 0.0, 0.0, 0.0, 0.0, 1.0],
                [1.0, -0.000723, -0.00038, -0.0, 0.000797, 0.763108, 0.646252, 0.375166, -0.000177, -0.646284, 0.763118, 0.0, 0.0, 0.0, 0.0, 1.0],
                [1.0, -0.000624, -0.000305, 0.0, 0.000688, 0.830003, 0.557742, 0.375166, -9.5e-05, -0.55777, 0.83001, -0.0, 0.0, 0.0, 0.0, 1.0],
                [1.0, -0.000518, -0.000242, 0.0, 0.000571, 0.88619, 0.463307, 0.375166, -2.5e-05, -0.463329, 0.886195, 0.0, 0.0, 0.0, 0.0, 1.0],
                [1.0, -0.000435, -0.000203, 0.0, 0.00048, 0.921284, 0.388879, 0.375166, 1.8e-05, -0.388896, 0.921287, 0.0, 0.0, 0.0, 0.0, 1.0],
                [1.0, -0.000413, -0.000194, -0.0, 0.000456, 0.929167, 0.36965, 0.375166, 2.8e-05, -0.369665, 0.92917, -0.0, 0.0, 0.0, 0.0, 1.0],
                [1.0, -0.000728, -0.000385, -0.0, 0.000803, 0.759016, 0.651053, 0.375166, -0.000182, -0.651086, 0.759025, 0.0, 0.0, 0.0, 0.0, 1.0],
                [0.999999, -0.001021, -0.000778, 0.0, 0.001126, 0.407171, 0.913334, 0.375166, -0.000616, -0.913371, 0.407184, 0.0, 0.0, 0.0, 0.0, 1.0],
                [0.999999, -0.001115, -0.001145, -0.0, 0.00123, 0.078502, 0.996898, 0.375166, -0.001021, -0.996931, 0.078512, -0.0, 0.0, 0.0, 0.0, 1.0],
                [0.999998, -0.001111, -0.001363, -0.0, 0.001225, -0.116465, 0.99318, 0.375166, -0.001262, -0.993209, -0.116455, -0.0, 0.0, 0.0, 0.0, 1.0],
                [0.999998, -0.001098, -0.001445, -0.0, 0.001211, -0.189459, 0.981874, 0.375166, -0.001352, -0.981901, -0.189449, 0.0, 0.0, 0.0, 0.0, 1.0],
                [0.999998, -0.001095, -0.001461, 0.0, 0.001208, -0.203262, 0.97911, 0.375166, -0.001369, -0.979136, -0.203252, -0.0, 0.0, 0.0, 0.0, 1.0],
                [0.999998, -0.001095, -0.001461, 0.0, 0.001208, -0.203262, 0.97911, 0.375166, -0.001369, -0.979136, -0.203252, -0.0, 0.0, 0.0, 0.0, 1.0]
            ]
        },
        {
            "name": "Knee_R",
            "time": [0.0, 0.0167, 0.0333, 0.05, 0.0667, 0.0833, 0.1, 0.1167, 0.1333, 0.15, 0.1667, 0.1833, 0.2, 0.2167, 0.2333, 0.25, 0.2667, 0.2833, 0.3, 0.3167, 0.3333, 0.35, 0.3667, 0.3833, 0.4, 0.4167, 0.4333, 0.45, 0.4667, 0.4833, 0.5, 0.5167, 0.5333, 0.55, 0.5667, 0.5833, 0.6],
            "transform": [
                [1.0, -5.7e-05, 5.4e-05, 0.0, 5.7e-05, 0.048757, -0.998811, 0.375166, 5.4e-05, 0.998811, 0.048757, -0.0, 0.0, 0.0, 0.0, 1.0],
                [1.0, -5.7e-05, 5.4e-05, 0.0, 5.7e-05, 0.048757, -0.998811, 0.375166, 5.4e-05, 0.998811, 0.048757, 0.0, 0.0, 0.0, 0.0, 1.0],
                [1.0, -5.7e-05, 5.4e-05, 0.0, 5.7e-05, 0.048757, -0.998811, 0.375166, 5.4e-05, 0.998811, 0.048757, -0.0, 0.0, 0.0, 0.0, 1.0],
                [1.0, -5.7e-05, 5.4e-05, 0.0, 5.7e-05, 0.048757, -0.998811, 0.375166, 5.4e-05, 0.998811, 0.048757, -0.0, 0.0, 0.0, 0.0, 1.0],
                [1.0, -5.7e-05, 5.4e-05, 0.0, 5.7e-05, 0.048757, -0.998811, 0.375166, 5.4e-05, 0.998811, 0.048757, 0.0, 0.0, 0.0, 0.0, 1.0],
                [1.0, -5.7e-05, 5.4e-05, 0.0, 5.7e-05, 0.048757, -0.998811, 0.375166, 5.4e-05, 0.998811, 0.048757, -0.0, 0.0, 0.0, 0.0, 1.0],
                [1.0, -5.7e-05, 5.4e-05, 0.0, 5.7e-05, 0.048757, -0.998811, 0.375166, 5.4e-05, 0.998811, 0.048757, -0.0, 0.0, 0.0, 0.0, 1.0],
                [1.0, -5.7e-05, 5.4e-05, -0.0, 5.7e-05, 0.048757, -0.998811, 0.375166, 5.4e-05, 0.998811, 0.048757, 0.0, 0.0, 0.0, 0.0, 1.0],
                [1.0, -5.7e-05, 5.4e-05, -0.0, 5.7e-05, 0.048757, -0.998811, 0.375166, 5.4e-05, 0.998811, 0.048757, -0.0, 0.0, 0.0, 0.0, 1.0],
                [1.0, -5.7e-05, 5.4e-05, 0.0, 5.7e-05, 0.048757, -0.998811, 0.375166, 5.4e-05, 0.998811, 0.048757, 0.0, 0.0, 0.0, 0.0, 1.0],
                [1.0, -5.7e-05, 5.4e-05, -0.0, 5.7e-05, 0.048757, -0.998811, 0.375166, 5.4e-05, 0.998811, 0.048757, 0.0, 0.0, 0.0, 0.0, 1.0],
                [1.0, -5.7e-05, 5.4e-05, 0.0, 5.7e-05, 0.048757, -0.998811, 0.375166, 5.4e-05, 0.998811, 0.048757, 0.0, 0.0, 0.0, 0.0, 1.0],
                [1.0, -5.7e-05, 5.4e-05, -0.0, 5.7e-05, 0.048757, -0.998811, 0.375166, 5.4e-05, 0.998811, 0.048757, 0.0, 0.0, 0.0, 0.0, 1.0],
                [1.0, -5.7e-05, 5.4e-05, -0.0, 5.7e-05, 0.048757, -0.998811, 0.375166, 5.4e-05, 0.998811, 0.048757, -0.0, 0.0, 0.0, 0.0, 1.0],
                [1.0, -5.7e-05, 5.4e-05, 0.0, 5.7e-05, 0.048757, -0.998811, 0.375166, 5.4e-05, 0.998811, 0.048757, 0.0, 0.0, 0.0, 0.0, 1.0],
                [1.0, -5.7e-05, 5.4e-05, 0.0, 5.7e-05, 0.048757, -0.998811, 0.375166, 5.4e-05, 0.998811, 0.048757, 0.0, 0.0, 0.0, 0.0, 1.0],
                [1.0, -5.7e-05, 5.4e-05, 0.0, 5.7e-05, 0.048757, -0.998811, 0.375166, 5.4e-05, 0.998811, 0.048757, -0.0, 0.0, 0.0, 0.0, 1.0],
                [1.0, -5.7e-05, 5.4e-05, 0.0, 5.7e-05, 0.048757, -0.998811, 0.375166, 5.4e-05, 0.998811, 0.048757, 0.0, 0.0, 0.0, 0.0, 1.0],
                [1.0, -5.7e-05, 5.4e-05, 0.0, 5.7e-05, 0.048757, -0.998811, 0.375166, 5.4e-05, 0.998811, 0.048757, -0.0, 0.0, 0.0, 0.0, 1.0],
                [1.0, -5.7e-05, 5.4e-05, -0.0, 5.7e-05, 0.048757, -0.998811, 0.375166, 5.4e-05, 0.998811, 0.048757, 0.0, 0.0, 0.0, 0.0, 1.0],
                [1.0, -5.7e-05, 5.4e-05, 0.0, 5.7e-05, 0.048757, -0.998811, 0.375166, 5.4e-05, 0.998811, 0.048757, -0.0, 0.0, 0.0, 0.0, 1.0],
                [1.0, -5.7e-05, 5.4e-05, 0.0, 5.7e-05, 0.048757, -0.998811, 0.375166, 5.4e-05, 0.998811, 0.048757, 0.0, 0.0, 0.0, 0.0, 1.0],
                [1.0, -5.7e-05, 5.4e-05, 0.0, 5.7e-05, 0.048757, -0.998811, 0.375166, 5.4e-05, 0.998811, 0.048757, -0.0, 0.0, 0.0, 0.0, 1.0],
                [1.0, -5.7e-05, 5.4e-05, -0.0, 5.7e-05, 0.048757, -0.998811, 0.375166, 5.4e-05, 0.998811, 0.048757, 0.0, 0.0, 0.0, 0.0, 1.0],
                [1.0, -5.7e-05, 5.4e-05, -0.0, 5.7e-05, 0.048757, -0.998811, 0.375166, 5.4e-05, 0.998811, 0.048757, 0.0, 0.0, 0.0, 0.0, 1.0],
                [1.0, -5.7e-05, 5.4e-05, -0.0, 5.7e-05, 0.048757, -0.998811, 0.375166, 5.4e-05, 0.998811, 0.048757, 0.0, 0.0, 0.0, 0.0, 1.0],
                [1.0, -5.7e-05, 5.4e-05, -0.0, 5.7e-05, 0.048757, -0.998811, 0.375166, 5.4e-05, 0.998811, 0.048757, 0.0, 0.0, 0.0, 0.0, 1.0],
                [1.0, -5.7e-05, 5.4e-05, 0.0, 5.7e-05, 0.048757, -0.998811, 0.375166, 5.4e-05, 0.998811, 0.048757, -0.0, 0.0, 0.0, 0.0, 1.0],
                [1.0, -5.7e-05, 5.4e-05, 0.0, 5.7e-05, 0.048757, -0.998811, 0.375166, 5.4e-05, 0.998811, 0.048757, 0.0, 0.0, 0.0, 0.0, 1.0],
                [1.0, -5.7e-05, 5.4e-05, 0.0, 5.7e-05, 0.048757, -0.998811, 0.375166, 5.4e-05, 0.998811, 0.048757, 0.0, 0.0, 0.0, 0.0, 1.0],
                [1.0, -5.7e-05, 5.4e-05, -0.0, 5.7e-05, 0.048757, -0.998811, 0.375166, 5.4e-05, 0.998811, 0.048757, -0.0, 0.0, 0.0, 0.0, 1.0],
                [1.0, -5.7e-05, 5.4e-05, -0.0, 5.7e-05, 0.048757, -0.998811, 0.375166, 5.4e-05, 0.998811, 0.048757, 0.0, 0.0, 0.0, 0.0, 1.0],
                [1.0, -5.7e-05, 5.4e-05, 0.0, 5.7e-05, 0.048757, -0.998811, 0.375166, 5.4e-05, 0.998811, 0.048757, 0.0, 0.0, 0.0, 0.0, 1.0],
                [1.0, -5.7e-05, 5.4e-05, -0.0, 5.7e-05, 0.048757, -0.998811, 0.375166, 5.4e-05, 0.998811, 0.048757, -0.0, 0.0, 0.0, 0.0, 1.0],
                [1.0, -5.7e-05, 5.4e-05, -0.0, 5.7e-05, 0.048757, -0.998811, 0.375166, 5.4e-05, 0.998811, 0.048757, -0.0, 0.0, 0.0, 0.0, 1.0],
                [1.0, -5.7e-05, 5.4e-05, -0.0, 5.7e-05, 0.048757, -0.998811, 0.375166, 5.4e-05, 0.998811, 0.048757, 0.0, 0.0, 0.0, 0.0, 1.0],
                [1.0, -5.7e-05, 5.4e-05, 0.0, 5.7e-05, 0.048757, -0.998811, 0.375166, 5.4e-05, 0.998811, 0.048757, -0.0, 0.0, 0.0, 0.0, 1.0],
                [1.0, -5.7e-05, 5.4e-05, 0.0, 5.7e-05, 0.048757, -0.998811, 0.375166, 5.4e-05, 0.998811, 0.048757, -0.0, 0.0, 0.0, 0.0, 1.0]
            ]
        },
        {
            "name": "Thigh_L",
            "time": [0.0, 0.0167, 0.0333, 0.05, 0.0667, 0.0833, 0.1, 0.1167, 0.1333, 0.15, 0.1667, 0.1833, 0.2, 0.2167, 0.2333, 0.25, 0.2667, 0.2833, 0.3, 0.3167, 0.3333, 0.35, 0.3667, 0.3833, 0.4, 0.4167, 0.4333, 0.45, 0.4667, 0.4833, 0.5, 0.5167, 0.5333, 0.55, 0.5667, 0.5833, 0.6],
            "transform": [
                [0.995506, 0.033484, -0.088576, -0.125006, 0.092069, -0.56102, 0.822653, -0.002831, -0.022148, -0.827096, -0.56156, -1.2e-05, 0.0, 0.0, 0.0, 1.0],
                [0.994476, 0.027476, -0.101304, -0.125006, 0.102455, -0.463911, 0.879924, -0.002831, -0.02282, -0.885428, -0.464141, -1.2e-05, 0.0, 0.0, 0.0, 1.0],
                [0.990749, 0.002787, -0.135678, -0.125006, 0.133444, -0.201895, 0.970255, -0.002831, -0.02469, -0.97938, -0.200373, -1.2e-05, 0.0, 0.0, 0.0, 1.0],
                [0.983468, -0.029011, -0.178739, -0.125006, 0.179125, 0.011048, 0.983737, -0.002831, -0.026566, -0.999499, 0.016091, -1.2e-05, 0.0, 0.0, 0.0, 1.0],
                [0.974691, -0.028256, -0.221753, -0.125006, 0.22209, 0.009039, 0.97495, -0.002831, -0.025545, -0.999548, 0.015114, -1.2e-05, 0.0, 0.0, 0.0, 1.0],
                [0.970386, 0.01156, -0.241272, -0.125006, 0.240841, -0.123238, 0.962672, -0.002831, -0.018607, -0.992304, -0.122346, -1.2e-05, 0.0, 0.0, 0.0, 1.0],
                [0.97368, 0.045247, -0.223375, -0.125006, 0.227851, -0.217412, 0.949075, -0.002831, -0.005622, -0.975028, -0.221974, -1.2e-05, 0.0, 0.0, 0.0, 1.0],
                [0.984476, 0.064653, -0.163172, -0.125006, 0.175027, -0.291917, 0.940254, -0.002831, 0.013158, -0.954253, -0.298676, -1.2e-05, 0.0, 0.0, 0.0, 1.0],
                [0.993699, 0.076107, -0.082272, -0.125006, 0.107279, -0.433374, 0.894768, -0.002831, 0.032444, -0.897994, -0.438782, -1.2e-05, 0.0, 0.0, 0.0, 1.0],
                [0.997749, 0.066598, -0.007863, -0.125006, 0.046512, -0.602773, 0.796518, -0.002831, 0.048309, -0.795128, -0.604486, -1.2e-05, 0.0, 0.0, 0.0, 1.0],
                [0.998225, 0.046351, 0.03739, -0.125006, 0.00121, -0.643529, 0.765385, -0.002831, 0.05954, -0.764016, -0.642414, -1.2e-05, 0.0, 0.0, 0.0, 1.0],
                [0.997392, 0.029542, 0.065849, -0.125006, -0.02839, -0.67826, 0.734238, -0.002831, 0.066357, -0.734227, -0.675622, -1.2e-05, 0.0, 0.0, 0.0, 1.0],
                [0.996605, 0.024593, 0.078567, -0.125006, -0.044446, -0.642617, 0.764864, -0.002831, 0.069303, -0.765791, -0.63931, -1.2e-05, 0.0, 0.0, 0.0, 1.0],
                [0.996746, 0.03932, 0.070358, -0.125006, -0.044501, -0.459383, 0.887093, -0.002831, 0.067205, -0.887362, -0.456103, -1.2e-05, 0.0, 0.0, 0.0, 1.0],
                [0.997201, 0.044129, 0.060346, -0.125006, -0.039575, -0.373261, 0.926855, -0.002831, 0.063429, -0.926667, -0.370434, -1.2e-05, 0.0, 0.0, 0.0, 1.0],
                [0.997738, 0.044343, 0.050522, -0.125006, -0.03231, -0.34277, 0.93884, -0.002831, 0.058951, -0.938359, -0.340527, -1.2e-05, 0.0, 0.0, 0.0, 1.0],
                [0.998225, 0.040886, 0.043294, -0.125006, -0.024916, -0.373595, 0.927237, -0.002831, 0.054088, -0.926673, -0.37188, -1.2e-05, 0.0, 0.0, 0.0, 1.0],
                [0.998597, 0.034567, 0.040118, -0.125006, -0.019461, -0.465046, 0.885056, -0.002831, 0.049253, -0.884591, -0.46369, -1.2e-05, 0.0, 0.0, 0.0, 1.0],
                [0.998845, 0.025565, 0.040674, -0.125006, -0.017287, -0.598692, 0.80078, -0.002831, 0.044825, -0.800547, -0.597529, -1.2e-05, 0.0, 0.0, 0.0, 1.0],
                [0.998998, 0.012254, 0.043043, -0.125006, -0.018184, -0.767673, 0.640572, -0.002831, 0.040894, -0.640695, -0.766654, -1.2e-05, 0.0, 0.0, 0.0, 1.0],
                [0.999067, -0.005407, 0.042854, -0.125006, -0.021556, -0.922165, 0.386177, -0.002831, 0.037432, -0.386717, -0.921395, -1.2e-05, 0.0, 0.0, 0.0, 1.0],
                [0.999063, -0.023237, 0.036497, -0.125006, -0.026401, -0.995691, 0.08879, -0.002831, 0.034278, -0.089641, -0.995346, -1.2e-05, 0.0, 0.0, 0.0, 1.0],
                [0.999011, -0.03701, 0.024629, -0.125006, -0.031613, -0.980924, -0.191735, -0.002831, 0.031257, 0.1908, -0.981097, -1.2e-05, 0.0, 0.0, 0.0, 1.0],
                [0.998942, -0.044771, 0.01047, -0.125006, -0.036286, -0.90749, -0.418461, -0.002831, 0.028237, 0.417674, -0.908126, -1.2e-05, 0.0, 0.0, 0.0, 1.0],
                [0.998894, -0.04701, -0.001228, -0.125006, -0.039742, -0.829921, -0.556426, -0.002831, 0.02514, 0.555895, -0.830841, -1.2e-05, 0.0, 0.0, 0.0, 1.0],
                [0.998862, -0.046581, -0.010201, -0.125006, -0.042285, -0.766338, -0.641009, -0.002831, 0.022043, 0.640747, -0.767404, -1.2e-05, 0.0, 0.0, 0.0, 1.0],
                [0.998835, -0.043794, -0.020274, -0.125006, -0.044344, -0.667127, -0.743589, -0.002831, 0.019041, 0.743657, -0.668258, -1.2e-05, 0.0, 0.0, 0.0, 1.0],
                [0.998854, -0.041832, -0.023275, -0.125006, -0.045105, -0.659524, -0.750295, -0.002831, 0.016037, 0.75052, -0.660622, -1.2e-05, 0.0, 0.0, 0.0, 1.0],
                [0.998951, -0.038546, -0.024723, -0.125006, -0.04392, -0.653573, -0.755554, -0.002831, 0.012966, 0.755883, -0.654548, -1.2e-05, 0.0, 0.0, 0.0, 1.0],
                [0.999135, -0.035136, -0.022216, -0.125006, -0.040398, -0.694644, -0.718183, -0.002831, 0.009803, 0.718496, -0.695432, -1.2e-05, 0.0, 0.0, 0.0, 1.0],
                [0.999387, -0.029706, -0.018499, -0.125006, -0.034378, -0.734416, -0.677791, -0.002831, 0.006549, 0.67805, -0.734958, -1.2e-05, 0.0, 0.0, 0.0, 1.0],
                [0.999777, -0.019759, -0.007462, -0.125006, -0.020968, -0.885898, -0.463361, -0.002831, 0.002545, 0.463452, -0.88609, -1.2e-05, 0.0, 0.0, 0.0, 1.0],
                [0.999997, 0.000821, -0.002368, -0.125006, 0.000509, -0.991628, -0.129013, -0.002831, -0.002454, 0.129046, -0.991604, -1.2e-05, 0.0, 0.0, 0.0, 1.0],
                [0.999559, 0.025541, -0.015153, -0.125006, 0.028462, -0.969519, 0.243314, -0.002831, -0.008477, -0.243609, -0.969799, -1.2e-05, 0.0, 0.0, 0.0, 1.0],
                [0.998179, 0.039514, -0.045586, -0.125006, 0.058465, -0.819966, 0.569403, -0.002831, -0.01488, -0.571008, -0.820763, -1.2e-05, 0.0, 0.0, 0.0, 1.0],
                [0.996377, 0.037503, -0.076322, -0.125006, 0.082632, -0.639, 0.764742, -0.002831, -0.020091, -0.768261, -0.639764, -1.2e-05, 0.0, 0.0, 0.0, 1.0],
                [0.995506, 0.033484, -0.088576, -0.125006, 0.092069, -0.56102, 0.822653, -0.002831, -0.022148, -0.827096, -0.56156, -1.2e-05, 0.0, 0.0, 0.0, 1.0],
                [0.995506, 0.033484, -0.088576, -0.125006, 0.092069, -0.56102, 0.822653, -0.002831, -0.022148, -0.827096, -0.56156, -1.2e-05, 0.0, 0.0, 0.0, 1.0]
            ]
        },
        {
            "name": "Leg_L",
            "time": [0.0, 0.0167, 0.0333, 0.05, 0.0667, 0.0833, 0.1, 0.1167, 0.1333, 0.15, 0.1667, 0.1833, 0.2, 0.2167, 0.2333, 0.25, 0.2667, 0.2833, 0.3, 0.3167, 0.3333, 0.35, 0.3667, 0.3833, 0.4, 0.4167, 0.4333, 0.45, 0.4667, 0.4833, 0.5, 0.5167, 0.5333, 0.55, 0.5667, 0.5833, 0.6],
            "transform": [
                [1.0, 2e-06, 4e-06, 0.0, -3e-06, -0.53179, 0.846865, 0.375166, 4e-06, -0.846883, -0.531778, 0.0, 0.0, 0.0, 0.0, 1.0],
                [1.0, 2e-06, 4e-06, 0.0, -3e-06, -0.536962, 0.843595, 0.375166, 4e-06, -0.843613, -0.53695, -0.0, 0.0, 0.0, 0.0, 1.0],
                [1.0, 2e-06, 4e-06, 0.0, -3e-06, -0.485503, 0.874223, 0.375166, 4e-06, -0.874243, -0.485492, 0.0, 0.0, 0.0, 0.0, 1.0],
                [1.0, 2e-06, 4e-06, -0.0, -3e-06, -0.240459, 0.970642, 0.375166, 3e-06, -0.970675, -0.240449, 0.0, 0.0, 0.0, 0.0, 1.0],
                [1.0, 2e-06, 3e-06, -0.0, -3e-06, 0.206525, 0.978422, 0.375166, 2e-06, -0.978466, 0.206537, 0.0, 0.0, 0.0, 0.0, 1.0],
                [1.0, 2e-06, 2e-06, -0.0, -2e-06, 0.637786, 0.77019, 0.375166, 0.0, -0.770235, 0.637801, 0.0, 0.0, 0.0, 0.0, 1.0],
                [1.0, 1e-06, 1e-06, -0.0, -2e-06, 0.812242, 0.5833, 0.375166, -0.0, -0.583335, 0.812251, -0.0, 0.0, 0.0, 0.0, 1.0],
                [1.0, 1e-06, 1e-06, -0.0, -2e-06, 0.869397, 0.494095, 0.375166, -0.0, -0.494124, 0.869404, 0.0, 0.0, 0.0, 0.0, 1.0],
                [1.0, 1e-06, 1e-06, -0.0, -1e-06, 0.955874, 0.293767, 0.375166, -1e-06, -0.293779, 0.955876, -0.0, 0.0, 0.0, 0.0, 1.0],
                [1.0, 0.0, 1e-06, 0.0, -0.0, 0.999987, 0.00536, 0.375166, -1e-06, -0.005345, 0.999986, 0.0, 0.0, 0.0, 0.0, 1.0],
                [1.0, 0.0, 1e-06, -0.0, -0.0, 0.999987, 0.005366, 0.375166, -1e-06, -0.005352, 0.999986, -0.0, 0.0, 0.0, 0.0, 1.0],
                [1.0, 0.0, 1e-06, -0.0, -0.0, 0.999987, 0.005364, 0.375166, -1e-06, -0.00535, 0.999986, -0.0, 0.0, 0.0, 0.0, 1.0],
                [1.0, 0.0, 1e-06, 0.0, -1e-06, 0.984101, 0.177608, 0.375166, -1e-06, -0.17761, 0.984101, -0.0, 0.0, 0.0, 0.0, 1.0],
                [1.0, 2e-06, 1e-06, -0.0, -2e-06, 0.734587, 0.678492, 0.375166, 0.0, -0.678533, 0.734599, 0.0, 0.0, 0.0, 0.0, 1.0],
                [1.0, 2e-06, 2e-06, 0.0, -3e-06, 0.455955, 0.889981, 0.375166, 1e-06, -0.890027, 0.45597, -0.0, 0.0, 0.0, 0.0, 1.0],
                [1.0, 2e-06, 3e-06, -0.0, -3e-06, 0.193083, 0.981163, 0.375166, 2e-06, -0.981206, 0.193096, 0.0, 0.0, 0.0, 0.0, 1.0],
                [1.0, 2e-06, 3e-06, -0.0, -3e-06, -0.016525, 0.999846, 0.375166, 2e-06, -0.999884, -0.016515, -0.0, 0.0, 0.0, 0.0, 1.0],
                [1.0, 2e-06, 3e-06, 0.0, -3e-06, -0.150929, 0.988528, 0.375166, 3e-06, -0.988562, -0.150919, 0.0, 0.0, 0.0, 0.0, 1.0],
                [1.0, 2e-06, 4e-06, -0.0, -3e-06, -0.203268, 0.979107, 0.375166, 3e-06, -0.979139, -0.203258, -0.0, 0.0, 0.0, 0.0, 1.0],
                [1.0, 2e-06, 4e-06, 0.0, -3e-06, -0.170632, 0.985318, 0.375166, 3e-06, -0.985352, -0.170622, 0.0, 0.0, 0.0, 0.0, 1.0],
                [1.0, 2e-06, 3e-06, -0.0, -3e-06, -0.022414, 0.999731, 0.375166, 2e-06, -0.99977, -0.022404, -0.0, 0.0, 0.0, 0.0, 1.0],
                [1.0, 2e-06, 3e-06, -0.0, -3e-06, 0.232048, 0.972685, 0.375166, 2e-06, -0.97273, 0.232061, 0.0, 0.0, 0.0, 0.0, 1.0],
                [1.0, 2e-06, 2e-06, 0.0, -3e-06, 0.527884, 0.849293, 0.375166, 1e-06, -0.849341, 0.5279, 0.0, 0.0, 0.0, 0.0, 1.0],
                [1.0, 1e-06, 1e-06, 0.0, -2e-06, 0.776853, 0.629659, 0.375166, -0.0, -0.629699, 0.776865, -0.0, 0.0, 0.0, 0.0, 1.0],
                [1.0, 1e-06, 1e-06, 0.0, -1e-06, 0.906907, 0.421314, 0.375166, -0.0, -0.421338, 0.906913, -0.0, 0.0, 0.0, 0.0, 1.0],
                [1.0, 1e-06, 1e-06, 0.0, -1e-06, 0.965647, 0.259851, 0.375166, -1e-06, -0.25986, 0.965648, 0.0, 0.0, 0.0, 0.0, 1.0],
                [1.0, 0.0, 1e-06, -0.0, -0.0, 0.999987, 0.005355, 0.375166, -1e-06, -0.00534, 0.999986, -0.0, 0.0, 0.0, 0.0, 1.0],
                [1.0, 0.0, 1e-06, 0.0, -0.0, 0.999987, 0.005356, 0.375166, -1e-06, -0.005342, 0.999986, -0.0, 0.0, 0.0, 0.0, 1.0],
                [1.0, 0.0, 1e-06, 0.0, -0.0, 0.999987, 0.005356, 0.375166, -1e-06, -0.005341, 0.999986, 0.0, 0.0, 0.0, 0.0, 1.0],
                [1.0, 0.0, 1e-06, 0.0, -0.0, 0.991435, 0.130604, 0.375166, -1e-06, -0.130601, 0.991435, -0.0, 0.0, 0.0, 0.0, 1.0],
                [1.0, 1e-06, 1e-06, 0.0, -1e-06, 0.966514, 0.256606, 0.375166, -1e-06, -0.256615, 0.966516, 0.0, 0.0, 0.0, 0.0, 1.0],
                [1.0, 2e-06, 1e-06, -0.0, -2e-06, 0.730562, 0.682822, 0.375166, 0.0, -0.682866, 0.730576, -0.0, 0.0, 0.0, 0.0, 1.0],
                [1.0, 2e-06, 2e-06, -0.0, -3e-06, 0.281283, 0.959604, 0.375166, 2e-06, -0.959651, 0.281297, 0.0, 0.0, 0.0, 0.0, 1.0],
                [1.0, 2e-06, 3e-06, 0.0, -3e-06, -0.140219, 0.990102, 0.375166, 3e-06, -0.990139, -0.140209, -0.0, 0.0, 0.0, 0.0, 1.0],
                [1.0, 2e-06, 4e-06, 0.0, -3e-06, -0.400484, 0.916289, 0.375166, 4e-06, -0.916315, -0.400473, -0.0, 0.0, 0.0, 0.0, 1.0],
                [1.0, 2e-06, 4e-06, 0.0, -3e-06, -0.507874, 0.861419, 0.375166, 4e-06, -0.861439, -0.507862, 0.0, 0.0, 0.0, 0.0, 1.0],
                [1.0, 2e-06, 4e-06, 0.0, -3e-06, -0.53179, 0.846865, 0.375166, 4e-06, -0.846883, -0.531778, 0.0, 0.0, 0.0, 0.0, 1.0],
                [1.0, 2e-06, 4e-06, 0.0, -3e-06, -0.53179, 0.846865, 0.375166, 4e-06, -0.846883, -0.531778, 0.0, 0.0, 0.0, 0.0, 1.0]
            ]
        },
        {
            "name": "Knee_L",
            "time": [0.0, 0.0167, 0.0333, 0.05, 0.0667, 0.0833, 0.1, 0.1167, 0.1333, 0.15, 0.1667, 0.1833, 0.2, 0.2167, 0.2333, 0.25, 0.2667, 0.2833, 0.3, 0.3167, 0.3333, 0.35, 0.3667, 0.3833, 0.4, 0.4167, 0.4333, 0.45, 0.4667, 0.4833, 0.5, 0.5167, 0.5333, 0.55, 0.5667, 0.5833, 0.6],
            "transform": [
                [1.0, 0.0, -0.0, 0.0, -0.0, 0.048757, -0.998811, 0.375166, -0.0, 0.998811, 0.048757, 0.0, 0.0, 0.0, 0.0, 1.0],
                [1.0, 0.0, -0.0, 0.0, -0.0, 0.048757, -0.998811, 0.375166, -0.0, 0.998811, 0.048757, -0.0, 0.0, 0.0, 0.0, 1.0],
                [1.0, 0.0, -0.0, 0.0, -0.0, 0.048757, -0.998811, 0.375166, -0.0, 0.998811, 0.048757, 0.0, 0.0, 0.0, 0.0, 1.0],
                [1.0, 0.0, -0.0, -0.0, -0.0, 0.048757, -0.998811, 0.375166, -0.0, 0.998811, 0.048757, 0.0, 0.0, 0.0, 0.0, 1.0],
                [1.0, 0.0, -0.0, -0.0, -0.0, 0.048757, -0.998811, 0.375166, -0.0, 0.998811, 0.048757, 0.0, 0.0, 0.0, 0.0, 1.0],
                [1.0, 0.0, -0.0, -0.0, -0.0, 0.048757, -0.998811, 0.375166, -0.0, 0.998811, 0.048757, 0.0, 0.0, 0.0, 0.0, 1.0],
                [1.0, 0.0, -0.0, -0.0, -0.0, 0.048757, -0.998811, 0.375166, -0.0, 0.998811, 0.048757, -0.0, 0.0, 0.0, 0.0, 1.0],
                [1.0, 0.0, -0.0, -0.0, -0.0, 0.048757, -0.998811, 0.375166, -0.0, 0.998811, 0.048757, 0.0, 0.0, 0.0, 0.0, 1.0],
                [1.0, 0.0, -0.0, -0.0, -0.0, 0.048757, -0.998811, 0.375166, -0.0, 0.998811, 0.048757, -0.0, 0.0, 0.0, 0.0, 1.0],
                [1.0, 0.0, -0.0, 0.0, -0.0, 0.048757, -0.998811, 0.375166, -0.0, 0.998811, 0.048757, 0.0, 0.0, 0.0, 0.0, 1.0],
                [1.0, 0.0, -0.0, -0.0, -0.0, 0.048757, -0.998811, 0.375166, -0.0, 0.998811, 0.048757, -0.0, 0.0, 0.0, 0.0, 1.0],
                [1.0, 0.0, -0.0, -0.0, -0.0, 0.048757, -0.998811, 0.375166, -0.0, 0.998811, 0.048757, -0.0, 0.0, 0.0, 0.0, 1.0],
                [1.0, 0.0, -0.0, 0.0, -0.0, 0.048757, -0.998811, 0.375166, -0.0, 0.998811, 0.048757, -0.0, 0.0, 0.0, 0.0, 1.0],
                [1.0, 0.0, -0.0, -0.0, -0.0, 0.048757, -0.998811, 0.375166, -0.0, 0.998811, 0.048757, 0.0, 0.0, 0.0, 0.0, 1.0],
                [1.0, 0.0, -0.0, 0.0, -0.0, 0.048757, -0.998811, 0.375166, -0.0, 0.998811, 0.048757, -0.0, 0.0, 0.0, 0.0, 1.0],
                [1.0, 0.0, -0.0, -0.0, -0.0, 0.048757, -0.998811, 0.375166, -0.0, 0.998811, 0.048757, 0.0, 0.0, 0.0, 0.0, 1.0],
                [1.0, 0.0, -0.0, -0.0, -0.0, 0.048757, -0.998811, 0.375166, -0.0, 0.998811, 0.048757, -0.0, 0.0, 0.0, 0.0, 1.0],
                [1.0, 0.0, -0.0, 0.0, -0.0, 0.048757, -0.998811, 0.375166, -0.0, 0.998811, 0.048757, 0.0, 0.0, 0.0, 0.0, 1.0],
                [1.0, 0.0, -0.0, -0.0, -0.0, 0.048757, -0.998811, 0.375166, -0.0, 0.998811, 0.048757, -0.0, 0.0, 0.0, 0.0, 1.0],
                [1.0, 0.0, -0.0, 0.0, -0.0, 0.048757, -0.998811, 0.375166, -0.0, 0.998811, 0.048757, 0.0, 0.0, 0.0, 0.0, 1.0],
                [1.0, 0.0, -0.0, -0.0, -0.0, 0.048757, -0.998811, 0.375166, -0.0, 0.998811, 0.048757, -0.0, 0.0, 0.0, 0.0, 1.0],
                [1.0, 0.0, -0.0, -0.0, -0.0, 0.048757, -0.998811, 0.375166, -0.0, 0.998811, 0.048757, 0.0, 0.0, 0.0, 0.0, 1.0],
                [1.0, 0.0, -0.0, 0.0, -0.0, 0.048757, -0.998811, 0.375166, -0.0, 0.998811, 0.048757, 0.0, 0.0, 0.0, 0.0, 1.0],
                [1.0, 0.0, -0.0, 0.0, -0.0, 0.048757, -0.998811, 0.375166, -0.0, 0.998811, 0.048757, -0.0, 0.0, 0.0, 0.0, 1.0],
                [1.0, 0.0, -0.0, 0.0, -0.0, 0.048757, -0.998811, 0.375166, -0.0, 0.998811, 0.048757, -0.0, 0.0, 0.0, 0.0, 1.0],
                [1.0, 0.0, -0.0, 0.0, -0.0, 0.048757, -0.998811, 0.375166, -0.0, 0.998811, 0.048757, 0.0, 0.0, 0.0, 0.0, 1.0],
                [1.0, 0.0, -0.0, -0.0, -0.0, 0.048757, -0.998811, 0.375166, -0.0, 0.998811, 0.048757, -0.0, 0.0, 0.0, 0.0, 1.0],
                [1.0, 0.0, -0.0, 0.0, -0.0, 0.048757, -0.998811, 0.375166, -0.0, 0.998811, 0.048757, -0.0, 0.0, 0.0, 0.0, 1.0],
                [1.0, 0.0, -0.0, 0.0, -0.0, 0.048757, -0.998811, 0.375166, -0.0, 0.998811, 0.048757, 0.0, 0.0, 0.0, 0.0, 1.0],
