{
    "animation": [
        {
            "name": "Root",
            "time": [0.0, 0.0167, 0.0333, 0.05, 0.0667, 0.0833, 0.1, 0.1167, 0.1333, 0.15, 0.1667, 0.1833, 0.2, 0.2167, 0.2333, 0.25, 0.2667, 0.2833, 0.3, 0.3167, 0.3333, 0.35, 0.3667, 0.3833, 0.4, 0.4167, 0.4333, 0.45, 0.4667, 0.4833, 0.5, 0.5167, 0.5333, 0.55, 0.5667, 0.5833, 0.6, 0.6167, 0.6333, 0.65, 0.6667, 0.6833, 0.7, 0.7167, 0.7333, 0.75, 0.7667, 0.7833, 0.8, 0.8167, 0.8333, 0.85, 0.8667, 0.8833, 0.9, 0.9167, 0.9333, 0.95, 0.9667, 0.9833, 1.0],
            "transform": [
                [0.900842, 0.0, -0.434148, -5e-06, -0.434148, 0.0, -0.900842, -0.015222, 0.0, 1.0, 0.0, 0.724815, 0.0, 0.0, 0.0, 1.0],
                [0.890769, 0.008689, -0.454373, 0.006043, -0.453927, -0.031214, -0.890492, -0.026433, -0.02192, 0.999475, -0.023861, 0.724151, 0.0, 0.0, 0.0, 1.0],
                [0.85693, 0.030269, -0.514543, 0.020857, -0.507504, -0.124864, -0.852554, -0.060421, -0.090054, 0.991712, -0.091637, 0.718814, 0.0, 0.0, 0.0, 1.0],
                [0.794643, 0.050293, -0.60499, 0.033881, -0.572753, -0.268237, -0.774598, -0.112306, -0.201238, 0.962039, -0.184347, 0.700638, 0.0, 0.0, 0.0, 1.0],
                [0.710532, 0.052845, -0.701678, 0.033766, -0.619715, -0.425349, -0.659569, -0.166512, -0.333313, 0.903485, -0.269475, 0.667696, 0.0, 0.0, 0.0, 1.0],
                [0.625941, 0.036517, -0.779015, 0.019994, -0.636118, -0.553975, -0.537091, -0.20652, -0.451167, 0.831732, -0.323527, 0.633779, 0.0, 0.0, 0.0, 1.0],
                [0.561923, 0.014477, -0.827063, 0.002579, -0.63458, -0.633823, -0.442241, -0.229107, -0.530614, 0.773342, -0.346973, 0.618602, 0.0, 0.0, 0.0, 1.0],
                [0.528031, -0.0, -0.849225, -0.008667, -0.633312, -0.666223, -0.393781, -0.24049, -0.565773, 0.745753, -0.351786, 0.633638, 0.0, 0.0, 0.0, 1.0],
                [0.6603, -0.006277, -0.750975, -0.010941, -0.55586, -0.676494, -0.483089, -0.248828, -0.504998, 0.736421, -0.450178, 0.707125, 0.0, 0.0, 0.0, 1.0],
                [0.973258, -0.003058, -0.229692, 0.001224, -0.169256, -0.68558, -0.708048, -0.256097, -0.155307, 0.72799, -0.667765, 0.856514, 0.0, 0.0, 0.0, 1.0],
                [0.777146, 0.008391, 0.629265, 0.020808, 0.463686, -0.683681, -0.563539, -0.248148, 0.425488, 0.729733, -0.53521, 1.04624, 0.0, 0.0, 0.0, 1.0],
                [0.282601, 0.00798, 0.959204, 0.02184, 0.710013, -0.67412, -0.203576, -0.23412, 0.644995, 0.738578, -0.196173, 1.195631, 0.0, 0.0, 0.0, 1.0],
                [0.110122, -0.0, 0.993918, 0.015245, 0.741217, -0.666222, -0.082124, -0.226302, 0.66217, 0.745753, -0.073366, 1.250287, 0.0, 0.0, 0.0, 1.0],
                [0.111886, -0.010207, 0.993669, 0.00772, 0.747329, -0.658206, -0.090909, -0.221307, 0.654966, 0.752769, -0.066016, 1.253245, 0.0, 0.0, 0.0, 1.0],
                [0.122675, -0.022089, 0.992201, -0.000995, 0.752801, -0.649405, -0.107533, -0.217269, 0.646716, 0.760122, -0.063037, 1.252516, 0.0, 0.0, 0.0, 1.0],
                [0.140811, -0.035206, 0.98941, -0.010589, 0.757431, -0.639728, -0.130559, -0.213804, 0.63755, 0.767795, -0.063415, 1.248917, 0.0, 0.0, 0.0, 1.0],
                [0.16509, -0.049211, 0.98505, -0.020819, 0.76092, -0.629075, -0.158954, -0.210606, 0.627493, 0.775785, -0.066408, 1.243054, 0.0, 0.0, 0.0, 1.0],
                [0.194588, -0.063815, 0.978807, -0.031482, 0.76292, -0.61735, -0.191919, -0.207426, 0.616514, 0.784096, -0.071444, 1.235394, 0.0, 0.0, 0.0, 1.0],
                [0.228554, -0.078759, 0.97034, -0.042396, 0.763067, -0.604467, -0.228796, -0.204063, 0.604559, 0.792727, -0.078055, 1.226305, 0.0, 0.0, 0.0, 1.0],
                [0.266333, -0.093803, 0.959306, -0.053395, 0.760996, -0.590358, -0.269002, -0.200353, 0.591567, 0.801672, -0.085849, 1.216074, 0.0, 0.0, 0.0, 1.0],
                [0.307321, -0.108713, 0.945376, -0.064315, 0.756351, -0.574973, -0.311992, -0.196169, 0.577483, 0.810918, -0.094476, 1.204933, 0.0, 0.0, 0.0, 1.0],
                [0.350938, -0.123264, 0.92825, -0.074998, 0.748802, -0.558285, -0.357231, -0.191411, 0.562262, 0.820441, -0.103623, 1.193067, 0.0, 0.0, 0.0, 1.0],
                [0.396604, -0.137234, 0.907674, -0.085287, 0.738054, -0.540294, -0.404177, -0.186015, 0.545878, 0.83021, -0.112997, 1.180623, 0.0, 0.0, 0.0, 1.0],
                [0.443734, -0.150406, 0.883447, -0.095032, 0.723858, -0.521029, -0.452281, -0.179941, 0.528328, 0.840182, -0.122325, 1.167716, 0.0, 0.0, 0.0, 1.0],
                [0.491732, -0.162577, 0.855435, -0.104085, 0.706025, -0.500551, -0.500977, -0.173182, 0.509636, 0.850304, -0.131354, 1.154435, 0.0, 0.0, 0.0, 1.0],
                [0.539996, -0.173552, 0.82358, -0.112311, 0.684432, -0.47895, -0.54969, -0.165758, 0.489854, 0.860515, -0.139847, 1.140848, 0.0, 0.0, 0.0, 1.0],
                [0.587923, -0.183159, 0.787908, -0.119584, 0.659036, -0.456348, -0.597845, -0.157715, 0.469061, 0.870746, -0.147589, 1.127003, 0.0, 0.0, 0.0, 1.0],
                [0.63492, -0.19125, 0.748532, -0.125799, 0.629873, -0.432894, -0.644874, -0.149123, 0.447367, 0.880923, -0.15439, 1.112935, 0.0, 0.0, 0.0, 1.0],
                [0.680418, -0.197703, 0.705652, -0.130867, 0.597064, -0.408764, -0.690236, -0.140075, 0.424907, 0.890969, -0.160089, 1.098668, 0.0, 0.0, 0.0, 1.0],
                [0.723887, -0.202434, 0.659552, -0.134725, 0.560815, -0.384153, -0.733426, -0.13068, 0.401839, 0.900804, -0.164556, 1.084218, 0.0, 0.0, 0.0, 1.0],
                [0.764849, -0.205391, 0.61059, -0.137334, 0.521409, -0.359269, -0.773989, -0.121059, 0.378337, 0.910352, -0.167694, 1.069595, 0.0, 0.0, 0.0, 1.0],
                [0.802893, -0.206565, 0.559191, -0.138681, 0.479198, -0.334329, -0.811538, -0.111341, 0.354589, 0.919541, -0.169445, 1.054807, 0.0, 0.0, 0.0, 1.0],
                [0.837681, -0.205979, 0.505829, -0.138782, 0.434592, -0.309547, -0.84576, -0.101659, 0.330787, 0.928307, -0.169785, 1.039865, 0.0, 0.0, 0.0, 1.0],
                [0.868963, -0.203698, 0.451011, -0.137678, 0.388045, -0.285134, -0.876425, -0.092141, 0.307125, 0.936593, -0.168726, 1.02478, 0.0, 0.0, 0.0, 1.0],
                [0.896572, -0.199816, 0.395263, -0.135431, 0.340035, -0.261284, -0.903386, -0.082908, 0.283787, 0.944354, -0.166315, 1.009567, 0.0, 0.0, 0.0, 1.0],
                [0.920431, -0.194457, 0.339107, -0.132125, 0.291056, -0.238175, -0.926585, -0.074069, 0.260947, 0.951556, -0.162626, 0.994249, 0.0, 0.0, 0.0, 1.0],
                [0.940545, -0.187766, 0.283052, -0.127862, 0.241592, -0.215961, -0.946041, -0.065719, 0.238762, 0.958178, -0.157758, 0.978853, 0.0, 0.0, 0.0, 1.0],
                [0.956997, -0.179906, 0.227574, -0.122754, 0.192114, -0.19477, -0.961851, -0.057934, 0.217368, 0.964209, -0.151832, 0.963413, 0.0, 0.0, 0.0, 1.0],
                [0.969934, -0.171053, 0.173113, -0.116922, 0.14306, -0.174703, -0.974173, -0.050774, 0.196878, 0.969649, -0.14498, 0.947969, 0.0, 0.0, 0.0, 1.0],
                [0.979562, -0.161384, 0.120055, -0.110491, 0.09483, -0.155834, -0.983221, -0.044279, 0.177385, 0.974511, -0.137345, 0.932568, 0.0, 0.0, 0.0, 1.0],
                [0.986129, -0.151078, 0.068738, -0.103586, 0.047781, -0.138211, -0.98925, -0.038471, 0.158954, 0.978812, -0.129075, 0.917261, 0.0, 0.0, 0.0, 1.0],
                [0.989917, -0.140311, 0.019441, -0.09633, 0.00222, -0.121857, -0.992545, -0.033356, 0.141634, 0.98258, -0.120317, 0.902103, 0.0, 0.0, 0.0, 1.0],
                [0.991228, -0.129247, -0.027609, -0.088841, -0.041593, -0.106775, -0.993413, -0.028924, 0.125448, 0.985847, -0.111214, 0.887153, 0.0, 0.0, 0.0, 1.0],
                [0.990377, -0.118043, -0.072238, -0.081228, -0.083447, -0.092947, -0.992168, -0.025153, 0.110404, 0.988649, -0.101903, 0.872473, 0.0, 0.0, 0.0, 1.0],
                [0.987682, -0.106843, -0.114318, -0.073593, -0.123176, -0.080343, -0.989127, -0.022009, 0.096497, 0.991025, -0.092513, 0.858126, 0.0, 0.0, 0.0, 1.0],
                [0.983455, -0.095776, -0.153764, -0.066029, -0.160655, -0.068916, -0.984602, -0.01945, 0.083704, 0.993014, -0.083163, 0.844176, 0.0, 0.0, 0.0, 1.0],
                [0.977998, -0.084959, -0.190528, -0.058619, -0.195794, -0.058616, -0.978892, -0.017427, 0.071997, 0.994659, -0.073961, 0.830688, 0.0, 0.0, 0.0, 1.0],
                [0.971602, -0.074495, -0.224591, -0.051437, -0.228534, -0.049382, -0.972283, -0.015886, 0.061339, 0.995998, -0.065004, 0.817726, 0.0, 0.0, 0.0, 1.0],
                [0.964536, -0.064474, -0.255958, -0.044548, -0.258843, -0.04115, -0.965043, -0.014772, 0.051688, 0.997071, -0.056379, 0.805354, 0.0, 0.0, 0.0, 1.0],
                [0.957053, -0.054976, -0.284652, -0.038009, -0.286706, -0.033857, -0.95742, -0.014026, 0.042998, 0.997913, -0.048165, 0.793634, 0.0, 0.0, 0.0, 1.0],
                [0.949388, -0.04607, -0.31071, -0.031869, -0.312126, -0.027438, -0.949645, -0.01359, 0.035225, 0.998561, -0.040429, 0.782629, 0.0, 0.0, 0.0, 1.0],
                [0.941752, -0.037815, -0.334175, -0.026171, -0.335113, -0.021831, -0.941925, -0.013407, 0.028323, 0.999046, -0.033232, 0.7724, 0.0, 0.0, 0.0, 1.0],
                [0.934341, -0.030263, -0.355092, -0.020954, -0.355684, -0.016977, -0.934452, -0.013423, 0.022251, 0.999398, -0.026627, 0.763006, 0.0, 0.0, 0.0, 1.0],
                [0.927331, -0.023461, -0.373507, -0.016251, -0.373858, -0.012822, -0.927397, -0.013586, 0.016968, 0.999643, -0.020661, 0.754507, 0.0, 0.0, 0.0, 1.0],
                [0.920879, -0.017449, -0.389459, -0.012091, -0.389651, -0.009315, -0.920916, -0.013845, 0.012441, 0.999804, -0.015377, 0.74696, 0.0, 0.0, 0.0, 1.0],
                [0.915127, -0.012265, -0.402978, -0.008503, -0.403072, -0.006414, -0.915146, -0.014155, 0.00864, 0.999904, -0.010813, 0.740422, 0.0, 0.0, 0.0, 1.0],
                [0.910204, -0.007946, -0.414084, -0.005511, -0.414123, -0.004082, -0.910212, -0.014476, 0.005542, 0.99996, -0.007006, 0.734949, 0.0, 0.0, 0.0, 1.0],
                [0.906221, -0.004524, -0.42278, -0.00314, -0.422792, -0.00229, -0.906224, -0.014772, 0.003132, 0.999987, -0.003988, 0.730597, 0.0, 0.0, 0.0, 1.0],
                [0.903278, -0.002036, -0.42905, -0.001416, -0.429053, -0.001019, -0.903279, -0.01501, 0.001402, 0.999997, -0.001794, 0.727421, 0.0, 0.0, 0.0, 1.0],
                [0.901461, -0.000515, -0.43286, -0.000362, -0.43286, -0.000256, -0.901461, -0.015167, 0.000354, 1.0, -0.000454, 0.725476, 0.0, 0.0, 0.0, 1.0],
                [0.900842, 0.0, -0.434148, -5e-06, -0.434148, 0.0, -0.900842, -0.015222, 0.0, 1.0, 0.0, 0.724815, 0.0, 0.0, 0.0, 1.0],
                [0.900842, 0.0, -0.434148, -5e-06, -0.434148, 0.0, -0.900842, -0.015222, 0.0, 1.0, 0.0, 0.724815, 0.0, 0.0, 0.0, 1.0]
            ]
        },
        {
            "name": "Thigh_R",
            "time": [0.0, 0.0167, 0.0333, 0.05, 0.0667, 0.0833, 0.1, 0.1167, 0.1333, 0.15, 0.1667, 0.1833, 0.2, 0.2167, 0.2333, 0.25, 0.2667, 0.2833, 0.3, 0.3167, 0.3333, 0.35, 0.3667, 0.3833, 0.4, 0.4167, 0.4333, 0.45, 0.4667, 0.4833, 0.5, 0.5167, 0.5333, 0.55, 0.5667, 0.5833, 0.6, 0.6167, 0.6333, 0.65, 0.6667, 0.6833, 0.7, 0.7167, 0.7333, 0.75, 0.7667, 0.7833, 0.8, 0.8167, 0.8333, 0.85, 0.8667, 0.8833, 0.9, 0.9167, 0.9333, 0.95, 0.9667, 0.9833, 1.0],
            "transform": [
                [0.939904, -0.044191, 0.33857, 0.086814, -0.135932, -0.95805, 0.252317, -0.002831, 0.313216, -0.283175, -0.906485, -0.089076, 0.0, 0.0, 0.0, 1.0],
                [0.939904, -0.044192, 0.33857, 0.086814, -0.135932, -0.95805, 0.252314, -0.002831, 0.313216, -0.283172, -0.906486, -0.089076, 0.0, 0.0, 0.0, 1.0],
                [0.939903, -0.04419, 0.33857, 0.086814, -0.135932, -0.958049, 0.252318, -0.002831, 0.313216, -0.283177, -0.906484, -0.089076, 0.0, 0.0, 0.0, 1.0],
                [0.939903, -0.044192, 0.33857, 0.086814, -0.135932, -0.95805, 0.252314, -0.002831, 0.313216, -0.283173, -0.906486, -0.089076, 0.0, 0.0, 0.0, 1.0],
                [0.939904, -0.044192, 0.33857, 0.086814, -0.135932, -0.95805, 0.252315, -0.002831, 0.313216, -0.283174, -0.906486, -0.089076, 0.0, 0.0, 0.0, 1.0],
                [0.939903, -0.044191, 0.33857, 0.086814, -0.135932, -0.95805, 0.252316, -0.002831, 0.313216, -0.283175, -0.906485, -0.089076, 0.0, 0.0, 0.0, 1.0],
                [0.939903, -0.044191, 0.33857, 0.086814, -0.135932, -0.95805, 0.252317, -0.002831, 0.313215, -0.283175, -0.906485, -0.089076, 0.0, 0.0, 0.0, 1.0],
                [0.939903, -0.04419, 0.33857, 0.086814, -0.135933, -0.958049, 0.252318, -0.002831, 0.313215, -0.283176, -0.906484, -0.089076, 0.0, 0.0, 0.0, 1.0],
                [0.947489, 0.021088, 0.319094, 0.086814, -0.113266, -0.911009, 0.396528, -0.002831, 0.299058, -0.411848, -0.860786, -0.089075, 0.0, 0.0, 0.0, 1.0],
                [0.967186, 0.121812, 0.222967, 0.086814, -0.038809, -0.796445, 0.603466, -0.002831, 0.251089, -0.592317, -0.765586, -0.089076, 0.0, 0.0, 0.0, 1.0],
                [0.982286, 0.18132, 0.047306, 0.086814, 0.085253, -0.657224, 0.74886, -0.002831, 0.166874, -0.731561, -0.661043, -0.089076, 0.0, 0.0, 0.0, 1.0],
                [0.975053, 0.184756, -0.123029, 0.086814, 0.20757, -0.562541, 0.80029, -0.002831, 0.078649, -0.805863, -0.586861, -0.089076, 0.0, 0.0, 0.0, 1.0],
                [0.965706, 0.177787, -0.189218, 0.086814, 0.256208, -0.534469, 0.805421, -0.002831, 0.042062, -0.826279, -0.561694, -0.089076, 0.0, 0.0, 0.0, 1.0],
                [0.966579, 0.178457, -0.184062, 0.086814, 0.252397, -0.536488, 0.805281, -0.002831, 0.044961, -0.824825, -0.563603, -0.089076, 0.0, 0.0, 0.0, 1.0],
                [0.969052, 0.18035, -0.168558, 0.086814, 0.24096, -0.542729, 0.804603, -0.002831, 0.053629, -0.820318, -0.569393, -0.089076, 0.0, 0.0, 0.0, 1.0],
                [0.972655, 0.183049, -0.142952, 0.086814, 0.222145, -0.553598, 0.80261, -0.002831, 0.067779, -0.812419, -0.579126, -0.089076, 0.0, 0.0, 0.0, 1.0],
                [0.976635, 0.1858, -0.107997, 0.086814, 0.19661, -0.569573, 0.798081, -0.002831, 0.086771, -0.800666, -0.592799, -0.089076, 0.0, 0.0, 0.0, 1.0],
                [0.980105, 0.187525, -0.065035, 0.086814, 0.16547, -0.591035, 0.789493, -0.002831, 0.109612, -0.784547, -0.61031, -0.089076, 0.0, 0.0, 0.0, 1.0],
                [0.982243, 0.186929, -0.016022, 0.086814, 0.130267, -0.618049, 0.775273, -0.002831, 0.135018, -0.763593, -0.631428, -0.089076, 0.0, 0.0, 0.0, 1.0],
                [0.982487, 0.182701, 0.036595, 0.086814, 0.092835, -0.650258, 0.754022, -0.002831, 0.161555, -0.737419, -0.655835, -0.089076, 0.0, 0.0, 0.0, 1.0],
                [0.980656, 0.173798, 0.09005, 0.086814, 0.055095, -0.686527, 0.725015, -0.002831, 0.187827, -0.706029, -0.682826, -0.089076, 0.0, 0.0, 0.0, 1.0],
                [0.97695, 0.159673, 0.141684, 0.086814, 0.018791, -0.725465, 0.688003, -0.002831, 0.212641, -0.669482, -0.711747, -0.089076, 0.0, 0.0, 0.0, 1.0],
                [0.971852, 0.140436, 0.189157, 0.086814, -0.014693, -0.765212, 0.643612, -0.002831, 0.23513, -0.628275, -0.741613, -0.089076, 0.0, 0.0, 0.0, 1.0],
                [0.965979, 0.116782, 0.230754, 0.086814, -0.044425, -0.804052, 0.592897, -0.002831, 0.254777, -0.582977, -0.771513, -0.089076, 0.0, 0.0, 0.0, 1.0],
                [0.959933, 0.089897, 0.265419, 0.086814, -0.069906, -0.840384, 0.537466, -0.002831, 0.271369, -0.534486, -0.800432, -0.089076, 0.0, 0.0, 0.0, 1.0],
                [0.954225, 0.061228, 0.292757, 0.086814, -0.090982, -0.873012, 0.479138, -0.002831, 0.284916, -0.48384, -0.827483, -0.089076, 0.0, 0.0, 0.0, 1.0],
                [0.949229, 0.032343, 0.312921, 0.086814, -0.107733, -0.901134, 0.419943, -0.002831, 0.295565, -0.432334, -0.851901, -0.089076, 0.0, 0.0, 0.0, 1.0],
                [0.945192, 0.004878, 0.32648, 0.086814, -0.120364, -0.924267, 0.362276, -0.002831, 0.30352, -0.381716, -0.873027, -0.089076, 0.0, 0.0, 0.0, 1.0],
                [0.942257, -0.01924, 0.334338, 0.086814, -0.129126, -0.942025, 0.309702, -0.002831, 0.308995, -0.33499, -0.890118, -0.089076, 0.0, 0.0, 0.0, 1.0],
                [0.940489, -0.037156, 0.337786, 0.086814, -0.134253, -0.953769, 0.268888, -0.002831, 0.312178, -0.298235, -0.902002, -0.089076, 0.0, 0.0, 0.0, 1.0],
                [0.939904, -0.044191, 0.33857, 0.086814, -0.135932, -0.95805, 0.252317, -0.002831, 0.313215, -0.283176, -0.906485, -0.089075, 0.0, 0.0, 0.0, 1.0],
                [0.939903, -0.044191, 0.33857, 0.086814, -0.135932, -0.95805, 0.252314, -0.002831, 0.313215, -0.283173, -0.906486, -0.089076, 0.0, 0.0, 0.0, 1.0],
                [0.939904, -0.044191, 0.33857, 0.086814, -0.135932, -0.95805, 0.252317, -0.002831, 0.313216, -0.283175, -0.906485, -0.089076, 0.0, 0.0, 0.0, 1.0],
                [0.939903, -0.044191, 0.33857, 0.086814, -0.135932, -0.958049, 0.252317, -0.002831, 0.313216, -0.283175, -0.906485, -0.089076, 0.0, 0.0, 0.0, 1.0],
                [0.939903, -0.044191, 0.33857, 0.086814, -0.135932, -0.95805, 0.252316, -0.002831, 0.313216, -0.283175, -0.906485, -0.089076, 0.0, 0.0, 0.0, 1.0],
                [0.939903, -0.044191, 0.33857, 0.086814, -0.135932, -0.95805, 0.252317, -0.002831, 0.313216, -0.283176, -0.906485, -0.089076, 0.0, 0.0, 0.0, 1.0],
                [0.939903, -0.044191, 0.33857, 0.086814, -0.135932, -0.958049, 0.252317, -0.002831, 0.313216, -0.283176, -0.906485, -0.089076, 0.0, 0.0, 0.0, 1.0],
                [0.939903, -0.044191, 0.33857, 0.086814, -0.135932, -0.95805, 0.252315, -0.002831, 0.313216, -0.283174, -0.906485, -0.089076, 0.0, 0.0, 0.0, 1.0],
                [0.939903, -0.044191, 0.33857, 0.086814, -0.135932, -0.95805, 0.252316, -0.002831, 0.313215, -0.283174, -0.906485, -0.089076, 0.0, 0.0, 0.0, 1.0],
                [0.939903, -0.044191, 0.33857, 0.086814, -0.135932, -0.95805, 0.252317, -0.002831, 0.313216, -0.283175, -0.906485, -0.089076, 0.0, 0.0, 0.0, 1.0],
                [0.939903, -0.044191, 0.33857, 0.086814, -0.135932, -0.95805, 0.252316, -0.002831, 0.313216, -0.283175, -0.906485, -0.089076, 0.0, 0.0, 0.0, 1.0],
                [0.939903, -0.044192, 0.33857, 0.086814, -0.135932, -0.95805, 0.252315, -0.002831, 0.313216, -0.283173, -0.906485, -0.089076, 0.0, 0.0, 0.0, 1.0],
                [0.939903, -0.044191, 0.33857, 0.086814, -0.135932, -0.95805, 0.252315, -0.002831, 0.313215, -0.283174, -0.906485, -0.089076, 0.0, 0.0, 0.0, 1.0],
                [0.939903, -0.04419, 0.33857, 0.086814, -0.135932, -0.958049, 0.252319, -0.002831, 0.313215, -0.283177, -0.906484, -0.089076, 0.0, 0.0, 0.0, 1.0],
                [0.939903, -0.044191, 0.33857, 0.086814, -0.135932, -0.95805, 0.252317, -0.002831, 0.313216, -0.283175, -0.906485, -0.089076, 0.0, 0.0, 0.0, 1.0],
                [0.939903, -0.044191, 0.33857, 0.086814, -0.135932, -0.958049, 0.252316, -0.002831, 0.313216, -0.283175, -0.906485, -0.089076, 0.0, 0.0, 0.0, 1.0],
                [0.939903, -0.044191, 0.33857, 0.086814, -0.135932, -0.95805, 0.252316, -0.002831, 0.313216, -0.283175, -0.906485, -0.089076, 0.0, 0.0, 0.0, 1.0],
                [0.939903, -0.044191, 0.33857, 0.086814, -0.135932, -0.958049, 0.252317, -0.002831, 0.313216, -0.283175, -0.906485, -0.089076, 0.0, 0.0, 0.0, 1.0],
                [0.939903, -0.044191, 0.33857, 0.086814, -0.135932, -0.95805, 0.252316, -0.002831, 0.313216, -0.283175, -0.906485, -0.089076, 0.0, 0.0, 0.0, 1.0],
                [0.939903, -0.044191, 0.33857, 0.086814, -0.135932, -0.95805, 0.252316, -0.002831, 0.313215, -0.283175, -0.906485, -0.089076, 0.0, 0.0, 0.0, 1.0],
                [0.939903, -0.044191, 0.33857, 0.086814, -0.135932, -0.95805, 0.252315, -0.002831, 0.313216, -0.283174, -0.906485, -0.089076, 0.0, 0.0, 0.0, 1.0],
                [0.939903, -0.044191, 0.33857, 0.086814, -0.135932, -0.958049, 0.252317, -0.002831, 0.313215, -0.283176, -0.906484, -0.089076, 0.0, 0.0, 0.0, 1.0],
                [0.939903, -0.044191, 0.33857, 0.086814, -0.135932, -0.95805, 0.252317, -0.002831, 0.313216, -0.283176, -0.906484, -0.089076, 0.0, 0.0, 0.0, 1.0],
                [0.939903, -0.044191, 0.33857, 0.086814, -0.135932, -0.95805, 0.252317, -0.002831, 0.313216, -0.283176, -0.906485, -0.089076, 0.0, 0.0, 0.0, 1.0],
                [0.939903, -0.04419, 0.33857, 0.086814, -0.135932, -0.958049, 0.252318, -0.002831, 0.313216, -0.283177, -0.906485, -0.089076, 0.0, 0.0, 0.0, 1.0],
                [0.939903, -0.044191, 0.33857, 0.086814, -0.135932, -0.95805, 0.252316, -0.002831, 0.313216, -0.283175, -0.906485, -0.089076, 0.0, 0.0, 0.0, 1.0],
                [0.939903, -0.044191, 0.33857, 0.086814, -0.135932, -0.95805, 0.252316, -0.002831, 0.313215, -0.283175, -0.906485, -0.089076, 0.0, 0.0, 0.0, 1.0],
                [0.939903, -0.044191, 0.33857, 0.086814, -0.135932, -0.95805, 0.252315, -0.002831, 0.313216, -0.283174, -0.906486, -0.089076, 0.0, 0.0, 0.0, 1.0],
                [0.939903, -0.044191, 0.33857, 0.086814, -0.135932, -0.95805, 0.252316, -0.002831, 0.313216, -0.283175, -0.906485, -0.089076, 0.0, 0.0, 0.0, 1.0],
                [0.939903, -0.04419, 0.33857, 0.086814, -0.135932, -0.95805, 0.252318, -0.002831, 0.313216, -0.283176, -0.906485, -0.089076, 0.0, 0.0, 0.0, 1.0],
                [0.939904, -0.044191, 0.33857, 0.086814, -0.135932, -0.95805, 0.252317, -0.002831, 0.313216, -0.283175, -0.906485, -0.089076, 0.0, 0.0, 0.0, 1.0],
                [0.939904, -0.044191, 0.33857, 0.086814, -0.135932, -0.95805, 0.252317, -0.002831, 0.313216, -0.283175, -0.906485, -0.089076, 0.0, 0.0, 0.0, 1.0]
            ]
        },
        {
            "name": "Leg_R",
            "time": [0.0, 0.0167, 0.0333, 0.05, 0.0667, 0.0833, 0.1, 0.1167, 0.1333, 0.15, 0.1667, 0.1833, 0.2, 0.2167, 0.2333, 0.25, 0.2667, 0.2833, 0.3, 0.3167, 0.3333, 0.35, 0.3667, 0.3833, 0.4, 0.4167, 0.4333, 0.45, 0.4667, 0.4833, 0.5, 0.5167, 0.5333, 0.55, 0.5667, 0.5833, 0.6, 0.6167, 0.6333, 0.65, 0.6667, 0.6833, 0.7, 0.7167, 0.7333, 0.75, 0.7667, 0.7833, 0.8, 0.8167, 0.8333, 0.85, 0.8667, 0.8833, 0.9, 0.9167, 0.9333, 0.95, 0.9667, 0.9833, 1.0],
            "transform": [
                [1.0, -0.00024, -0.000141, 0.0, 0.000265, 0.976706, 0.214587, 0.375166, 8.6e-05, -0.214586, 0.976705, -0.0, 0.0, 0.0, 0.0, 1.0],
                [0.999999, -0.00024, -0.000141, -0.0, 0.000265, 0.976706, 0.214581, 0.375166, 8.6e-05, -0.21458, 0.976706, -0.0, 0.0, 0.0, 0.0, 1.0],
                [1.0, -0.00024, -0.000141, -0.0, 0.000265, 0.976705, 0.214589, 0.375166, 8.6e-05, -0.214589, 0.976704, -0.0, 0.0, 0.0, 0.0, 1.0],
                [1.0, -0.00024, -0.000141, 0.0, 0.000265, 0.976706, 0.214582, 0.375166, 8.6e-05, -0.214581, 0.976707, 0.0, 0.0, 0.0, 0.0, 1.0],
                [1.0, -0.00024, -0.000141, -0.0, 0.000265, 0.976706, 0.214582, 0.375166, 8.7e-05, -0.214582, 0.976706, -0.0, 0.0, 0.0, 0.0, 1.0],
                [1.0, -0.00024, -0.000141, -0.0, 0.000265, 0.976705, 0.214586, 0.375166, 8.6e-05, -0.214586, 0.976705, 0.0, 0.0, 0.0, 0.0, 1.0],
                [1.0, -0.00024, -0.000141, -0.0, 0.000265, 0.976706, 0.214587, 0.375166, 8.6e-05, -0.214586, 0.976705, -0.0, 0.0, 0.0, 0.0, 1.0],
                [1.0, -0.00024, -0.000141, 0.0, 0.000265, 0.976705, 0.214589, 0.375166, 8.6e-05, -0.214589, 0.976704, 0.0, 0.0, 0.0, 0.0, 1.0],
                [1.0, -0.000526, -0.000246, 0.0, 0.00058, 0.882628, 0.470074, 0.375166, -3e-05, -0.470072, 0.882627, 0.0, 0.0, 0.0, 0.0, 1.0],
                [1.0, -0.000857, -0.000515, 0.0, 0.000945, 0.642494, 0.766293, 0.375166, -0.000326, -0.766288, 0.642493, 0.0, 0.0, 0.0, 0.0, 1.0],
                [0.999999, -0.001031, -0.000799, -0.0, 0.001137, 0.388004, 0.92166, 0.375166, -0.00064, -0.921655, 0.388003, -0.0, 0.0, 0.0, 0.0, 1.0],
                [0.999999, -0.001088, -0.000974, 0.0, 0.0012, 0.231719, 0.972784, 0.375166, -0.000833, -0.97278, 0.231719, 0.0, 0.0, 0.0, 0.0, 1.0],
                [0.999999, -0.001099, -0.001026, 0.0, 0.001212, 0.185099, 0.982721, 0.375166, -0.00089, -0.982717, 0.185099, -0.0, 0.0, 0.0, 0.0, 1.0],
                [0.999999, -0.001098, -0.001022, 0.0, 0.001211, 0.188507, 0.982073, 0.375166, -0.000886, -0.982069, 0.188507, 0.0, 0.0, 0.0, 0.0, 1.0],
                [0.999999, -0.001096, -0.001011, 0.0, 0.001209, 0.198974, 0.980006, 0.375166, -0.000873, -0.980002, 0.198974, -0.0, 0.0, 0.0, 0.0, 1.0],
                [0.999999, -0.001091, -0.00099, -0.0, 0.001203, 0.217008, 0.976171, 0.375166, -0.00085, -0.976168, 0.217008, -0.0, 0.0, 0.0, 0.0, 1.0],
                [0.999999, -0.001084, -0.000961, 0.0, 0.001195, 0.243236, 0.969969, 0.375166, -0.000818, -0.969964, 0.243236, 0.0, 0.0, 0.0, 0.0, 1.0],
                [0.999999, -0.001074, -0.000922, 0.0, 0.001184, 0.278279, 0.960501, 0.375166, -0.000775, -0.960497, 0.278278, 0.0, 0.0, 0.0, 0.0, 1.0],
                [0.999999, -0.001059, -0.000873, 0.0, 0.001168, 0.322558, 0.946551, 0.375166, -0.000721, -0.946547, 0.322557, 0.0, 0.0, 0.0, 0.0, 1.0],
                [0.999999, -0.001036, -0.000812, -0.0, 0.001142, 0.376229, 0.926528, 0.375166, -0.000654, -0.926524, 0.376229, -0.0, 0.0, 0.0, 0.0, 1.0],
                [0.999999, -0.001004, -0.000743, -0.0, 0.001108, 0.438357, 0.898802, 0.375166, -0.000577, -0.898798, 0.438356, 0.0, 0.0, 0.0, 0.0, 1.0],
                [1.0, -0.000964, -0.000666, 0.0, 0.001063, 0.507696, 0.861537, 0.375166, -0.000492, -0.861534, 0.507695, -0.0, 0.0, 0.0, 0.0, 1.0],
                [0.999999, -0.000909, -0.000583, 0.0, 0.001003, 0.581743, 0.813374, 0.375166, -0.000401, -0.81337, 0.581742, -0.0, 0.0, 0.0, 0.0, 1.0],
                [0.999999, -0.000842, -0.000498, 0.0, 0.000929, 0.65764, 0.753334, 0.375166, -0.000307, -0.75333, 0.657639, 0.0, 0.0, 0.0, 0.0, 1.0],
                [1.0, -0.000762, -0.000415, -0.0, 0.00084, 0.731837, 0.681482, 0.375166, -0.000216, -0.681478, 0.731836, -0.0, 0.0, 0.0, 0.0, 1.0],
                [1.0, -0.00067, -0.000338, 0.0, 0.000739, 0.800826, 0.598898, 0.375166, -0.00013, -0.598895, 0.800825, 0.0, 0.0, 0.0, 0.0, 1.0],
                [1.0, -0.000568, -0.00027, 0.0, 0.000626, 0.861378, 0.507966, 0.375166, -5.6e-05, -0.507964, 0.861378, 0.0, 0.0, 0.0, 0.0, 1.0],
                [1.0, -0.000461, -0.000215, 0.0, 0.000509, 0.91084, 0.412762, 0.375166, 5e-06, -0.412759, 0.91084, 0.0, 0.0, 0.0, 0.0, 1.0],
                [1.0, -0.000359, -0.000174, -0.0, 0.000395, 0.947215, 0.320602, 0.375166, 5e-05, -0.3206, 0.947214, -0.0, 0.0, 0.0, 0.0, 1.0],
                [1.0, -0.000275, -0.000149, 0.0, 0.000303, 0.969333, 0.245753, 0.375166, 7.7e-05, -0.245753, 0.969332, 0.0, 0.0, 0.0, 0.0, 1.0],
                [1.0, -0.00024, -0.000141, 0.0, 0.000265, 0.976705, 0.214587, 0.375166, 8.6e-05, -0.214587, 0.976705, -0.0, 0.0, 0.0, 0.0, 1.0],
                [1.0, -0.00024, -0.000141, 0.0, 0.000265, 0.976706, 0.214582, 0.375166, 8.6e-05, -0.214582, 0.976706, -0.0, 0.0, 0.0, 0.0, 1.0],
                [1.0, -0.00024, -0.000141, 0.0, 0.000265, 0.976705, 0.214587, 0.375166, 8.6e-05, -0.214587, 0.976705, 0.0, 0.0, 0.0, 0.0, 1.0],
                [1.0, -0.00024, -0.000141, -0.0, 0.000265, 0.976705, 0.214587, 0.375166, 8.6e-05, -0.214586, 0.976705, 0.0, 0.0, 0.0, 0.0, 1.0],
                [1.0, -0.00024, -0.000141, -0.0, 0.000265, 0.976706, 0.214585, 0.375166, 8.6e-05, -0.214585, 0.976705, -0.0, 0.0, 0.0, 0.0, 1.0],
                [1.0, -0.00024, -0.000141, 0.0, 0.000265, 0.976705, 0.214588, 0.375166, 8.6e-05, -0.214587, 0.976705, 0.0, 0.0, 0.0, 0.0, 1.0],
                [1.0, -0.00024, -0.000141, 0.0, 0.000265, 0.976705, 0.214587, 0.375166, 8.6e-05, -0.214587, 0.976705, 0.0, 0.0, 0.0, 0.0, 1.0],
                [1.0, -0.00024, -0.000141, 0.0, 0.000265, 0.976706, 0.214584, 0.375166, 8.6e-05, -0.214583, 0.976706, 0.0, 0.0, 0.0, 0.0, 1.0],
                [1.0, -0.00024, -0.000141, 0.0, 0.000265, 0.976706, 0.214585, 0.375166, 8.6e-05, -0.214584, 0.976705, 0.0, 0.0, 0.0, 0.0, 1.0],
                [1.0, -0.00024, -0.000141, -0.0, 0.000265, 0.976705, 0.214587, 0.375166, 8.6e-05, -0.214586, 0.976705, -0.0, 0.0, 0.0, 0.0, 1.0],
                [1.0, -0.00024, -0.000141, 0.0, 0.000265, 0.976705, 0.214585, 0.375166, 8.6e-05, -0.214585, 0.976705, -0.0, 0.0, 0.0, 0.0, 1.0],
                [1.0, -0.00024, -0.000141, 0.0, 0.000265, 0.976706, 0.214583, 0.375166, 8.6e-05, -0.214582, 0.976705, -0.0, 0.0, 0.0, 0.0, 1.0],
                [1.0, -0.00024, -0.000141, 0.0, 0.000265, 0.976706, 0.214583, 0.375166, 8.6e-05, -0.214583, 0.976706, -0.0, 0.0, 0.0, 0.0, 1.0],
                [1.0, -0.00024, -0.000141, 0.0, 0.000265, 0.976705, 0.214591, 0.375166, 8.6e-05, -0.21459, 0.976704, -0.0, 0.0, 0.0, 0.0, 1.0],
                [1.0, -0.00024, -0.000141, 0.0, 0.000265, 0.976705, 0.214587, 0.375166, 8.6e-05, -0.214586, 0.976705, 0.0, 0.0, 0.0, 0.0, 1.0],
                [1.0, -0.00024, -0.000141, -0.0, 0.000265, 0.976706, 0.214586, 0.375166, 8.6e-05, -0.214586, 0.976705, -0.0, 0.0, 0.0, 0.0, 1.0],
                [1.0, -0.00024, -0.000141, -0.0, 0.000265, 0.976706, 0.214585, 0.375166, 8.6e-05, -0.214585, 0.976705, -0.0, 0.0, 0.0, 0.0, 1.0],
                [1.0, -0.00024, -0.000141, 0.0, 0.000265, 0.976705, 0.214587, 0.375166, 8.6e-05, -0.214586, 0.976705, 0.0, 0.0, 0.0, 0.0, 1.0],
                [1.0, -0.00024, -0.000141, 0.0, 0.000265, 0.976705, 0.214586, 0.375166, 8.6e-05, -0.214586, 0.976705, -0.0, 0.0, 0.0, 0.0, 1.0],
                [1.0, -0.00024, -0.000141, 0.0, 0.000265, 0.976706, 0.214585, 0.375166, 8.6e-05, -0.214585, 0.976705, 0.0, 0.0, 0.0, 0.0, 1.0],
                [1.0, -0.00024, -0.000141, 0.0, 0.000265, 0.976706, 0.214584, 0.375166, 8.6e-05, -0.214583, 0.976706, -0.0, 0.0, 0.0, 0.0, 1.0],
                [1.0, -0.00024, -0.000141, 0.0, 0.000265, 0.976705, 0.214588, 0.375166, 8.6e-05, -0.214588, 0.976705, 0.0, 0.0, 0.0, 0.0, 1.0],
                [1.0, -0.00024, -0.000141, -0.0, 0.000265, 0.976705, 0.214588, 0.375166, 8.6e-05, -0.214587, 0.976705, -0.0, 0.0, 0.0, 0.0, 1.0],
                [1.0, -0.00024, -0.000141, -0.0, 0.000265, 0.976705, 0.214587, 0.375166, 8.6e-05, -0.214587, 0.976705, 0.0, 0.0, 0.0, 0.0, 1.0],
                [1.0, -0.00024, -0.000141, -0.0, 0.000265, 0.976705, 0.214589, 0.375166, 8.6e-05, -0.214589, 0.976704, 0.0, 0.0, 0.0, 0.0, 1.0],
                [1.0, -0.00024, -0.000141, 0.0, 0.000265, 0.976705, 0.214585, 0.375166, 8.6e-05, -0.214585, 0.976705, -0.0, 0.0, 0.0, 0.0, 1.0],
                [1.0, -0.00024, -0.000141, 0.0, 0.000265, 0.976705, 0.214586, 0.375166, 8.6e-05, -0.214585, 0.976705, 0.0, 0.0, 0.0, 0.0, 1.0],
                [0.999999, -0.00024, -0.000141, 0.0, 0.000265, 0.976706, 0.214583, 0.375166, 8.6e-05, -0.214583, 0.976705, 0.0, 0.0, 0.0, 0.0, 1.0],
                [1.0, -0.00024, -0.000141, 0.0, 0.000265, 0.976705, 0.214586, 0.375166, 8.6e-05, -0.214585, 0.976705, -0.0, 0.0, 0.0, 0.0, 1.0],
                [1.0, -0.00024, -0.000141, 0.0, 0.000265, 0.976705, 0.214589, 0.375166, 8.6e-05, -0.214588, 0.976705, 0.0, 0.0, 0.0, 0.0, 1.0],
                [1.0, -0.00024, -0.000141, 0.0, 0.000265, 0.976706, 0.214587, 0.375166, 8.6e-05, -0.214586, 0.976705, -0.0, 0.0, 0.0, 0.0, 1.0],
                [1.0, -0.00024, -0.000141, 0.0, 0.000265, 0.976706, 0.214587, 0.375166, 8.6e-05, -0.214586, 0.976705, -0.0, 0.0, 0.0, 0.0, 1.0]
            ]
        },
        {
            "name": "Knee_R",
            "time": [0.0, 0.0167, 0.0333, 0.05, 0.0667, 0.0833, 0.1, 0.1167, 0.1333, 0.15, 0.1667, 0.1833, 0.2, 0.2167, 0.2333, 0.25, 0.2667, 0.2833, 0.3, 0.3167, 0.3333, 0.35, 0.3667, 0.3833, 0.4, 0.4167, 0.4333, 0.45, 0.4667, 0.4833, 0.5, 0.5167, 0.5333, 0.55, 0.5667, 0.5833, 0.6, 0.6167, 0.6333, 0.65, 0.6667, 0.6833, 0.7, 0.7167, 0.7333, 0.75, 0.7667, 0.7833, 0.8, 0.8167, 0.8333, 0.85, 0.8667, 0.8833, 0.9, 0.9167, 0.9333, 0.95, 0.9667, 0.9833, 1.0],
            "transform": [
                [1.0, -5.7e-05, 5.4e-05, 0.0, 5.7e-05, 0.048757, -0.998811, 0.375166, 5.4e-05, 0.998811, 0.048757, -0.0, 0.0, 0.0, 0.0, 1.0],
                [1.0, -5.7e-05, 5.4e-05, -0.0, 5.7e-05, 0.048757, -0.998811, 0.375166, 5.4e-05, 0.998811, 0.048757, -0.0, 0.0, 0.0, 0.0, 1.0],
                [1.0, -5.7e-05, 5.4e-05, -0.0, 5.7e-05, 0.048757, -0.998811, 0.375166, 5.4e-05, 0.998811, 0.048757, -0.0, 0.0, 0.0, 0.0, 1.0],
                [1.0, -5.7e-05, 5.4e-05, 0.0, 5.7e-05, 0.048757, -0.998811, 0.375166, 5.4e-05, 0.998811, 0.048757, 0.0, 0.0, 0.0, 0.0, 1.0],
                [1.0, -5.7e-05, 5.4e-05, -0.0, 5.7e-05, 0.048757, -0.998811, 0.375166, 5.4e-05, 0.998811, 0.048757, -0.0, 0.0, 0.0, 0.0, 1.0],
                [1.0, -5.7e-05, 5.4e-05, -0.0, 5.7e-05, 0.048757, -0.998811, 0.375166, 5.4e-05, 0.998811, 0.048757, 0.0, 0.0, 0.0, 0.0, 1.0],
                [1.0, -5.7e-05, 5.4e-05, -0.0, 5.7e-05, 0.048757, -0.998811, 0.375166, 5.4e-05, 0.998811, 0.048757, -0.0, 0.0, 0.0, 0.0, 1.0],
                [1.0, -5.7e-05, 5.4e-05, 0.0, 5.7e-05, 0.048757, -0.998811, 0.375166, 5.4e-05, 0.998811, 0.048757, 0.0, 0.0, 0.0, 0.0, 1.0],
                [1.0, -5.7e-05, 5.4e-05, 0.0, 5.7e-05, 0.048757, -0.998811, 0.375166, 5.4e-05, 0.998811, 0.048757, 0.0, 0.0, 0.0, 0.0, 1.0],
                [1.0, -5.7e-05, 5.4e-05, 0.0, 5.7e-05, 0.048757, -0.998811, 0.375166, 5.4e-05, 0.998811, 0.048757, 0.0, 0.0, 0.0, 0.0, 1.0],
                [1.0, -5.7e-05, 5.4e-05, -0.0, 5.7e-05, 0.048757, -0.998811, 0.375166, 5.4e-05, 0.998811, 0.048757, -0.0, 0.0, 0.0, 0.0, 1.0],
                [1.0, -5.7e-05, 5.4e-05, 0.0, 5.7e-05, 0.048757, -0.998811, 0.375166, 5.4e-05, 0.998811, 0.048757, 0.0, 0.0, 0.0, 0.0, 1.0],
                [1.0, -5.7e-05, 5.4e-05, 0.0, 5.7e-05, 0.048757, -0.998811, 0.375166, 5.4e-05, 0.998811, 0.048757, -0.0, 0.0, 0.0, 0.0, 1.0],
                [1.0, -5.7e-05, 5.4e-05, 0.0, 5.7e-05, 0.048757, -0.998811, 0.375166, 5.4e-05, 0.998811, 0.048757, 0.0, 0.0, 0.0, 0.0, 1.0],
                [1.0, -5.7e-05, 5.4e-05, 0.0, 5.7e-05, 0.048757, -0.998811, 0.375166, 5.4e-05, 0.998811, 0.048757, -0.0, 0.0, 0.0, 0.0, 1.0],
                [1.0, -5.7e-05, 5.4e-05, -0.0, 5.7e-05, 0.048757, -0.998811, 0.375166, 5.4e-05, 0.998811, 0.048757, -0.0, 0.0, 0.0, 0.0, 1.0],
                [1.0, -5.7e-05, 5.4e-05, 0.0, 5.7e-05, 0.048757, -0.998811, 0.375166, 5.4e-05, 0.998811, 0.048757, 0.0, 0.0, 0.0, 0.0, 1.0],
                [1.0, -5.7e-05, 5.4e-05, 0.0, 5.7e-05, 0.048757, -0.998811, 0.375166, 5.4e-05, 0.998811, 0.048757, 0.0, 0.0, 0.0, 0.0, 1.0],
                [1.0, -5.7e-05, 5.4e-05, 0.0, 5.7e-05, 0.048757, -0.998811, 0.375166, 5.4e-05, 0.998811, 0.048757, 0.0, 0.0, 0.0, 0.0, 1.0],
                [1.0, -5.7e-05, 5.4e-05, -0.0, 5.7e-05, 0.048757, -0.998811, 0.375166, 5.4e-05, 0.998811, 0.048757, -0.0, 0.0, 0.0, 0.0, 1.0],
                [1.0, -5.7e-05, 5.4e-05, -0.0, 5.7e-05, 0.048757, -0.998811, 0.375166, 5.4e-05, 0.998811, 0.048757, 0.0, 0.0, 0.0, 0.0, 1.0],
                [1.0, -5.7e-05, 5.4e-05, 0.0, 5.7e-05, 0.048757, -0.998811, 0.375166, 5.4e-05, 0.998811, 0.048757, -0.0, 0.0, 0.0, 0.0, 1.0],
                [1.0, -5.7e-05, 5.4e-05, 0.0, 5.7e-05, 0.048757, -0.998811, 0.375166, 5.4e-05, 0.99881, 0.048757, -0.0, 0.0, 0.0, 0.0, 1.0],
                [1.0, -5.7e-05, 5.4e-05, 0.0, 5.7e-05, 0.048757, -0.99881, 0.375166, 5.4e-05, 0.99881, 0.048757, 0.0, 0.0, 0.0, 0.0, 1.0],
                [1.0, -5.7e-05, 5.4e-05, -0.0, 5.7e-05, 0.048757, -0.998811, 0.375166, 5.4e-05, 0.998811, 0.048757, -0.0, 0.0, 0.0, 0.0, 1.0],
                [1.0, -5.7e-05, 5.4e-05, 0.0, 5.7e-05, 0.048757, -0.998811, 0.375166, 5.4e-05, 0.998811, 0.048757, 0.0, 0.0, 0.0, 0.0, 1.0],
                [1.0, -5.7e-05, 5.4e-05, 0.0, 5.7e-05, 0.048757, -0.998811, 0.375166, 5.4e-05, 0.998811, 0.048757, 0.0, 0.0, 0.0, 0.0, 1.0],
                [1.0, -5.7e-05, 5.4e-05, 0.0, 5.7e-05, 0.048757, -0.998811, 0.375166, 5.4e-05, 0.998811, 0.048757, 0.0, 0.0, 0.0, 0.0, 1.0],
                [1.0, -5.7e-05, 5.4e-05, -0.0, 5.7e-05, 0.048757, -0.99881, 0.375166, 5.4e-05, 0.998811, 0.048757, -0.0, 0.0, 0.0, 0.0, 1.0],
                [1.0, -5.7e-05, 5.4e-05, 0.0, 5.7e-05, 0.048757, -0.998811, 0.375166, 5.4e-05, 0.998811, 0.048757, 0.0, 0.0, 0.0, 0.0, 1.0],
                [1.0, -5.7e-05, 5.4e-05, 0.0, 5.7e-05, 0.048757, -0.998811, 0.375166, 5.4e-05, 0.998811, 0.048757, -0.0, 0.0, 0.0, 0.0, 1.0],
                [1.0, -5.7e-05, 5.4e-05, 0.0, 5.7e-05, 0.048757, -0.998811, 0.375166, 5.4e-05, 0.998811, 0.048757, -0.0, 0.0, 0.0, 0.0, 1.0],
                [1.0, -5.7e-05, 5.4e-05, 0.0, 5.7e-05, 0.048757, -0.998811, 0.375166, 5.4e-05, 0.998811, 0.048757, 0.0, 0.0, 0.0, 0.0, 1.0],
                [1.0, -5.7e-05, 5.4e-05, -0.0, 5.7e-05, 0.048757, -0.998811, 0.375166, 5.4e-05, 0.998811, 0.048757, 0.0, 0.0, 0.0, 0.0, 1.0],
                [1.0, -5.7e-05, 5.4e-05, -0.0, 5.7e-05, 0.048757, -0.998811, 0.375166, 5.4e-05, 0.998811, 0.048757, -0.0, 0.0, 0.0, 0.0, 1.0],
                [1.0, -5.7e-05, 5.4e-05, 0.0, 5.7e-05, 0.048757, -0.998811, 0.375166, 5.4e-05, 0.998811, 0.048757, 0.0, 0.0, 0.0, 0.0, 1.0],
                [1.0, -5.7e-05, 5.4e-05, 0.0, 5.7e-05, 0.048757, -0.998811, 0.375166, 5.4e-05, 0.998811, 0.048757, 0.0, 0.0, 0.0, 0.0, 1.0],
                [1.0, -5.7e-05, 5.4e-05, 0.0, 5.7e-05, 0.048757, -0.998811, 0.375166, 5.4e-05, 0.998811, 0.048757, 0.0, 0.0, 0.0, 0.0, 1.0],
                [1.0, -5.7e-05, 5.4e-05, 0.0, 5.7e-05, 0.048757, -0.998811, 0.375166, 5.4e-05, 0.998811, 0.048757, 0.0, 0.0, 0.0, 0.0, 1.0],
                [1.0, -5.7e-05, 5.4e-05, -0.0, 5.7e-05, 0.048757, -0.998811, 0.375166, 5.4e-05, 0.998811, 0.048757, -0.0, 0.0, 0.0, 0.0, 1.0],
                [1.0, -5.7e-05, 5.4e-05, 0.0, 5.7e-05, 0.048757, -0.998811, 0.375166, 5.4e-05, 0.998811, 0.048757, -0.0, 0.0, 0.0, 0.0, 1.0],
                [1.0, -5.7e-05, 5.4e-05, 0.0, 5.7e-05, 0.048757, -0.998811, 0.375166, 5.4e-05, 0.998811, 0.048757, -0.0, 0.0, 0.0, 0.0, 1.0],
                [1.0, -5.7e-05, 5.4e-05, 0.0, 5.7e-05, 0.048757, -0.998811, 0.375166, 5.4e-05, 0.998811, 0.048757, -0.0, 0.0, 0.0, 0.0, 1.0],
                [1.0, -5.7e-05, 5.4e-05, 0.0, 5.7e-05, 0.048757, -0.998811, 0.375166, 5.4e-05, 0.998811, 0.048757, -0.0, 0.0, 0.0, 0.0, 1.0],
                [1.0, -5.7e-05, 5.4e-05, 0.0, 5.7e-05, 0.048757, -0.99881, 0.375166, 5.4e-05, 0.99881, 0.048757, 0.0, 0.0, 0.0, 0.0, 1.0],
                [1.0, -5.7e-05, 5.4e-05, -0.0, 5.7e-05, 0.048757, -0.998811, 0.375166, 5.4e-05, 0.998811, 0.048757, -0.0, 0.0, 0.0, 0.0, 1.0],
                [1.0, -5.7e-05, 5.4e-05, -0.0, 5.7e-05, 0.048757, -0.998811, 0.375166, 5.4e-05, 0.998811, 0.048757, -0.0, 0.0, 0.0, 0.0, 1.0],
                [1.0, -5.7e-05, 5.4e-05, 0.0, 5.7e-05, 0.048757, -0.99881, 0.375166, 5.4e-05, 0.99881, 0.048757, 0.0, 0.0, 0.0, 0.0, 1.0],
                [1.0, -5.7e-05, 5.4e-05, 0.0, 5.7e-05, 0.048757, -0.998811, 0.375166, 5.4e-05, 0.998811, 0.048757, -0.0, 0.0, 0.0, 0.0, 1.0],
                [1.0, -5.7e-05, 5.4e-05, 0.0, 5.7e-05, 0.048757, -0.998811, 0.375166, 5.4e-05, 0.998811, 0.048757, 0.0, 0.0, 0.0, 0.0, 1.0],
                [1.0, -5.7e-05, 5.4e-05, 0.0, 5.7e-05, 0.048757, -0.998811, 0.375166, 5.4e-05, 0.998811, 0.048757, -0.0, 0.0, 0.0, 0.0, 1.0],
                [1.0, -5.7e-05, 5.4e-05, 0.0, 5.7e-05, 0.048757, -0.998811, 0.375166, 5.4e-05, 0.998811, 0.048757, 0.0, 0.0, 0.0, 0.0, 1.0],
                [1.0, -5.7e-05, 5.4e-05, -0.0, 5.7e-05, 0.048757, -0.998811, 0.375166, 5.4e-05, 0.998811, 0.048757, -0.0, 0.0, 0.0, 0.0, 1.0],
                [1.0, -5.7e-05, 5.4e-05, -0.0, 5.7e-05, 0.048757, -0.998811, 0.375166, 5.4e-05, 0.998811, 0.048757, 0.0, 0.0, 0.0, 0.0, 1.0],
                [1.0, -5.7e-05, 5.4e-05, -0.0, 5.7e-05, 0.048757, -0.998811, 0.375166, 5.4e-05, 0.998811, 0.048757, 0.0, 0.0, 0.0, 0.0, 1.0],
                [1.0, -5.7e-05, 5.4e-05, 0.0, 5.7e-05, 0.048757, -0.998811, 0.375166, 5.4e-05, 0.998811, 0.048757, -0.0, 0.0, 0.0, 0.0, 1.0],
                [1.0, -5.7e-05, 5.4e-05, 0.0, 5.7e-05, 0.048757, -0.998811, 0.375166, 5.4e-05, 0.998811, 0.048757, 0.0, 0.0, 0.0, 0.0, 1.0],
                [1.0, -5.7e-05, 5.4e-05, 0.0, 5.7e-05, 0.048757, -0.99881, 0.375166, 5.4e-05, 0.99881, 0.048757, 0.0, 0.0, 0.0, 0.0, 1.0],
                [1.0, -5.7e-05, 5.4e-05, 0.0, 5.7e-05, 0.048757, -0.998811, 0.375166, 5.4e-05, 0.998811, 0.048757, -0.0, 0.0, 0.0, 0.0, 1.0],
                [1.0, -5.7e-05, 5.4e-05, 0.0, 5.7e-05, 0.048757, -0.998811, 0.375166, 5.4e-05, 0.998811, 0.048757, 0.0, 0.0, 0.0, 0.0, 1.0],
