{
    "animation": [
        {
            "name": "Root",
            "time": [0.0, 0.0167, 0.0333, 0.05, 0.0667, 0.0833, 0.1, 0.1167, 0.1333, 0.15, 0.1667, 0.1833, 0.2, 0.2167, 0.2333, 0.25, 0.2667, 0.2833, 0.3, 0.3167, 0.3333, 0.35, 0.3667, 0.3833, 0.4, 0.4167, 0.4333, 0.45, 0.4667, 0.4833, 0.5, 0.5167, 0.5333, 0.55, 0.5667, 0.5833, 0.6, 0.6167, 0.6333, 0.65, 0.6667, 0.6833, 0.7, 0.7167, 0.7333, 0.75, 0.7667, 0.7833, 0.8, 0.8167, 0.8333, 0.85, 0.8667, 0.8833, 0.9, 0.9167, 0.9333, 0.95, 0.9667, 0.9833, 1.0, 1.0167, 1.0333, 1.05, 1.0667, 1.0833, 1.1, 1.1167, 1.1333, 1.15, 1.1667, 1.1833, 1.2],
            "transform": [
                [0.998133, 0.055029, 0.026496, -0.002756, 0.02639, 0.002666, -0.999648, 0.000813, -0.05508, 0.998481, 0.001209, 0.739422, 0.0, 0.0, 0.0, 1.0],
                [0.998133, 0.055029, 0.026496, -0.002756, 0.02639, 0.002666, -0.999648, 0.001037, -0.05508, 0.998481, 0.001209, 0.739258, 0.0, 0.0, 0.0, 1.0],
                [0.998133, 0.055029, 0.026496, -0.002756, 0.02639, 0.002666, -0.999648, 0.001712, -0.05508, 0.998481, 0.001209, 0.738762, 0.0, 0.0, 0.0, 1.0],
                [0.998133, 0.055029, 0.026496, -0.002756, 0.02639, 0.002666, -0.999648, 0.002841, -0.05508, 0.998481, 0.001209, 0.737935, 0.0, 0.0, 0.0, 1.0],
                [0.998133, 0.055029, 0.026496, -0.002756, 0.02639, 0.002666, -0.999648, 0.00441, -0.05508, 0.998481, 0.001209, 0.736784, 0.0, 0.0, 0.0, 1.0],
                [0.998133, 0.055029, 0.026496, -0.002756, 0.02639, 0.002666, -0.999648, 0.006393, -0.05508, 0.998481, 0.001209, 0.73533, 0.0, 0.0, 0.0, 1.0],
                [0.998133, 0.055029, 0.026496, -0.002756, 0.02639, 0.002666, -0.999648, 0.008743, -0.05508, 0.998481, 0.001209, 0.733607, 0.0, 0.0, 0.0, 1.0],
                [0.998133, 0.055029, 0.026496, -0.002756, 0.02639, 0.002666, -0.999648, 0.011392, -0.05508, 0.998481, 0.001209, 0.731664, 0.0, 0.0, 0.0, 1.0],
                [0.998133, 0.055029, 0.026496, -0.002756, 0.02639, 0.002666, -0.999648, 0.014254, -0.05508, 0.998481, 0.001209, 0.729566, 0.0, 0.0, 0.0, 1.0],
                [0.998133, 0.055029, 0.026496, -0.002756, 0.02639, 0.002666, -0.999648, 0.017227, -0.05508, 0.998481, 0.001209, 0.727385, 0.0, 0.0, 0.0, 1.0],
                [0.998133, 0.055029, 0.026496, -0.002756, 0.02639, 0.002666, -0.999648, 0.0202, -0.05508, 0.998481, 0.001209, 0.725205, 0.0, 0.0, 0.0, 1.0],
                [0.998133, 0.055029, 0.026496, -0.002756, 0.02639, 0.002666, -0.999648, 0.023062, -0.05508, 0.998481, 0.001209, 0.723106, 0.0, 0.0, 0.0, 1.0],
                [0.998133, 0.055029, 0.026496, -0.002756, 0.02639, 0.002666, -0.999648, 0.025711, -0.05508, 0.998481, 0.001209, 0.721164, 0.0, 0.0, 0.0, 1.0],
                [0.998133, 0.055029, 0.026496, -0.002756, 0.02639, 0.002666, -0.999648, 0.02806, -0.05508, 0.998481, 0.001209, 0.719441, 0.0, 0.0, 0.0, 1.0],
                [0.998133, 0.055029, 0.026496, -0.002756, 0.02639, 0.002666, -0.999648, 0.030043, -0.05508, 0.998481, 0.001209, 0.717987, 0.0, 0.0, 0.0, 1.0],
                [0.998133, 0.055029, 0.026496, -0.002756, 0.02639, 0.002666, -0.999648, 0.031612, -0.05508, 0.998481, 0.001209, 0.716836, 0.0, 0.0, 0.0, 1.0],
                [0.998133, 0.055029, 0.026496, -0.002756, 0.02639, 0.002666, -0.999648, 0.032741, -0.05508, 0.998481, 0.001209, 0.716008, 0.0, 0.0, 0.0, 1.0],
                [0.998133, 0.055029, 0.026496, -0.002756, 0.02639, 0.002666, -0.999648, 0.033417, -0.05508, 0.998481, 0.001209, 0.715513, 0.0, 0.0, 0.0, 1.0],
                [0.998133, 0.055029, 0.026496, -0.002756, 0.02639, 0.002666, -0.999648, 0.03364, -0.05508, 0.998481, 0.001209, 0.715349, 0.0, 0.0, 0.0, 1.0],
                [0.998133, 0.055029, 0.026496, -0.002756, 0.02639, 0.002666, -0.999648, 0.033417, -0.05508, 0.998481, 0.001209, 0.715513, 0.0, 0.0, 0.0, 1.0],
                [0.998133, 0.055029, 0.026496, -0.002756, 0.02639, 0.002666, -0.999648, 0.032741, -0.05508, 0.998481, 0.001209, 0.716008, 0.0, 0.0, 0.0, 1.0],
                [0.998133, 0.055029, 0.026496, -0.002756, 0.02639, 0.002666, -0.999648, 0.031612, -0.05508, 0.998481, 0.001209, 0.716836, 0.0, 0.0, 0.0, 1.0],
                [0.998133, 0.055029, 0.026496, -0.002756, 0.02639, 0.002666, -0.999648, 0.030043, -0.05508, 0.998481, 0.001209, 0.717987, 0.0, 0.0, 0.0, 1.0],
                [0.998133, 0.055029, 0.026496, -0.002756, 0.02639, 0.002666, -0.999648, 0.02806, -0.05508, 0.998481, 0.001209, 0.719441, 0.0, 0.0, 0.0, 1.0],
                [0.998133, 0.055029, 0.026496, -0.002756, 0.02639, 0.002666, -0.999648, 0.025711, -0.05508, 0.998481, 0.001209, 0.721164, 0.0, 0.0, 0.0, 1.0],
                [0.998133, 0.055029, 0.026496, -0.002756, 0.02639, 0.002666, -0.999648, 0.023062, -0.05508, 0.998481, 0.001209, 0.723106, 0.0, 0.0, 0.0, 1.0],
                [0.998133, 0.055029, 0.026496, -0.002756, 0.02639, 0.002666, -0.999648, 0.0202, -0.05508, 0.998481, 0.001209, 0.725205, 0.0, 0.0, 0.0, 1.0],
                [0.998133, 0.055029, 0.026496, -0.002756, 0.02639, 0.002666, -0.999648, 0.017227, -0.05508, 0.998481, 0.001209, 0.727385, 0.0, 0.0, 0.0, 1.0],
                [0.998133, 0.055029, 0.026496, -0.002756, 0.02639, 0.002666, -0.999648, 0.014254, -0.05508, 0.998481, 0.001209, 0.729566, 0.0, 0.0, 0.0, 1.0],
                [0.998133, 0.055029, 0.026496, -0.002756, 0.02639, 0.002666, -0.999648, 0.011392, -0.05508, 0.998481, 0.001209, 0.731664, 0.0, 0.0, 0.0, 1.0],
                [0.998133, 0.055029, 0.026496, -0.002756, 0.02639, 0.002666, -0.999648, 0.008743, -0.05508, 0.998481, 0.001209, 0.733607, 0.0, 0.0, 0.0, 1.0],
                [0.998133, 0.055029, 0.026496, -0.002756, 0.02639, 0.002666, -0.999648, 0.006393, -0.05508, 0.998481, 0.001209, 0.73533, 0.0, 0.0, 0.0, 1.0],
                [0.998133, 0.055029, 0.026496, -0.002756, 0.02639, 0.002666, -0.999648, 0.00441, -0.05508, 0.998481, 0.001209, 0.736784, 0.0, 0.0, 0.0, 1.0],
                [0.998133, 0.055029, 0.026496, -0.002756, 0.02639, 0.002666, -0.999648, 0.002841, -0.05508, 0.998481, 0.001209, 0.737935, 0.0, 0.0, 0.0, 1.0],
                [0.998133, 0.055029, 0.026496, -0.002756, 0.02639, 0.002666, -0.999648, 0.001712, -0.05508, 0.998481, 0.001209, 0.738762, 0.0, 0.0, 0.0, 1.0],
                [0.998133, 0.055029, 0.026496, -0.002756, 0.02639, 0.002666, -0.999648, 0.001037, -0.05508, 0.998481, 0.001209, 0.739258, 0.0, 0.0, 0.0, 1.0],
                [0.998133, 0.055029, 0.026496, -0.002756, 0.02639, 0.002666, -0.999648, 0.000813, -0.05508, 0.998481, 0.001209, 0.739422, 0.0, 0.0, 0.0, 1.0],
                [0.998133, 0.055029, 0.026496, -0.002756, 0.02639, 0.002666, -0.999648, 0.001037, -0.05508, 0.998481, 0.001209, 0.739258, 0.0, 0.0, 0.0, 1.0],
                [0.998133, 0.055029, 0.026496, -0.002756, 0.02639, 0.002666, -0.999648, 0.001712, -0.05508, 0.998481, 0.001209, 0.738762, 0.0, 0.0, 0.0, 1.0],
                [0.998133, 0.055029, 0.026496, -0.002756, 0.02639, 0.002666, -0.999648, 0.002841, -0.05508, 0.998481, 0.001209, 0.737935, 0.0, 0.0, 0.0, 1.0],
                [0.998133, 0.055029, 0.026496, -0.002756, 0.02639, 0.002666, -0.999648, 0.00441, -0.05508, 0.998481, 0.001209, 0.736784, 0.0, 0.0, 0.0, 1.0],
                [0.998133, 0.055029, 0.026496, -0.002756, 0.02639, 0.002666, -0.999648, 0.006393, -0.05508, 0.998481, 0.001209, 0.73533, 0.0, 0.0, 0.0, 1.0],
                [0.998133, 0.055029, 0.026496, -0.002756, 0.02639, 0.002666, -0.999648, 0.008743, -0.05508, 0.998481, 0.001209, 0.733607, 0.0, 0.0, 0.0, 1.0],
                [0.998133, 0.055029, 0.026496, -0.002756, 0.02639, 0.002666, -0.999648, 0.011392, -0.05508, 0.998481, 0.001209, 0.731664, 0.0, 0.0, 0.0, 1.0],
                [0.998133, 0.055029, 0.026496, -0.002756, 0.02639, 0.002666, -0.999648, 0.014254, -0.05508, 0.998481, 0.001209, 0.729566, 0.0, 0.0, 0.0, 1.0],
                [0.998133, 0.055029, 0.026496, -0.002756, 0.02639, 0.002666, -0.999648, 0.017227, -0.05508, 0.998481, 0.001209, 0.727385, 0.0, 0.0, 0.0, 1.0],
                [0.998133, 0.055029, 0.026496, -0.002756, 0.02639, 0.002666, -0.999648, 0.0202, -0.05508, 0.998481, 0.001209, 0.725205, 0.0, 0.0, 0.0, 1.0],
                [0.998133, 0.055029, 0.026496, -0.002756, 0.02639, 0.002666, -0.999648, 0.023062, -0.05508, 0.998481, 0.001209, 0.723106, 0.0, 0.0, 0.0, 1.0],
                [0.998133, 0.055029, 0.026496, -0.002756, 0.02639, 0.002666, -0.999648, 0.025711, -0.05508, 0.998481, 0.001209, 0.721164, 0.0, 0.0, 0.0, 1.0],
                [0.998133, 0.055029, 0.026496, -0.002756, 0.02639, 0.002666, -0.999648, 0.02806, -0.05508, 0.998481, 0.001209, 0.719441, 0.0, 0.0, 0.0, 1.0],
                [0.998133, 0.055029, 0.026496, -0.002756, 0.02639, 0.002666, -0.999648, 0.030043, -0.05508, 0.998481, 0.001209, 0.717987, 0.0, 0.0, 0.0, 1.0],
                [0.998133, 0.055029, 0.026496, -0.002756, 0.02639, 0.002666, -0.999648, 0.031612, -0.05508, 0.998481, 0.001209, 0.716836, 0.0, 0.0, 0.0, 1.0],
                [0.998133, 0.055029, 0.026496, -0.002756, 0.02639, 0.002666, -0.999648, 0.032741, -0.05508, 0.998481, 0.001209, 0.716008, 0.0, 0.0, 0.0, 1.0],
                [0.998133, 0.055029, 0.026496, -0.002756, 0.02639, 0.002666, -0.999648, 0.033417, -0.05508, 0.998481, 0.001209, 0.715513, 0.0, 0.0, 0.0, 1.0],
                [0.998133, 0.055029, 0.026496, -0.002756, 0.02639, 0.002666, -0.999648, 0.03364, -0.05508, 0.998481, 0.001209, 0.715349, 0.0, 0.0, 0.0, 1.0],
                [0.998133, 0.055029, 0.026496, -0.002756, 0.02639, 0.002666, -0.999648, 0.033417, -0.05508, 0.998481, 0.001209, 0.715513, 0.0, 0.0, 0.0, 1.0],
                [0.998133, 0.055029, 0.026496, -0.002756, 0.02639, 0.002666, -0.999648, 0.032741, -0.05508, 0.998481, 0.001209, 0.716008, 0.0, 0.0, 0.0, 1.0],
                [0.998133, 0.055029, 0.026496, -0.002756, 0.02639, 0.002666, -0.999648, 0.031612, -0.05508, 0.998481, 0.001209, 0.716836, 0.0, 0.0, 0.0, 1.0],
                [0.998133, 0.055029, 0.026496, -0.002756, 0.02639, 0.002666, -0.999648, 0.030043, -0.05508, 0.998481, 0.001209, 0.717987, 0.0, 0.0, 0.0, 1.0],
                [0.998133, 0.055029, 0.026496, -0.002756, 0.02639, 0.002666, -0.999648, 0.02806, -0.05508, 0.998481, 0.001209, 0.719441, 0.0, 0.0, 0.0, 1.0],
                [0.998133, 0.055029, 0.026496, -0.002756, 0.02639, 0.002666, -0.999648, 0.025711, -0.05508, 0.998481, 0.001209, 0.721164, 0.0, 0.0, 0.0, 1.0],
                [0.998133, 0.055029, 0.026496, -0.002756, 0.02639, 0.002666, -0.999648, 0.023062, -0.05508, 0.998481, 0.001209, 0.723106, 0.0, 0.0, 0.0, 1.0],
                [0.998133, 0.055029, 0.026496, -0.002756, 0.02639, 0.002666, -0.999648, 0.0202, -0.05508, 0.998481, 0.001209, 0.725205, 0.0, 0.0, 0.0, 1.0],
                [0.998133, 0.055029, 0.026496, -0.002756, 0.02639, 0.002666, -0.999648, 0.017227, -0.05508, 0.998481, 0.001209, 0.727385, 0.0, 0.0, 0.0, 1.0],
                [0.998133, 0.055029, 0.026496, -0.002756, 0.02639, 0.002666, -0.999648, 0.014254, -0.05508, 0.998481, 0.001209, 0.729565, 0.0, 0.0, 0.0, 1.0],
                [0.998133, 0.055029, 0.026496, -0.002756, 0.02639, 0.002666, -0.999648, 0.011392, -0.05508, 0.998481, 0.001209, 0.731664, 0.0, 0.0, 0.0, 1.0],
                [0.998133, 0.055029, 0.026496, -0.002756, 0.02639, 0.002666, -0.999648, 0.008743, -0.05508, 0.998481, 0.001209, 0.733607, 0.0, 0.0, 0.0, 1.0],
                [0.998133, 0.055029, 0.026496, -0.002756, 0.02639, 0.002666, -0.999648, 0.006393, -0.05508, 0.998481, 0.001209, 0.73533, 0.0, 0.0, 0.0, 1.0],
                [0.998133, 0.055029, 0.026496, -0.002756, 0.02639, 0.002666, -0.999648, 0.00441, -0.05508, 0.998481, 0.001209, 0.736784, 0.0, 0.0, 0.0, 1.0],
                [0.998133, 0.055029, 0.026496, -0.002756, 0.02639, 0.002666, -0.999648, 0.002841, -0.05508, 0.998481, 0.001209, 0.737935, 0.0, 0.0, 0.0, 1.0],
                [0.998133, 0.055029, 0.026496, -0.002756, 0.02639, 0.002666, -0.999648, 0.001712, -0.05508, 0.998481, 0.001209, 0.738762, 0.0, 0.0, 0.0, 1.0],
                [0.998133, 0.055029, 0.026496, -0.002756, 0.02639, 0.002666, -0.999648, 0.001037, -0.05508, 0.998481, 0.001209, 0.739258, 0.0, 0.0, 0.0, 1.0],
                [0.998133, 0.055029, 0.026496, -0.002756, 0.02639, 0.002666, -0.999648, 0.000813, -0.05508, 0.998481, 0.001209, 0.739422, 0.0, 0.0, 0.0, 1.0]
            ]
        },
        {
            "name": "Thigh_R",
            "time": [0.0, 0.0167, 0.0333, 0.05, 0.0667, 0.0833, 0.1, 0.1167, 0.1333, 0.15, 0.1667, 0.1833, 0.2, 0.2167, 0.2333, 0.25, 0.2667, 0.2833, 0.3, 0.3167, 0.3333, 0.35, 0.3667, 0.3833, 0.4, 0.4167, 0.4333, 0.45, 0.4667, 0.4833, 0.5, 0.5167, 0.5333, 0.55, 0.5667, 0.5833, 0.6, 0.6167, 0.6333, 0.65, 0.6667, 0.6833, 0.7, 0.7167, 0.7333, 0.75, 0.7667, 0.7833, 0.8, 0.8167, 0.8333, 0.85, 0.8667, 0.8833, 0.9, 0.9167, 0.9333, 0.95, 0.9667, 0.9833, 1.0, 1.0167, 1.0333, 1.05, 1.0667, 1.0833, 1.1, 1.1167, 1.1333, 1.15, 1.1667, 1.1833, 1.2],
            "transform": [
                [0.996533, 0.034308, -0.075791, 0.124994, 0.073369, -0.791908, 0.606217, -0.002831, -0.039221, -0.609678, -0.791684, -1.2e-05, 0.0, 0.0, 0.0, 1.0],
                [0.996572, 0.034052, -0.075399, 0.124799, 0.073212, -0.78742, 0.612055, -0.002843, -0.038529, -0.615478, -0.787217, -0.000196, 0.0, 0.0, 0.0, 1.0],
                [0.996688, 0.033264, -0.074208, 0.124211, 0.072683, -0.773658, 0.629422, -0.002882, -0.036474, -0.632732, -0.773517, -0.000753, 0.0, 0.0, 0.0, 1.0],
                [0.996877, 0.031955, -0.07222, 0.123229, 0.07165, -0.750555, 0.656912, -0.002946, -0.033213, -0.660036, -0.750505, -0.001682, 0.0, 0.0, 0.0, 1.0],
                [0.997125, 0.0302, -0.0695, 0.121863, 0.069974, -0.71897, 0.69151, -0.003035, -0.029084, -0.694386, -0.71902, -0.002975, 0.0, 0.0, 0.0, 1.0],
                [0.997408, 0.028162, -0.066206, 0.120138, 0.067619, -0.681276, 0.728898, -0.003148, -0.024577, -0.731486, -0.681419, -0.004609, 0.0, 0.0, 0.0, 1.0],
                [0.997698, 0.026103, -0.062593, 0.118093, 0.064741, -0.641464, 0.764418, -0.003281, -0.020197, -0.766711, -0.641681, -0.006544, 0.0, 0.0, 0.0, 1.0],
                [0.997963, 0.024353, -0.058968, 0.115788, 0.061685, -0.604294, 0.794372, -0.003431, -0.016288, -0.796391, -0.604569, -0.008727, 0.0, 0.0, 0.0, 1.0],
                [0.998183, 0.023236, -0.055602, 0.113297, 0.058858, -0.573883, 0.816821, -0.003594, -0.012929, -0.818609, -0.574212, -0.011085, 0.0, 0.0, 0.0, 1.0],
                [0.998348, 0.022982, -0.052658, 0.11071, 0.056581, -0.552518, 0.83158, -0.003763, -0.009983, -0.833185, -0.55291, -0.013534, 0.0, 0.0, 0.0, 1.0],
                [0.99846, 0.02367, -0.050181, 0.108123, 0.05501, -0.540148, 0.839772, -0.003932, -0.007228, -0.841238, -0.540622, -0.015983, 0.0, 0.0, 0.0, 1.0],
                [0.998522, 0.025266, -0.048115, 0.105632, 0.054162, -0.53531, 0.842919, -0.004094, -0.004459, -0.844279, -0.535891, -0.018341, 0.0, 0.0, 0.0, 1.0],
                [0.998542, 0.02764, -0.046373, 0.103327, 0.053964, -0.535472, 0.842829, -0.004244, -0.001536, -0.844101, -0.536187, -0.020523, 0.0, 0.0, 0.0, 1.0],
                [0.998449, 0.030778, -0.046389, 0.101282, 0.055668, -0.543845, 0.83734, -0.004378, 0.000543, -0.838622, -0.544719, -0.022459, 0.0, 0.0, 0.0, 1.0],
                [0.998145, 0.03495, -0.049845, 0.099556, 0.060875, -0.566276, 0.821967, -0.00449, 0.000501, -0.823475, -0.567357, -0.024092, 0.0, 0.0, 0.0, 1.0],
                [0.997612, 0.040508, -0.055942, 0.098191, 0.069052, -0.602409, 0.795197, -0.00458, -0.001488, -0.79716, -0.603772, -0.025385, 0.0, 0.0, 0.0, 1.0],
                [0.996924, 0.047476, -0.062352, 0.097208, 0.07824, -0.648664, 0.757045, -0.004644, -0.004504, -0.759593, -0.650387, -0.026315, 0.0, 0.0, 0.0, 1.0],
                [0.996253, 0.055313, -0.06648, 0.09662, 0.086163, -0.700798, 0.708139, -0.004682, -0.00742, -0.711212, -0.702942, -0.026872, 0.0, 0.0, 0.0, 1.0],
                [0.995756, 0.063792, -0.06634, 0.096426, 0.091534, -0.761467, 0.641711, -0.004694, -0.00958, -0.645057, -0.764078, -0.027056, 0.0, 0.0, 0.0, 1.0],
                [0.995384, 0.072321, -0.063084, 0.09662, 0.095284, -0.823139, 0.559791, -0.004677, -0.011442, -0.563216, -0.826235, -0.026996, 0.0, 0.0, 0.0, 1.0],
                [0.995035, 0.075347, -0.065026, 0.097209, 0.098602, -0.835155, 0.541106, -0.004624, -0.013536, -0.544829, -0.838442, -0.026805, 0.0, 0.0, 0.0, 1.0],
                [0.994735, 0.078478, -0.06591, 0.098191, 0.101251, -0.852003, 0.513655, -0.004535, -0.015844, -0.517622, -0.855467, -0.026465, 0.0, 0.0, 0.0, 1.0],
                [0.9945, 0.081438, -0.065856, 0.099557, 0.103125, -0.871219, 0.479943, -0.004414, -0.018289, -0.484093, -0.87483, -0.02596, 0.0, 0.0, 0.0, 1.0],
                [0.994335, 0.083883, -0.065275, 0.101282, 0.104227, -0.889858, 0.444174, -0.004263, -0.020826, -0.44846, -0.893565, -0.025273, 0.0, 0.0, 0.0, 1.0],
                [0.994224, 0.079891, -0.071659, 0.103327, 0.10474, -0.867851, 0.485661, -0.004087, -0.02339, -0.49036, -0.871211, -0.024389, 0.0, 0.0, 0.0, 1.0],
                [0.994161, 0.07647, -0.076134, 0.105632, 0.104723, -0.853875, 0.509835, -0.003892, -0.026022, -0.51483, -0.856902, -0.023298, 0.0, 0.0, 0.0, 1.0],
                [0.994139, 0.074342, -0.078487, 0.108123, 0.104245, -0.851532, 0.513836, -0.003686, -0.028635, -0.519006, -0.854296, -0.021994, 0.0, 0.0, 0.0, 1.0],
                [0.994162, 0.073263, -0.07921, 0.11071, 0.103323, -0.857916, 0.503295, -0.003479, -0.031083, -0.50854, -0.860482, -0.020477, 0.0, 0.0, 0.0, 1.0],
                [0.994227, 0.073279, -0.078373, 0.113298, 0.102015, -0.871919, 0.478906, -0.003281, -0.033241, -0.484136, -0.874366, -0.018755, 0.0, 0.0, 0.0, 1.0],
                [0.994328, 0.074361, -0.076043, 0.115788, 0.100427, -0.891831, 0.441081, -0.0031, -0.035018, -0.446216, -0.894245, -0.016844, 0.0, 0.0, 0.0, 1.0],
                [0.994452, 0.076315, -0.072392, 0.118094, 0.098703, -0.914913, 0.391397, -0.002945, -0.036362, -0.396371, -0.917375, -0.014763, 0.0, 0.0, 0.0, 1.0],
                [0.994586, 0.078805, -0.067734, 0.120138, 0.097003, -0.937838, 0.333241, -0.002824, -0.037262, -0.338008, -0.94041, -0.012535, 0.0, 0.0, 0.0, 1.0],
                [0.994715, 0.081457, -0.062499, 0.121864, 0.095485, -0.957678, 0.271542, -0.002741, -0.037735, -0.276075, -0.9604, -0.010185, 0.0, 0.0, 0.0, 1.0],
                [0.994827, 0.083969, -0.057169, 0.12323, 0.094282, -0.97273, 0.211915, -0.002699, -0.037815, -0.21621, -0.975619, -0.007736, 0.0, 0.0, 0.0, 1.0],
                [0.994912, 0.086155, -0.052222, 0.124212, 0.09349, -0.982699, 0.159885, -0.0027, -0.037543, -0.163955, -0.985758, -0.005212, 0.0, 0.0, 0.0, 1.0],
                [0.994965, 0.087962, -0.048044, 0.1248, 0.093165, -0.988427, 0.119717, -0.002744, -0.036957, -0.123592, -0.99165, -0.002632, 0.0, 0.0, 0.0, 1.0],
                [0.994981, 0.089401, -0.044948, 0.124994, 0.09333, -0.991126, 0.094647, -0.002831, -0.036087, -0.098368, -0.9945, -1.2e-05, 0.0, 0.0, 0.0, 1.0],
                [0.994966, 0.090843, -0.042305, 0.124613, 0.094025, -0.992307, 0.080532, -0.002952, -0.034664, -0.084105, -0.995858, 0.002886, 0.0, 0.0, 0.0, 1.0],
                [0.994921, 0.092621, -0.03941, 0.12346, 0.095302, -0.992792, 0.072677, -0.0031, -0.032394, -0.076065, -0.996581, 0.006308, 0.0, 0.0, 0.0, 1.0],
                [0.994836, 0.094779, -0.036309, 0.121535, 0.097178, -0.992712, 0.071265, -0.003274, -0.02929, -0.074427, -0.996801, 0.010238, 0.0, 0.0, 0.0, 1.0],
                [0.994696, 0.097407, -0.033044, 0.118858, 0.099673, -0.992131, 0.075778, -0.003472, -0.025403, -0.078671, -0.996582, 0.014641, 0.0, 0.0, 0.0, 1.0],
                [0.994482, 0.100628, -0.029663, 0.115476, 0.102817, -0.991063, 0.084988, -0.003693, -0.020845, -0.08757, -0.995945, 0.01946, 0.0, 0.0, 0.0, 1.0],
                [0.994171, 0.104575, -0.026246, 0.111469, 0.106654, -0.98953, 0.097235, -0.003932, -0.015803, -0.099468, -0.99492, 0.024614, 0.0, 0.0, 0.0, 1.0],
                [0.99374, 0.109355, -0.022866, 0.10695, 0.111222, -0.987668, 0.110193, -0.004184, -0.010534, -0.112047, -0.993652, 0.029994, 0.0, 0.0, 0.0, 1.0],
                [0.993172, 0.114991, -0.019637, 0.102069, 0.116533, -0.98568, 0.12188, -0.004442, -0.005341, -0.123338, -0.992355, 0.03547, 0.0, 0.0, 0.0, 1.0],
                [0.992463, 0.121404, -0.01665, 0.096998, 0.122539, -0.983841, 0.130542, -0.0047, -0.000533, -0.1316, -0.991308, 0.040893, 0.0, 0.0, 0.0, 1.0],
                [0.991623, 0.128409, -0.013974, 0.091927, 0.129116, -0.982389, 0.135057, -0.004949, 0.003615, -0.135731, -0.990744, 0.046112, 0.0, 0.0, 0.0, 1.0],
                [0.990675, 0.135758, -0.011556, 0.087045, 0.136074, -0.981552, 0.134312, -0.005182, 0.006891, -0.134633, -0.990876, 0.050981, 0.0, 0.0, 0.0, 1.0],
                [0.989655, 0.143166, -0.009317, 0.082527, 0.143177, -0.981408, 0.127821, -0.005394, 0.009156, -0.127834, -0.991758, 0.055371, 0.0, 0.0, 0.0, 1.0],
                [0.988635, 0.150185, -0.006713, 0.07852, 0.149964, -0.982068, 0.114248, -0.005577, 0.010566, -0.113957, -0.993434, 0.059181, 0.0, 0.0, 0.0, 1.0],
                [0.987688, 0.156405, -0.003174, 0.075138, 0.156027, -0.983432, 0.09229, -0.00573, 0.011313, -0.09165, -0.995732, 0.062337, 0.0, 0.0, 0.0, 1.0],
                [0.986853, 0.161611, 0.001449, 0.072461, 0.161214, -0.984985, 0.061761, -0.00585, 0.011408, -0.060717, -0.998094, 0.064796, 0.0, 0.0, 0.0, 1.0],
                [0.986167, 0.165601, 0.007162, 0.070536, 0.165396, -0.985954, 0.023214, -0.005935, 0.010906, -0.02171, -0.999709, 0.066541, 0.0, 0.0, 0.0, 1.0],
                [0.985658, 0.168184, 0.013876, 0.069384, 0.168464, -0.985453, -0.022411, -0.005985, 0.009905, 0.024426, -0.999657, 0.067574, 0.0, 0.0, 0.0, 1.0],
                [0.985349, 0.169222, 0.021223, 0.069002, 0.170334, -0.982692, -0.072822, -0.006002, 0.008532, 0.075368, -0.997124, 0.067913, 0.0, 0.0, 0.0, 1.0],
                [0.985257, 0.168638, 0.02879, 0.069384, 0.170938, -0.977219, -0.125794, -0.00598, 0.00692, 0.128859, -0.991643, 0.06745, 0.0, 0.0, 0.0, 1.0],
                [0.985396, 0.166445, 0.03593, 0.070536, 0.1702, -0.969187, -0.178073, -0.005915, 0.005184, 0.181585, -0.983366, 0.066052, 0.0, 0.0, 0.0, 1.0],
                [0.985767, 0.162801, 0.041938, 0.072461, 0.168081, -0.959474, -0.226184, -0.005806, 0.003415, 0.230012, -0.973186, 0.063717, 0.0, 0.0, 0.0, 1.0],
                [0.986359, 0.158074, 0.045924, 0.075138, 0.164601, -0.949997, -0.265353, -0.005654, 0.001682, 0.269291, -0.963062, 0.060469, 0.0, 0.0, 0.0, 1.0],
                [0.987142, 0.152814, 0.046877, 0.07852, 0.159843, -0.943799, -0.289302, -0.005463, 3.3e-05, 0.293073, -0.956094, 0.056367, 0.0, 0.0, 0.0, 1.0],
                [0.988078, 0.147484, 0.044168, 0.082527, 0.153948, -0.943713, -0.292757, -0.005236, -0.001495, 0.296065, -0.955171, 0.051505, 0.0, 0.0, 0.0, 1.0],
                [0.989153, 0.142807, 0.03439, 0.087046, 0.146854, -0.95629, -0.252872, -0.00498, -0.003225, 0.255177, -0.966893, 0.046024, 0.0, 0.0, 0.0, 1.0],
                [0.990346, 0.13737, 0.018553, 0.091927, 0.138509, -0.975382, -0.171601, -0.004704, -0.005477, 0.172512, -0.984997, 0.040102, 0.0, 0.0, 0.0, 1.0],
                [0.991583, 0.129467, 0.000749, 0.096998, 0.129208, -0.989198, -0.069239, -0.004416, -0.008223, 0.068751, -0.997604, 0.03395, 0.0, 0.0, 0.0, 1.0],
                [0.992785, 0.118703, -0.016959, 0.102069, 0.11936, -0.991818, 0.045278, -0.004129, -0.011446, -0.046977, -0.998835, 0.027799, 0.0, 0.0, 0.0, 1.0],
                [0.993876, 0.105436, -0.033078, 0.106951, 0.109464, -0.980344, 0.164143, -0.003853, -0.015122, -0.16676, -0.985886, 0.021877, 0.0, 0.0, 0.0, 1.0],
                [0.994795, 0.090621, -0.046583, 0.111469, 0.100066, -0.955056, 0.279024, -0.003597, -0.019204, -0.282235, -0.959158, 0.016396, 0.0, 0.0, 0.0, 1.0],
                [0.995507, 0.075581, -0.057032, 0.115476, 0.091698, -0.919673, 0.381829, -0.00337, -0.023592, -0.385344, -0.922476, 0.011534, 0.0, 0.0, 0.0, 1.0],
                [0.996004, 0.061685, -0.064588, 0.118858, 0.08478, -0.880455, 0.466488, -0.003178, -0.028091, -0.470101, -0.88217, 0.007432, 0.0, 0.0, 0.0, 1.0],
                [0.996306, 0.050035, -0.069796, 0.121535, 0.079542, -0.844023, 0.530376, -0.003027, -0.032372, -0.53397, -0.844889, 0.004184, 0.0, 0.0, 0.0, 1.0],
                [0.996459, 0.041361, -0.073206, 0.12346, 0.076, -0.815514, 0.573726, -0.002918, -0.03597, -0.577259, -0.815774, 0.001849, 0.0, 0.0, 0.0, 1.0],
                [0.996519, 0.036069, -0.075157, 0.124613, 0.074004, -0.797812, 0.598347, -0.002852, -0.038379, -0.601828, -0.797709, 0.000451, 0.0, 0.0, 0.0, 1.0],
                [0.996533, 0.034308, -0.075791, 0.124994, 0.073369, -0.791908, 0.606217, -0.002831, -0.039221, -0.609678, -0.791684, -1.2e-05, 0.0, 0.0, 0.0, 1.0]
            ]
        },
        {
            "name": "Leg_R",
            "time": [0.0, 0.0167, 0.0333, 0.05, 0.0667, 0.0833, 0.1, 0.1167, 0.1333, 0.15, 0.1667, 0.1833, 0.2, 0.2167, 0.2333, 0.25, 0.2667, 0.2833, 0.3, 0.3167, 0.3333, 0.35, 0.3667, 0.3833, 0.4, 0.4167, 0.4333, 0.45, 0.4667, 0.4833, 0.5, 0.5167, 0.5333, 0.55, 0.5667, 0.5833, 0.6, 0.6167, 0.6333, 0.65, 0.6667, 0.6833, 0.7, 0.7167, 0.7333, 0.75, 0.7667, 0.7833, 0.8, 0.8167, 0.8333, 0.85, 0.8667, 0.8833, 0.9, 0.9167, 0.9333, 0.95, 0.9667, 0.9833, 1.0, 1.0167, 1.0333, 1.05, 1.0667, 1.0833, 1.1, 1.1167, 1.1333, 1.15, 1.1667, 1.1833, 1.2],
            "transform": [
                [0.999999, -0.001043, -0.00083, -0.0, 0.00115, 0.360939, 0.932591, 0.375166, -0.000673, -0.932586, 0.360939, -0.0, 0.0, 0.0, 0.0, 1.0],
                [0.999999, -0.001044, -0.000831, -0.0, 0.001151, 0.359381, 0.933192, 0.375166, -0.000675, -0.933188, 0.35938, 0.0, 0.0, 0.0, 0.0, 1.0],
                [0.999999, -0.001045, -0.000836, 0.0, 0.001153, 0.355442, 0.9347, 0.375166, -0.00068, -0.934695, 0.355442, -0.0, 0.0, 0.0, 0.0, 1.0],
                [0.999999, -0.001047, -0.00084, 0.0, 0.001155, 0.351496, 0.936191, 0.375166, -0.000685, -0.936186, 0.351495, 0.0, 0.0, 0.0, 0.0, 1.0],
                [0.999999, -0.001047, -0.00084, -0.0, 0.001155, 0.351329, 0.936253, 0.375166, -0.000685, -0.936249, 0.351328, -0.0, 0.0, 0.0, 0.0, 1.0],
                [0.999999, -0.001044, -0.000831, -0.0, 0.001151, 0.359448, 0.933167, 0.375166, -0.000675, -0.933162, 0.359447, 0.0, 0.0, 0.0, 0.0, 1.0],
                [0.999999, -0.001035, -0.000809, -0.0, 0.001141, 0.379628, 0.925141, 0.375166, -0.00065, -0.925136, 0.379627, 0.0, 0.0, 0.0, 0.0, 1.0],
                [0.999999, -0.001018, -0.000771, -0.0, 0.001123, 0.413225, 0.91063, 0.375166, -0.000609, -0.910626, 0.413224, -0.0, 0.0, 0.0, 0.0, 1.0],
                [0.999999, -0.000994, -0.000721, -0.0, 0.001096, 0.45846, 0.888717, 0.375166, -0.000553, -0.888713, 0.458459, 0.0, 0.0, 0.0, 0.0, 1.0],
                [0.999999, -0.000961, -0.000662, 0.0, 0.00106, 0.510996, 0.859585, 0.375166, -0.000488, -0.859581, 0.510995, 0.0, 0.0, 0.0, 0.0, 1.0],
                [0.999999, -0.000923, -0.000602, -0.0, 0.001018, 0.564985, 0.825103, 0.375166, -0.000421, -0.825099, 0.564984, 0.0, 0.0, 0.0, 0.0, 1.0],
                [0.999999, -0.000882, -0.000545, 0.0, 0.000972, 0.615299, 0.788295, 0.375166, -0.000359, -0.788291, 0.615298, 0.0, 0.0, 0.0, 0.0, 1.0],
                [0.999999, -0.000843, -0.000498, 0.0, 0.000929, 0.65755, 0.753413, 0.375166, -0.000307, -0.753408, 0.657549, 0.0, 0.0, 0.0, 0.0, 1.0],
                [0.999999, -0.000797, -0.000449, -0.0, 0.000879, 0.701644, 0.71253, 0.375166, -0.000253, -0.712526, 0.701643, 0.0, 0.0, 0.0, 0.0, 1.0],
                [0.999999, -0.00073, -0.000386, 0.0, 0.000805, 0.757763, 0.652532, 0.375166, -0.000184, -0.652528, 0.757762, 0.0, 0.0, 0.0, 0.0, 1.0],
                [0.999999, -0.000639, -0.000315, -0.0, 0.000704, 0.82085, 0.571146, 0.375166, -0.000106, -0.571143, 0.820849, 0.0, 0.0, 0.0, 0.0, 1.0],
                [1.0, -0.000525, -0.000246, 0.0, 0.000579, 0.883059, 0.469264, 0.375166, -2.9e-05, -0.469261, 0.883058, -0.0, 0.0, 0.0, 0.0, 1.0],
                [1.0, -0.000388, -0.000185, -0.0, 0.000428, 0.937718, 0.3474, 0.375166, 3.8e-05, -0.347398, 0.937717, 0.0, 0.0, 0.0, 0.0, 1.0],
                [0.999999, -0.000209, -0.000135, 0.0, 0.00023, 0.982443, 0.186566, 0.375166, 9.3e-05, -0.186565, 0.982442, 0.0, 0.0, 0.0, 0.0, 1.0],
                [1.0, -6e-06, -0.000115, 0.0, 7e-06, 0.999986, 0.005366, 0.375166, 0.000115, -0.005368, 0.999986, 0.0, 0.0, 0.0, 0.0, 1.0],
                [1.0, -6e-06, -0.000115, 0.0, 7e-06, 0.999986, 0.005369, 0.375166, 0.000115, -0.00537, 0.999986, -0.0, 0.0, 0.0, 0.0, 1.0],
                [1.0, -6e-06, -0.000115, -0.0, 7e-06, 0.999986, 0.00537, 0.375166, 0.000115, -0.005371, 0.999986, 0.0, 0.0, 0.0, 0.0, 1.0],
                [1.0, -6e-06, -0.000115, -0.0, 7e-06, 0.999986, 0.005368, 0.375166, 0.000115, -0.00537, 0.999985, 0.0, 0.0, 0.0, 0.0, 1.0],
                [1.0, -6e-06, -0.000115, -0.0, 7e-06, 0.999986, 0.005366, 0.375166, 0.000115, -0.005367, 0.999986, -0.0, 0.0, 0.0, 0.0, 1.0],
                [1.0, -0.000196, -0.000132, -0.0, 0.000216, 0.984565, 0.175023, 0.375166, 9.6e-05, -0.175023, 0.984564, -0.0, 0.0, 0.0, 0.0, 1.0],
                [1.0, -0.000343, -0.000169, -0.0, 0.000378, 0.9519, 0.30641, 0.375166, 5.6e-05, -0.306408, 0.9519, -0.0, 0.0, 0.0, 0.0, 1.0],
                [1.0, -0.000451, -0.00021, -0.0, 0.000497, 0.915167, 0.403076, 0.375166, 1e-05, -0.403074, 0.915166, -0.0, 0.0, 0.0, 0.0, 1.0],
                [0.999999, -0.000535, -0.000251, -0.0, 0.00059, 0.878232, 0.478238, 0.375166, -3.5e-05, -0.478235, 0.878231, 0.0, 0.0, 0.0, 0.0, 1.0],
                [0.999999, -0.000597, -0.000288, -0.0, 0.000658, 0.845647, 0.533745, 0.375166, -7.5e-05, -0.533742, 0.845646, 0.0, 0.0, 0.0, 0.0, 1.0],
                [0.999999, -0.000637, -0.000314, -0.0, 0.000703, 0.821852, 0.569703, 0.375166, -0.000105, -0.5697, 0.821851, 0.0, 0.0, 0.0, 0.0, 1.0],
                [0.999999, -0.000656, -0.000328, 0.0, 0.000723, 0.809872, 0.586609, 0.375166, -0.000119, -0.586605, 0.809871, 0.0, 0.0, 0.0, 0.0, 1.0],
                [0.999999, -0.000656, -0.000327, 0.0, 0.000723, 0.810166, 0.586202, 0.375166, -0.000119, -0.586198, 0.810165, -0.0, 0.0, 0.0, 0.0, 1.0],
                [0.999999, -0.000639, -0.000316, -0.0, 0.000705, 0.820504, 0.571643, 0.375166, -0.000106, -0.57164, 0.820503, -0.0, 0.0, 0.0, 0.0, 1.0],
                [0.999999, -0.000612, -0.000298, -0.0, 0.000675, 0.83679, 0.547527, 0.375166, -8.6e-05, -0.547523, 0.836789, 0.0, 0.0, 0.0, 0.0, 1.0],
                [0.999999, -0.000581, -0.000278, 0.0, 0.000641, 0.854218, 0.519917, 0.375166, -6.5e-05, -0.519914, 0.854217, -0.0, 0.0, 0.0, 0.0, 1.0],
                [0.999999, -0.000553, -0.000262, 0.0, 0.00061, 0.868962, 0.494882, 0.375166, -4.7e-05, -0.494878, 0.868961, 0.0, 0.0, 0.0, 0.0, 1.0],
                [0.999999, -0.000535, -0.000251, 0.0, 0.00059, 0.878106, 0.478469, 0.375166, -3.5e-05, -0.478466, 0.878105, -0.0, 0.0, 0.0, 0.0, 1.0],
                [1.0, -0.000526, -0.000246, 0.0, 0.00058, 0.882584, 0.470158, 0.375166, -3e-05, -0.470155, 0.882583, 0.0, 0.0, 0.0, 0.0, 1.0],
                [0.999999, -0.000523, -0.000245, -0.0, 0.000577, 0.883927, 0.467627, 0.375166, -2.8e-05, -0.467624, 0.883926, 0.0, 0.0, 0.0, 0.0, 1.0],
                [0.999999, -0.000527, -0.000247, 0.0, 0.000581, 0.881949, 0.471348, 0.375166, -3.1e-05, -0.471345, 0.881948, -0.0, 0.0, 0.0, 0.0, 1.0],
                [1.0, -0.000538, -0.000253, -0.0, 0.000593, 0.876797, 0.480862, 0.375166, -3.7e-05, -0.480859, 0.876796, -0.0, 0.0, 0.0, 0.0, 1.0],
                [0.999999, -0.000553, -0.000262, -0.0, 0.00061, 0.868952, 0.494899, 0.375166, -4.7e-05, -0.494896, 0.868951, -0.0, 0.0, 0.0, 0.0, 1.0],
                [0.999999, -0.000572, -0.000273, -0.0, 0.000631, 0.859041, 0.511909, 0.375166, -5.9e-05, -0.511906, 0.85904, 0.0, 0.0, 0.0, 0.0, 1.0],
                [0.999999, -0.000592, -0.000285, 0.0, 0.000653, 0.84826, 0.529582, 0.375166, -7.2e-05, -0.529578, 0.848259, -0.0, 0.0, 0.0, 0.0, 1.0],
                [0.999999, -0.000611, -0.000297, -0.0, 0.000674, 0.83757, 0.546333, 0.375166, -8.5e-05, -0.546329, 0.837569, -0.0, 0.0, 0.0, 0.0, 1.0],
                [0.999999, -0.000627, -0.000307, -0.0, 0.000692, 0.827952, 0.560802, 0.375166, -9.7e-05, -0.560798, 0.82795, -0.0, 0.0, 0.0, 0.0, 1.0],
                [0.999999, -0.00064, -0.000316, 0.0, 0.000706, 0.820037, 0.572312, 0.375166, -0.000107, -0.572309, 0.820036, -0.0, 0.0, 0.0, 0.0, 1.0],
                [0.999999, -0.000648, -0.000322, -0.0, 0.000715, 0.814785, 0.579766, 0.375166, -0.000113, -0.579762, 0.814784, -0.0, 0.0, 0.0, 0.0, 1.0],
                [0.999999, -0.000652, -0.000325, 0.0, 0.000719, 0.812688, 0.582701, 0.375166, -0.000116, -0.582697, 0.812687, 0.0, 0.0, 0.0, 0.0, 1.0],
                [0.999999, -0.000649, -0.000322, -0.0, 0.000715, 0.814635, 0.579977, 0.375166, -0.000114, -0.579973, 0.814633, -0.0, 0.0, 0.0, 0.0, 1.0],
                [0.999999, -0.000638, -0.000315, 0.0, 0.000703, 0.821453, 0.570279, 0.375166, -0.000105, -0.570275, 0.821452, 0.0, 0.0, 0.0, 0.0, 1.0],
                [0.999999, -0.000618, -0.000301, -0.0, 0.000681, 0.833497, 0.552526, 0.375166, -9e-05, -0.552523, 0.833496, -0.0, 0.0, 0.0, 0.0, 1.0],
                [0.999999, -0.000588, -0.000282, -0.0, 0.000649, 0.850462, 0.526039, 0.375166, -6.9e-05, -0.526036, 0.850461, 0.0, 0.0, 0.0, 0.0, 1.0],
                [1.0, -0.000548, -0.000258, 0.0, 0.000604, 0.871791, 0.48988, 0.375166, -4.3e-05, -0.489877, 0.87179, -0.0, 0.0, 0.0, 0.0, 1.0],
                [1.0, -0.000497, -0.000232, 0.0, 0.000549, 0.89566, 0.444741, 0.375166, -1.4e-05, -0.444738, 0.89566, -0.0, 0.0, 0.0, 0.0, 1.0],
                [1.0, -0.000438, -0.000204, 0.0, 0.000483, 0.920247, 0.39134, 0.375166, 1.7e-05, -0.391338, 0.920246, -0.0, 0.0, 0.0, 0.0, 1.0],
                [1.0, -0.000372, -0.000179, -0.0, 0.000411, 0.942956, 0.33292, 0.375166, 4.5e-05, -0.332918, 0.942955, 0.0, 0.0, 0.0, 0.0, 1.0],
                [1.0, -0.000307, -0.000158, 0.0, 0.000338, 0.961673, 0.274201, 0.375166, 6.8e-05, -0.2742, 0.961672, 0.0, 0.0, 0.0, 0.0, 1.0],
                [1.0, -0.000251, -0.000143, -0.0, 0.000276, 0.974554, 0.224155, 0.375166, 8.4e-05, -0.224155, 0.974554, -0.0, 0.0, 0.0, 0.0, 1.0],
                [1.0, -0.00022, -0.000137, -0.0, 0.000242, 0.980531, 0.196365, 0.375166, 9.1e-05, -0.196364, 0.980531, -0.0, 0.0, 0.0, 0.0, 1.0],
                [1.0, -0.000227, -0.000138, -0.0, 0.00025, 0.979205, 0.202876, 0.375166, 8.9e-05, -0.202876, 0.979204, -0.0, 0.0, 0.0, 0.0, 1.0],
                [1.0, -0.000316, -0.00016, 0.0, 0.000348, 0.959368, 0.28216, 0.375166, 6.5e-05, -0.282159, 0.959367, -0.0, 0.0, 0.0, 0.0, 1.0],
                [1.0, -0.000463, -0.000215, -0.0, 0.00051, 0.910334, 0.413877, 0.375166, 4e-06, -0.413875, 0.910333, -0.0, 0.0, 0.0, 0.0, 1.0],
                [0.999999, -0.000614, -0.000298, 0.0, 0.000677, 0.836032, 0.548683, 0.375166, -8.7e-05, -0.548679, 0.836031, -0.0, 0.0, 0.0, 0.0, 1.0],
                [0.999999, -0.000746, -0.000401, -0.0, 0.000823, 0.744618, 0.667493, 0.375166, -0.0002, -0.667488, 0.744617, -0.0, 0.0, 0.0, 0.0, 1.0],
                [0.999999, -0.000852, -0.000509, 0.0, 0.00094, 0.647668, 0.761924, 0.375166, -0.00032, -0.76192, 0.647667, 0.0, 0.0, 0.0, 0.0, 1.0],
                [0.999999, -0.000929, -0.00061, 0.0, 0.001024, 0.557194, 0.830384, 0.375166, -0.000431, -0.83038, 0.557193, -0.0, 0.0, 0.0, 0.0, 1.0],
                [0.999999, -0.00098, -0.000694, 0.0, 0.00108, 0.482534, 0.875879, 0.375166, -0.000523, -0.875874, 0.482533, 0.0, 0.0, 0.0, 0.0, 1.0],
                [0.999999, -0.001011, -0.000755, 0.0, 0.001115, 0.428142, 0.903713, 0.375166, -0.00059, -0.903709, 0.428141, 0.0, 0.0, 0.0, 0.0, 1.0],
                [0.999999, -0.001028, -0.000794, 0.0, 0.001134, 0.393035, 0.919525, 0.375166, -0.000634, -0.919521, 0.393034, 0.0, 0.0, 0.0, 0.0, 1.0],
                [0.999999, -0.001038, -0.000816, -0.0, 0.001144, 0.373133, 0.927779, 0.375166, -0.000658, -0.927775, 0.373132, 0.0, 0.0, 0.0, 0.0, 1.0],
                [0.999999, -0.001042, -0.000827, 0.0, 0.001149, 0.363638, 0.931542, 0.375166, -0.00067, -0.931538, 0.363637, -0.0, 0.0, 0.0, 0.0, 1.0],
                [0.999999, -0.001043, -0.00083, -0.0, 0.00115, 0.360939, 0.932591, 0.375166, -0.000673, -0.932586, 0.360939, -0.0, 0.0, 0.0, 0.0, 1.0]
            ]
        },
        {
            "name": "Knee_R",
            "time": [0.0, 0.0167, 0.0333, 0.05, 0.0667, 0.0833, 0.1, 0.1167, 0.1333, 0.15, 0.1667, 0.1833, 0.2, 0.2167, 0.2333, 0.25, 0.2667, 0.2833, 0.3, 0.3167, 0.3333, 0.35, 0.3667, 0.3833, 0.4, 0.4167, 0.4333, 0.45, 0.4667, 0.4833, 0.5, 0.5167, 0.5333, 0.55, 0.5667, 0.5833, 0.6, 0.6167, 0.6333, 0.65, 0.6667, 0.6833, 0.7, 0.7167, 0.7333, 0.75, 0.7667, 0.7833, 0.8, 0.8167, 0.8333, 0.85, 0.8667, 0.8833, 0.9, 0.9167, 0.9333, 0.95, 0.9667, 0.9833, 1.0, 1.0167, 1.0333, 1.05, 1.0667, 1.0833, 1.1, 1.1167, 1.1333, 1.15, 1.1667, 1.1833, 1.2],
            "transform": [
                [1.0, -5.7e-05, 5.4e-05, -0.0, 5.7e-05, 0.048757, -0.998811, 0.375166, 5.4e-05, 0.998811, 0.048757, -0.0, 0.0, 0.0, 0.0, 1.0],
                [1.0, -5.7e-05, 5.4e-05, -0.0, 5.7e-05, 0.048757, -0.998811, 0.375166, 5.4e-05, 0.998811, 0.048757, 0.0, 0.0, 0.0, 0.0, 1.0],
                [1.0, -5.7e-05, 5.4e-05, 0.0, 5.7e-05, 0.048757, -0.998811, 0.375166, 5.4e-05, 0.998811, 0.048757, -0.0, 0.0, 0.0, 0.0, 1.0],
                [1.0, -5.7e-05, 5.4e-05, 0.0, 5.7e-05, 0.048757, -0.998811, 0.375166, 5.4e-05, 0.998811, 0.048757, 0.0, 0.0, 0.0, 0.0, 1.0],
                [1.0, -5.7e-05, 5.4e-05, -0.0, 5.7e-05, 0.048757, -0.99881, 0.375166, 5.4e-05, 0.998811, 0.048757, -0.0, 0.0, 0.0, 0.0, 1.0],
                [1.0, -5.7e-05, 5.4e-05, -0.0, 5.7e-05, 0.048757, -0.998811, 0.375166, 5.4e-05, 0.998811, 0.048757, 0.0, 0.0, 0.0, 0.0, 1.0],
                [1.0, -5.7e-05, 5.4e-05, -0.0, 5.7e-05, 0.048757, -0.998811, 0.375166, 5.4e-05, 0.998811, 0.048757, 0.0, 0.0, 0.0, 0.0, 1.0],
                [1.0, -5.7e-05, 5.4e-05, -0.0, 5.7e-05, 0.048757, -0.998811, 0.375166, 5.4e-05, 0.998811, 0.048757, -0.0, 0.0, 0.0, 0.0, 1.0],
                [1.0, -5.7e-05, 5.4e-05, -0.0, 5.7e-05, 0.048757, -0.998811, 0.375166, 5.4e-05, 0.998811, 0.048757, 0.0, 0.0, 0.0, 0.0, 1.0],
                [1.0, -5.7e-05, 5.4e-05, 0.0, 5.7e-05, 0.048757, -0.998811, 0.375166, 5.4e-05, 0.998811, 0.048757, 0.0, 0.0, 0.0, 0.0, 1.0],
                [1.0, -5.7e-05, 5.4e-05, -0.0, 5.7e-05, 0.048757, -0.99881, 0.375166, 5.4e-05, 0.998811, 0.048757, 0.0, 0.0, 0.0, 0.0, 1.0],
                [1.0, -5.7e-05, 5.4e-05, 0.0, 5.7e-05, 0.048757, -0.998811, 0.375166, 5.4e-05, 0.998811, 0.048757, 0.0, 0.0, 0.0, 0.0, 1.0],
                [1.0, -5.7e-05, 5.4e-05, 0.0, 5.7e-05, 0.048757, -0.998811, 0.375166, 5.4e-05, 0.998811, 0.048757, 0.0, 0.0, 0.0, 0.0, 1.0],
                [1.0, -5.7e-05, 5.4e-05, -0.0, 5.7e-05, 0.048757, -0.998811, 0.375166, 5.4e-05, 0.998811, 0.048757, 0.0, 0.0, 0.0, 0.0, 1.0],
                [1.0, -5.7e-05, 5.4e-05, 0.0, 5.7e-05, 0.048757, -0.998811, 0.375166, 5.4e-05, 0.998811, 0.048757, 0.0, 0.0, 0.0, 0.0, 1.0],
                [1.0, -5.7e-05, 5.4e-05, -0.0, 5.7e-05, 0.048757, -0.998811, 0.375166, 5.4e-05, 0.99881, 0.048757, 0.0, 0.0, 0.0, 0.0, 1.0],
                [1.0, -5.7e-05, 5.4e-05, 0.0, 5.7e-05, 0.048757, -0.998811, 0.375166, 5.4e-05, 0.998811, 0.048757, -0.0, 0.0, 0.0, 0.0, 1.0],
                [1.0, -5.7e-05, 5.4e-05, -0.0, 5.7e-05, 0.048757, -0.998811, 0.375166, 5.4e-05, 0.998811, 0.048757, 0.0, 0.0, 0.0, 0.0, 1.0],
                [1.0, -5.7e-05, 5.4e-05, 0.0, 5.7e-05, 0.048757, -0.998811, 0.375166, 5.4e-05, 0.998811, 0.048757, 0.0, 0.0, 0.0, 0.0, 1.0],
                [1.0, -5.7e-05, 5.4e-05, 0.0, 5.7e-05, 0.048757, -0.998811, 0.375166, 5.4e-05, 0.998811, 0.048757, 0.0, 0.0, 0.0, 0.0, 1.0],
                [1.0, -5.7e-05, 5.4e-05, 0.0, 5.7e-05, 0.048757, -0.998811, 0.375166, 5.4e-05, 0.998811, 0.048757, -0.0, 0.0, 0.0, 0.0, 1.0],
