{
    "animation": [
        {
            "name": "Root",
            "time": [0.0, 0.2, 0.4, 0.6, 0.8, 1.0, 1.2],
            "transform": [
                [0.997526, 0.0, 0.070304, -5e-06, 0.070304, 0.0, -0.997526, 0.000946, 0.0, 1.0, 0.0, 0.739346, 0.0, 0.0, 0.0, 1.0],
                [0.997526, 0.0, 0.070304, -5e-06, 0.070304, 0.0, -0.997526, 0.000946, 0.0, 1.0, 0.0, 0.732275, 0.0, 0.0, 0.0, 1.0],
                [0.997526, 0.0, 0.070304, -5e-06, 0.070304, 0.0, -0.997526, 0.000946, 0.0, 1.0, 0.0, 0.725204, 0.0, 0.0, 0.0, 1.0],
                [0.997526, 0.0, 0.070304, -5e-06, 0.070304, 0.0, -0.997526, 0.000946, 0.0, 1.0, 0.0, 0.739346, 0.0, 0.0, 0.0, 1.0],
                [0.997526, 0.0, 0.070304, -5e-06, 0.070304, 0.0, -0.997526, 0.000946, 0.0, 1.0, 0.0, 0.732275, 0.0, 0.0, 0.0, 1.0],
                [0.997526, 0.0, 0.070304, -5e-06, 0.070304, 0.0, -0.997526, 0.000946, 0.0, 1.0, 0.0, 0.725204, 0.0, 0.0, 0.0, 1.0],
                [0.997526, 0.0, 0.070304, -5e-06, 0.070304, 0.0, -0.997526, 0.000946, 0.0, 1.0, 0.0, 0.739346, 0.0, 0.0, 0.0, 1.0]
            ]
        },
        {
            "name": "Thigh_R",
            "time": [0.0, 0.2, 0.4, 0.6, 0.8, 1.0, 1.2],
            "transform": [
                [0.999903, 0.01346, -0.003576, 0.124994, 0.012985, -0.808182, 0.588782, -0.002831, 0.005035, -0.588766, -0.808246, -1.2e-05, 0.0, 0.0, 0.0, 1.0],
                [0.999362, -0.000113, 0.035716, 0.124994, -0.027852, -0.628506, 0.777284, -0.002831, 0.02236, -0.777801, -0.628077, -1.2e-05, 0.0, 0.0, 0.0, 1.0],
                [0.999887, 0.01497, -0.001584, 0.124994, 0.01362, -0.854804, 0.518759, -0.002831, 0.006412, -0.518732, -0.854875, -1.2e-05, 0.0, 0.0, 0.0, 1.0],
                [0.999429, 0.033511, 0.004372, 0.124994, 0.033275, -0.998389, 0.045945, -0.002831, 0.005905, -0.045764, -0.998897, -1.2e-05, 0.0, 0.0, 0.0, 1.0],
                [0.999138, 0.019022, 0.036906, 0.124994, 0.0205, -0.998985, -0.040082, -0.002831, 0.036108, 0.040816, -0.998477, -1.2e-05, 0.0, 0.0, 0.0, 1.0],
                [0.998984, 0.02342, 0.038507, 0.124994, 0.031883, -0.971112, -0.236468, -0.002831, 0.031858, 0.237472, -0.970836, -1.2e-05, 0.0, 0.0, 0.0, 1.0],
                [0.999903, 0.01346, -0.003576, 0.124994, 0.012985, -0.808182, 0.588782, -0.002831, 0.005035, -0.588766, -0.808246, -1.2e-05, 0.0, 0.0, 0.0, 1.0]
            ]
        },
        {
            "name": "Leg_R",
            "time": [0.0, 0.2, 0.4, 0.6, 0.8, 1.0, 1.2],
            "transform": [
                [0.999999, -0.00103, -0.000798, -0.0, 0.001136, 0.389565, 0.920982, 0.375166, -0.000638, -0.921019, 0.389577, 0.0, 0.0, 0.0, 0.0, 1.0],
                [1.0, -0.000596, -0.000287, -0.0, 0.000657, 0.84621, 0.532833, 0.375166, -7.5e-05, -0.53286, 0.846217, -0.0, 0.0, 0.0, 0.0, 1.0],
                [1.0, -0.000437, -0.000204, 0.0, 0.000482, 0.920538, 0.390642, 0.375166, 1.7e-05, -0.390659, 0.920542, 0.0, 0.0, 0.0, 0.0, 1.0],
                [1.0, -0.000447, -0.000208, -0.0, 0.000493, 0.916763, 0.399418, 0.375166, 1.2e-05, -0.399436, 0.916768, -0.0, 0.0, 0.0, 0.0, 1.0],
                [1.0, -0.000411, -0.000193, -0.0, 0.000454, 0.929909, 0.367777, 0.375166, 2.9e-05, -0.367793, 0.929913, -0.0, 0.0, 0.0, 0.0, 1.0],
                [1.0, -0.000286, -0.000152, 0.0, 0.000315, 0.966725, 0.255812, 0.375166, 7.4e-05, -0.255819, 0.966726, -0.0, 0.0, 0.0, 0.0, 1.0],
                [0.999999, -0.00103, -0.000798, -0.0, 0.001136, 0.389565, 0.920982, 0.375166, -0.000638, -0.921019, 0.389577, 0.0, 0.0, 0.0, 0.0, 1.0]
            ]
        },
        {
            "name": "Knee_R",
            "time": [0.0, 0.2, 0.4, 0.6, 0.8, 1.0, 1.2],
            "transform": [
                [1.0, -5.7e-05, 5.4e-05, -0.0, 5.7e-05, 0.048757, -0.998811, 0.375166, 5.4e-05, 0.998811, 0.048757, 0.0, 0.0, 0.0, 0.0, 1.0],
                [1.0, -5.7e-05, 5.4e-05, -0.0, 5.7e-05, 0.048757, -0.998811, 0.375166, 5.4e-05, 0.998811, 0.048757, -0.0, 0.0, 0.0, 0.0, 1.0],
                [1.0, -5.7e-05, 5.4e-05, 0.0, 5.7e-05, 0.048757, -0.998811, 0.375166, 5.4e-05, 0.998811, 0.048757, 0.0, 0.0, 0.0, 0.0, 1.0],
                [1.0, -5.7e-05, 5.4e-05, -0.0, 5.7e-05, 0.048757, -0.998811, 0.375166, 5.4e-05, 0.998811, 0.048757, -0.0, 0.0, 0.0, 0.0, 1.0],
                [1.0, -5.7e-05, 5.4e-05, -0.0, 5.7e-05, 0.048757, -0.998811, 0.375166, 5.4e-05, 0.998811, 0.048757, -0.0, 0.0, 0.0, 0.0, 1.0],
                [1.0, -5.7e-05, 5.4e-05, 0.0, 5.7e-05, 0.048757, -0.998811, 0.375166, 5.4e-05, 0.998811, 0.048757, -0.0, 0.0, 0.0, 0.0, 1.0],
                [1.0, -5.7e-05, 5.4e-05, -0.0, 5.7e-05, 0.048757, -0.998811, 0.375166, 5.4e-05, 0.998811, 0.048757, 0.0, 0.0, 0.0, 0.0, 1.0]
            ]
        },
        {
            "name": "Thigh_L",
            "time": [0.0, 0.2, 0.4, 0.6, 0.8, 1.0, 1.2],
            "transform": [
                [0.999166, 0.035132, -0.020811, -0.125006, 0.036183, -0.997965, 0.052492, -0.002831, -0.018925, -0.05319, -0.998359, -1.2e-05, 0.0, 0.0, 0.0, 1.0],
                [0.999392, 0.031197, -0.015571, -0.125006, 0.030606, -0.998851, -0.036836, -0.002831, -0.016703, 0.036351, -0.999154, -1.2e-05, 0.0, 0.0, 0.0, 1.0],
                [0.999966, -0.006916, -0.004456, -0.125006, -0.007512, -0.988397, -0.151684, -0.002831, -0.003356, 0.151731, -0.988372, -1.2e-05, 0.0, 0.0, 0.0, 1.0],
                [0.999944, 0.00035, -0.010594, -0.125006, 0.006585, -0.803745, 0.594928, -0.002831, -0.008307, -0.594957, -0.803663, -1.2e-05, 0.0, 0.0, 0.0, 1.0],
                [0.999659, 0.003263, -0.025922, -0.125006, 0.022215, -0.628427, 0.777525, -0.002831, -0.013754, -0.777858, -0.628246, -1.2e-05, 0.0, 0.0, 0.0, 1.0],
                [0.999598, 0.013518, -0.024911, -0.125006, 0.024438, -0.856295, 0.515893, -0.002831, -0.014358, -0.516307, -0.856237, -1.2e-05, 0.0, 0.0, 0.0, 1.0],
                [0.999166, 0.035132, -0.020811, -0.125006, 0.036183, -0.997965, 0.052492, -0.002831, -0.018925, -0.05319, -0.998359, -1.2e-05, 0.0, 0.0, 0.0, 1.0]
            ]
        },
        {
            "name": "Leg_L",
            "time": [0.0, 0.2, 0.4, 0.6, 0.8, 1.0, 1.2],
            "transform": [
                [1.0, 1e-06, 1e-06, 0.0, -1e-06, 0.914728, 0.404054, 0.375166, -0.0, -0.404076, 0.914734, 0.0, 0.0, 0.0, 0.0, 1.0],
                [1.0, 1e-06, 1e-06, -0.0, -1e-06, 0.929061, 0.369911, 0.375166, -0.0, -0.369931, 0.929066, 0.0, 0.0, 0.0, 0.0, 1.0],
                [1.0, 1e-06, 1e-06, -0.0, -1e-06, 0.928254, 0.371933, 0.375166, -0.0, -0.371953, 0.928258, -0.0, 0.0, 0.0, 0.0, 1.0],
                [1.0, 2e-06, 2e-06, 0.0, -3e-06, 0.390492, 0.920586, 0.375166, 1e-06, -0.920631, 0.390506, 0.0, 0.0, 0.0, 0.0, 1.0],
                [1.0, 1e-06, 1e-06, 0.0, -2e-06, 0.846209, 0.532831, 0.375166, -0.0, -0.532863, 0.846218, 0.0, 0.0, 0.0, 0.0, 1.0],
                [1.0, 1e-06, 1e-06, 0.0, -1e-06, 0.925142, 0.379606, 0.375166, -0.0, -0.379626, 0.925147, -0.0, 0.0, 0.0, 0.0, 1.0],
                [1.0, 1e-06, 1e-06, 0.0, -1e-06, 0.914728, 0.404054, 0.375166, -0.0, -0.404076, 0.914734, 0.0, 0.0, 0.0, 0.0, 1.0]
            ]
        },
        {
            "name": "Knee_L",
            "time": [0.0, 0.2, 0.4, 0.6, 0.8, 1.0, 1.2],
            "transform": [
                [1.0, 0.0, -0.0, 0.0, -0.0, 0.048757, -0.998811, 0.375166, -0.0, 0.998811, 0.048757, 0.0, 0.0, 0.0, 0.0, 1.0],
                [1.0, 0.0, -0.0, -0.0, -0.0, 0.048757, -0.998811, 0.375166, -0.0, 0.998811, 0.048757, 0.0, 0.0, 0.0, 0.0, 1.0],
                [1.0, 0.0, -0.0, -0.0, -0.0, 0.048757, -0.998811, 0.375166, -0.0, 0.998811, 0.048757, -0.0, 0.0, 0.0, 0.0, 1.0],
                [1.0, 0.0, -0.0, 0.0, -0.0, 0.048757, -0.998811, 0.375166, -0.0, 0.998811, 0.048757, 0.0, 0.0, 0.0, 0.0, 1.0],
                [1.0, 0.0, -0.0, 0.0, -0.0, 0.048757, -0.998811, 0.375166, -0.0, 0.998811, 0.048757, 0.0, 0.0, 0.0, 0.0, 1.0],
                [1.0, 0.0, -0.0, 0.0, -0.0, 0.048757, -0.998811, 0.375166, -0.0, 0.998811, 0.048757, -0.0, 0.0, 0.0, 0.0, 1.0],
                [1.0, 0.0, -0.0, 0.0, -0.0, 0.048757, -0.998811, 0.375166, -0.0, 0.998811, 0.048757, 0.0, 0.0, 0.0, 0.0, 1.0]
            ]
        },
        {
            "name": "Torso",
            "time": [0.0, 0.2, 0.4, 0.6, 0.8, 1.0, 1.2],
            "transform": [
                [0.999986, 0.003337, -0.004135, -0.0, -0.003957, 0.987044, -0.160397, 0.05, 0.003546, 0.160411, 0.987043, -0.0, 0.0, 0.0, 0.0, 1.0],
                [0.999986, 0.003337, -0.004135, -0.0, -0.003957, 0.987044, -0.160397, 0.05, 0.003546, 0.160411, 0.987043, -0.0, 0.0, 0.0, 0.0, 1.0],
                [0.999986, 0.003337, -0.004135, -0.0, -0.003957, 0.987044, -0.160397, 0.05, 0.003546, 0.160411, 0.987043, -0.0, 0.0, 0.0, 0.0, 1.0],
                [0.999986, 0.003337, -0.004135, -0.0, -0.003957, 0.987044, -0.160397, 0.05, 0.003546, 0.160411, 0.987043, -0.0, 0.0, 0.0, 0.0, 1.0],
                [0.999986, 0.003337, -0.004135, -0.0, -0.003957, 0.987044, -0.160397, 0.05, 0.003546, 0.160411, 0.987043, -0.0, 0.0, 0.0, 0.0, 1.0],
                [0.999986, 0.003337, -0.004135, -0.0, -0.003957, 0.987044, -0.160397, 0.05, 0.003546, 0.160411, 0.987043, -0.0, 0.0, 0.0, 0.0, 1.0],
                [0.999986, 0.003337, -0.004135, -0.0, -0.003957, 0.987044, -0.160397, 0.05, 0.003546, 0.160411, 0.987043, -0.0, 0.0, 0.0, 0.0, 1.0]
            ]
        },
        {
            "name": "Chest",
            "time": [0.0, 0.2, 0.4, 0.6, 0.8, 1.0, 1.2],
            "transform": [
                [0.999846, 0.017431, 0.002129, 0.0, -0.016164, 0.866184, 0.499465, 0.304568, 0.006862, -0.499424, 0.866333, -0.0, 0.0, 0.0, 0.0, 1.0],
                [0.999846, 0.017431, 0.002129, 0.0, -0.016164, 0.866184, 0.499465, 0.304568, 0.006862, -0.499424, 0.866333, -0.0, 0.0, 0.0, 0.0, 1.0],
                [0.999846, 0.017431, 0.002129, 0.0, -0.016164, 0.866184, 0.499465, 0.304568, 0.006862, -0.499424, 0.866333, -0.0, 0.0, 0.0, 0.0, 1.0],
                [0.999846, 0.017431, 0.002129, 0.0, -0.016164, 0.866184, 0.499465, 0.304568, 0.006862, -0.499424, 0.866333, -0.0, 0.0, 0.0, 0.0, 1.0],
                [0.999846, 0.017431, 0.002129, 0.0, -0.016164, 0.866184, 0.499465, 0.304568, 0.006862, -0.499424, 0.866333, -0.0, 0.0, 0.0, 0.0, 1.0],
                [0.999846, 0.017431, 0.002129, 0.0, -0.016164, 0.866184, 0.499465, 0.304568, 0.006862, -0.499424, 0.866333, -0.0, 0.0, 0.0, 0.0, 1.0],
                [0.999846, 0.017431, 0.002129, 0.0, -0.016164, 0.866184, 0.499465, 0.304568, 0.006862, -0.499424, 0.866333, -0.0, 0.0, 0.0, 0.0, 1.0]
            ]
        },
        {
            "name": "Head",
            "time": [0.0, 1.2],
            "transform": [
                [0.998234, -0.006556, -0.059041, -0.0, -0.014191, 0.938795, -0.344185, 0.403437, 0.057684, 0.344415, 0.937043, 0.0, 0.0, 0.0, 0.0, 1.0],
                [0.998234, -0.006556, -0.059041, -0.0, -0.014191, 0.938795, -0.344185, 0.403437, 0.057684, 0.344415, 0.937043, 0.0, 0.0, 0.0, 0.0, 1.0]
            ]
        },
        {
            "name": "Shoulder_R",
            "time": [0.0, 1.2],
            "transform": [
                [-0.0, 0.952114, 0.305743, -0.0, -0.130264, -0.303138, 0.944001, 0.403437, 0.991479, -0.039827, 0.124026, 0.0, 0.0, 0.0, 0.0, 1.0],
                [-0.0, 0.952114, 0.305743, -0.0, -0.130264, -0.303138, 0.944001, 0.403437, 0.991479, -0.039827, 0.124026, 0.0, 0.0, 0.0, 0.0, 1.0]
            ]
        },
        {
            "name": "Arm_R",
            "time": [0.0, 0.2, 0.4, 0.6, 0.8, 1.0, 1.2],
            "transform": [
                [0.853498, 0.270051, -0.44566, 0.0, 0.273707, 0.495433, 0.824397, 0.393861, 0.443424, -0.825601, 0.348936, -0.0, 0.0, 0.0, 0.0, 1.0],
                [0.861991, 0.242821, -0.444981, -0.0, 0.271895, 0.519392, 0.810127, 0.393861, 0.427836, -0.81931, 0.381689, -0.0, 0.0, 0.0, 0.0, 1.0],
                [0.878823, 0.184323, -0.440107, -0.0, 0.269682, 0.569036, 0.776833, 0.393861, 0.393626, -0.801387, 0.450373, -0.0, 0.0, 0.0, 0.0, 1.0],
                [0.886024, 0.157009, -0.436243, 0.0, 0.26943, 0.591364, 0.760063, 0.393861, 0.377316, -0.790971, 0.48166, -0.0, 0.0, 0.0, 0.0, 1.0],
                [0.878823, 0.184323, -0.440107, -0.0, 0.269682, 0.569036, 0.776833, 0.393861, 0.393626, -0.801387, 0.450373, -0.0, 0.0, 0.0, 0.0, 1.0],
                [0.861991, 0.242821, -0.444981, -0.0, 0.271895, 0.519392, 0.810127, 0.393861, 0.427836, -0.81931, 0.381689, -0.0, 0.0, 0.0, 0.0, 1.0],
                [0.853498, 0.270051, -0.44566, 0.0, 0.273707, 0.495433, 0.824397, 0.393861, 0.443424, -0.825601, 0.348936, -0.0, 0.0, 0.0, 0.0, 1.0]
            ]
        },
        {
            "name": "Hand_R",
            "time": [0.0, 0.2, 0.4, 0.6, 0.8, 1.0, 1.2],
            "transform": [
                [1.0, -0.0, -0.0, 0.0, -0.0, 0.980633, -0.195855, 0.300556, 0.0, 0.195855, 0.980633, 0.0, 0.0, 0.0, 0.0, 1.0],
                [1.0, 0.0, 0.0, -0.0, -0.0, 0.980633, -0.195855, 0.300556, 0.0, 0.195855, 0.980633, -0.0, 0.0, 0.0, 0.0, 1.0],
                [1.0, 0.0, -0.0, 0.0, 0.0, 0.980633, -0.195855, 0.300556, -0.0, 0.195855, 0.980633, 0.0, 0.0, 0.0, 0.0, 1.0],
                [1.0, 0.0, -0.0, -0.0, 0.0, 0.980633, -0.195855, 0.300557, 0.0, 0.195855, 0.980633, 0.0, 0.0, 0.0, 0.0, 1.0],
                [1.0, -0.0, -0.0, 0.0, 0.0, 0.980633, -0.195855, 0.300556, 0.0, 0.195855, 0.980633, 0.0, 0.0, 0.0, 0.0, 1.0],
                [1.0, 0.0, 0.0, -0.0, 0.0, 0.980633, -0.195855, 0.300556, -0.0, 0.195855, 0.980633, 0.0, 0.0, 0.0, 0.0, 1.0],
                [1.0, -0.0, -0.0, 0.0, -0.0, 0.980633, -0.195855, 0.300556, 0.0, 0.195855, 0.980633, 0.0, 0.0, 0.0, 0.0, 1.0]
            ]
        },
        {
            "name": "Tool_R",
            "time": [0.0, 0.2, 0.4, 0.6, 0.8, 1.0, 1.2],
            "transform": [
                [0.982099, 0.04302, 0.183385, 0.0, 0.117081, -0.902072, -0.415402, 0.266907, 0.147556, 0.429437, -0.890961, 0.005004, 0.0, 0.0, 0.0, 1.0],
                [0.982099, 0.04302, 0.183385, 0.0, 0.117081, -0.902072, -0.415402, 0.266907, 0.147556, 0.429437, -0.890961, 0.005004, 0.0, 0.0, 0.0, 1.0],
                [0.982099, 0.04302, 0.183385, 0.0, 0.117081, -0.902071, -0.415402, 0.266907, 0.147556, 0.429437, -0.890961, 0.005004, 0.0, 0.0, 0.0, 1.0],
                [0.9821, 0.04302, 0.183385, 0.0, 0.117081, -0.902072, -0.415402, 0.266907, 0.147556, 0.429437, -0.890961, 0.005004, 0.0, 0.0, 0.0, 1.0],
                [0.982099, 0.04302, 0.183385, 0.0, 0.117081, -0.902071, -0.415402, 0.266907, 0.147556, 0.429437, -0.890961, 0.005004, 0.0, 0.0, 0.0, 1.0],
                [0.982099, 0.04302, 0.183385, 0.0, 0.117081, -0.902072, -0.415402, 0.266907, 0.147556, 0.429437, -0.890961, 0.005004, 0.0, 0.0, 0.0, 1.0],
                [0.982099, 0.04302, 0.183385, 0.0, 0.117081, -0.902072, -0.415402, 0.266907, 0.147556, 0.429437, -0.890961, 0.005004, 0.0, 0.0, 0.0, 1.0]
            ]
        },
        {
            "name": "Elbow_R",
            "time": [0.0, 0.2, 0.4, 0.6, 0.8, 1.0, 1.2],
            "transform": [
                [-1.0, 0.0, 0.0, 0.0, -0.0, 0.060811, -0.99815, 0.300556, -0.0, -0.99815, -0.060811, 0.0, 0.0, 0.0, 0.0, 1.0],
                [-1.0, 0.0, 0.0, -0.0, -0.0, 0.060811, -0.99815, 0.300556, -0.0, -0.99815, -0.060811, -0.0, 0.0, 0.0, 0.0, 1.0],
                [-1.0, 0.0, 0.0, 0.0, -0.0, 0.060811, -0.998149, 0.300556, -0.0, -0.99815, -0.060811, 0.0, 0.0, 0.0, 0.0, 1.0],
                [-1.0, 0.0, 0.0, -0.0, -0.0, 0.060811, -0.998149, 0.300557, -0.0, -0.99815, -0.060811, 0.0, 0.0, 0.0, 0.0, 1.0],
                [-1.0, 0.0, 0.0, 0.0, -0.0, 0.060811, -0.998149, 0.300556, -0.0, -0.99815, -0.060811, 0.0, 0.0, 0.0, 0.0, 1.0],
                [-1.0, 0.0, 0.0, -0.0, -0.0, 0.060811, -0.998149, 0.300556, -0.0, -0.99815, -0.060811, 0.0, 0.0, 0.0, 0.0, 1.0],
                [-1.0, 0.0, 0.0, 0.0, -0.0, 0.060811, -0.99815, 0.300556, -0.0, -0.99815, -0.060811, 0.0, 0.0, 0.0, 0.0, 1.0]
            ]
        },
        {
            "name": "Shoulder_L",
            "time": [0.0, 1.2],
            "transform": [
                [0.0, -0.952114, -0.305743, -0.0, 0.130264, -0.303138, 0.944001, 0.403437, -0.991479, -0.039827, 0.124026, 0.0, 0.0, 0.0, 0.0, 1.0],
                [0.0, -0.952114, -0.305743, -0.0, 0.130264, -0.303138, 0.944001, 0.403437, -0.991479, -0.039827, 0.124026, 0.0, 0.0, 0.0, 0.0, 1.0]
            ]
        },
        {
            "name": "Arm_L",
            "time": [0.0, 0.2, 0.4, 0.6, 0.8, 1.0, 1.2],
            "transform": [
                [0.464983, 0.215912, 0.858587, -0.0, -0.859938, 0.340702, 0.380037, 0.39386, -0.210469, -0.915043, 0.344091, 0.0, 0.0, 0.0, 0.0, 1.0],
                [0.458338, 0.134278, 0.878575, -0.0, -0.859599, 0.318188, 0.399808, 0.39386, -0.225867, -0.938469, 0.261262, -0.0, 0.0, 0.0, 0.0, 1.0],
                [0.43988, -0.044805, 0.896938, 0.0, -0.860568, 0.264526, 0.435258, 0.39386, -0.256766, -0.963336, 0.077802, 0.0, 0.0, 0.0, 0.0, 1.0],
                [0.429493, -0.128414, 0.893893, -0.0, -0.861801, 0.237526, 0.448196, 0.39386, -0.269878, -0.962855, -0.008652, 0.0, 0.0, 0.0, 0.0, 1.0],
                [0.43988, -0.044804, 0.896938, -0.0, -0.860568, 0.264526, 0.435257, 0.39386, -0.256766, -0.963336, 0.077802, -0.0, 0.0, 0.0, 0.0, 1.0],
                [0.458338, 0.134278, 0.878575, 0.0, -0.859599, 0.318188, 0.399808, 0.39386, -0.225867, -0.938469, 0.261262, 0.0, 0.0, 0.0, 0.0, 1.0],
                [0.464983, 0.215912, 0.858587, -0.0, -0.859938, 0.340702, 0.380037, 0.39386, -0.210469, -0.915043, 0.344091, 0.0, 0.0, 0.0, 0.0, 1.0]
            ]
        },
        {
            "name": "Hand_L",
            "time": [0.0, 0.2, 0.4, 0.6, 0.8, 1.0, 1.2],
            "transform": [
                [1.0, -4e-05, -1.8e-05, -0.0, 3e-05, 0.924699, -0.380699, 0.300557, 3.2e-05, 0.380699, 0.924699, 0.0, 0.0, 0.0, 0.0, 1.0],
                [1.0, -4e-05, -1.8e-05, -0.0, 3e-05, 0.924699, -0.380699, 0.300556, 3.2e-05, 0.380699, 0.924699, 0.0, 0.0, 0.0, 0.0, 1.0],
                [1.0, -4e-05, -1.8e-05, -0.0, 3e-05, 0.924699, -0.380699, 0.300556, 3.2e-05, 0.380699, 0.924699, 0.0, 0.0, 0.0, 0.0, 1.0],
                [1.0, -4e-05, -1.8e-05, -0.0, 3e-05, 0.924699, -0.380699, 0.300556, 3.2e-05, 0.380699, 0.924699, -0.0, 0.0, 0.0, 0.0, 1.0],
                [1.0, -4e-05, -1.8e-05, -0.0, 3e-05, 0.924699, -0.380699, 0.300556, 3.2e-05, 0.380699, 0.924699, 0.0, 0.0, 0.0, 0.0, 1.0],
                [1.0, -4e-05, -1.8e-05, -0.0, 3e-05, 0.924699, -0.380699, 0.300556, 3.2e-05, 0.380699, 0.924699, 0.0, 0.0, 0.0, 0.0, 1.0],
                [1.0, -4e-05, -1.8e-05, -0.0, 3e-05, 0.924699, -0.380699, 0.300557, 3.2e-05, 0.380699, 0.924699, 0.0, 0.0, 0.0, 0.0, 1.0]
            ]
        },
        {
            "name": "Tool_L",
            "time": [0.0, 0.2, 0.4, 0.6, 0.8, 1.0, 1.2],
            "transform": [
                [1.0, 0.0, -0.0, -0.0, 0.0, -0.99944, -0.033474, 0.266907, -0.0, 0.033474, -0.999439, 0.005004, 0.0, 0.0, 0.0, 1.0],
                [1.0, 0.0, -0.0, -0.0, 0.0, -0.99944, -0.033474, 0.266907, -0.0, 0.033474, -0.99944, 0.005004, 0.0, 0.0, 0.0, 1.0],
                [1.0, 0.0, -0.0, -0.0, 0.0, -0.99944, -0.033474, 0.266907, -0.0, 0.033474, -0.999439, 0.005004, 0.0, 0.0, 0.0, 1.0],
                [1.0, 0.0, -0.0, -0.0, 0.0, -0.99944, -0.033474, 0.266907, -0.0, 0.033474, -0.999439, 0.005004, 0.0, 0.0, 0.0, 1.0],
                [1.0, 0.0, -0.0, -0.0, 0.0, -0.99944, -0.033474, 0.266907, -0.0, 0.033474, -0.999439, 0.005004, 0.0, 0.0, 0.0, 1.0],
                [1.0, 0.0, -0.0, -0.0, -0.0, -0.99944, -0.033474, 0.266907, -0.0, 0.033474, -0.99944, 0.005004, 0.0, 0.0, 0.0, 1.0],
                [1.0, 0.0, -0.0, -0.0, 0.0, -0.99944, -0.033474, 0.266907, -0.0, 0.033474, -0.999439, 0.005004, 0.0, 0.0, 0.0, 1.0]
            ]
        },
        {
            "name": "Elbow_L",
            "time": [0.0, 0.2, 0.4, 0.6, 0.8, 1.0, 1.2],
            "transform": [
                [-1.0, 3e-05, 3.2e-05, -0.0, -3e-05, 0.060811, -0.998149, 0.300557, -3.2e-05, -0.998149, -0.060811, 0.0, 0.0, 0.0, 0.0, 1.0],
                [-1.0, 3e-05, 3.2e-05, -0.0, -3e-05, 0.060811, -0.998149, 0.300556, -3.2e-05, -0.998149, -0.060811, 0.0, 0.0, 0.0, 0.0, 1.0],
                [-1.0, 3e-05, 3.2e-05, -0.0, -3e-05, 0.060811, -0.998149, 0.300556, -3.2e-05, -0.998149, -0.060811, 0.0, 0.0, 0.0, 0.0, 1.0],
                [-1.0, 3e-05, 3.2e-05, -0.0, -3e-05, 0.060811, -0.998149, 0.300556, -3.2e-05, -0.998149, -0.060811, -0.0, 0.0, 0.0, 0.0, 1.0],
                [-1.0, 3e-05, 3.2e-05, -0.0, -3e-05, 0.060811, -0.998149, 0.300556, -3.2e-05, -0.998149, -0.060811, 0.0, 0.0, 0.0, 0.0, 1.0],
                [-1.0, 3e-05, 3.2e-05, -0.0, -3e-05, 0.060811, -0.998149, 0.300556, -3.2e-05, -0.998149, -0.060811, 0.0, 0.0, 0.0, 0.0, 1.0],
                [-1.0, 3e-05, 3.2e-05, -0.0, -3e-05, 0.060811, -0.998149, 0.300557, -3.2e-05, -0.998149, -0.060811, 0.0, 0.0, 0.0, 0.0, 1.0]
            ]
        }
    ]
}