{
    "animation": [
        {
            "name": "Root",
            "time": [0.0, 0.0167, 0.0333, 0.05, 0.0667, 0.0833, 0.1, 0.1167, 0.1333, 0.15, 0.1667, 0.1833, 0.2, 0.2167, 0.2333, 0.25, 0.2667, 0.2833, 0.3, 0.3167, 0.3333, 0.35, 0.3667, 0.3833, 0.4, 0.4167, 0.4333, 0.45, 0.4667, 0.4833, 0.5, 0.5167, 0.5333, 0.55, 0.5667, 0.5833, 0.6, 0.6167, 0.6333, 0.65, 0.6667, 0.6833, 0.7, 0.7167, 0.7333, 0.75, 0.7667, 0.7833, 0.8, 0.8167, 0.8333, 0.85, 0.8667, 0.8833, 0.9, 0.9167, 0.9333, 0.95, 0.9667, 0.9833, 1.0, 1.0167, 1.0333, 1.05, 1.0667, 1.0833, 1.1, 1.1167, 1.1333, 1.15, 1.1667, 1.1833, 1.2, 1.2167, 1.2333, 1.25, 1.2667, 1.2833, 1.3, 1.3167, 1.3333, 1.35, 1.3667, 1.3833, 1.4, 1.4167, 1.4333, 1.45, 1.4667, 1.4833, 1.5, 1.5167, 1.5333, 1.55, 1.5667, 1.5833, 1.6, 1.6167, 1.6333, 1.65, 1.6667, 1.6833, 1.7, 1.7167, 1.7333, 1.75, 1.7667, 1.7833, 1.8, 1.8167, 1.8333, 1.85, 1.8667, 1.8833, 1.9, 1.9167, 1.9333, 1.95, 1.9667, 1.9833, 2.0],
            "transform": [
                [0.61045, 0.0, -0.792055, -5e-06, -0.792055, 0.0, -0.61045, 0.000946, 0.0, 1.0, 0.0, 0.739346, 0.0, 0.0, 0.0, 1.0],
                [0.61045, 0.0, -0.792055, -5e-06, -0.792055, 0.0, -0.61045, 0.000946, 0.0, 1.0, 0.0, 0.739307, 0.0, 0.0, 0.0, 1.0],
                [0.61045, 0.0, -0.792055, -5e-06, -0.792055, 0.0, -0.61045, 0.000946, 0.0, 1.0, 0.0, 0.739188, 0.0, 0.0, 0.0, 1.0],
                [0.61045, 0.0, -0.792055, -5e-06, -0.792055, 0.0, -0.61045, 0.000946, 0.0, 1.0, 0.0, 0.738988, 0.0, 0.0, 0.0, 1.0],
                [0.61045, 0.0, -0.792055, -5e-06, -0.792055, 0.0, -0.61045, 0.000946, 0.0, 1.0, 0.0, 0.738707, 0.0, 0.0, 0.0, 1.0],
                [0.61045, 0.0, -0.792055, -5e-06, -0.792055, 0.0, -0.61045, 0.000946, 0.0, 1.0, 0.0, 0.738346, 0.0, 0.0, 0.0, 1.0],
                [0.61045, 0.0, -0.792055, -5e-06, -0.792055, 0.0, -0.61045, 0.000946, 0.0, 1.0, 0.0, 0.73791, 0.0, 0.0, 0.0, 1.0],
                [0.61045, 0.0, -0.792055, -5e-06, -0.792055, 0.0, -0.61045, 0.000946, 0.0, 1.0, 0.0, 0.737404, 0.0, 0.0, 0.0, 1.0],
                [0.61045, 0.0, -0.792055, -5e-06, -0.792055, 0.0, -0.61045, 0.000946, 0.0, 1.0, 0.0, 0.736837, 0.0, 0.0, 0.0, 1.0],
                [0.61045, 0.0, -0.792055, -5e-06, -0.792055, 0.0, -0.61045, 0.000946, 0.0, 1.0, 0.0, 0.736221, 0.0, 0.0, 0.0, 1.0],
                [0.61045, 0.0, -0.792055, -5e-06, -0.792055, 0.0, -0.61045, 0.000946, 0.0, 1.0, 0.0, 0.735568, 0.0, 0.0, 0.0, 1.0],
                [0.61045, 0.0, -0.792055, -5e-06, -0.792055, 0.0, -0.61045, 0.000946, 0.0, 1.0, 0.0, 0.734895, 0.0, 0.0, 0.0, 1.0],
                [0.61045, 0.0, -0.792055, -5e-06, -0.792055, 0.0, -0.61045, 0.000946, 0.0, 1.0, 0.0, 0.734216, 0.0, 0.0, 0.0, 1.0],
                [0.61045, 0.0, -0.792055, -5e-06, -0.792055, 0.0, -0.61045, 0.000946, 0.0, 1.0, 0.0, 0.733548, 0.0, 0.0, 0.0, 1.0],
                [0.61045, 0.0, -0.792055, -5e-06, -0.792055, 0.0, -0.61045, 0.000946, 0.0, 1.0, 0.0, 0.732905, 0.0, 0.0, 0.0, 1.0],
                [0.61045, 0.0, -0.792055, -5e-06, -0.792055, 0.0, -0.61045, 0.000946, 0.0, 1.0, 0.0, 0.7323, 0.0, 0.0, 0.0, 1.0],
                [0.61045, 0.0, -0.792055, -5e-06, -0.792055, 0.0, -0.61045, 0.000946, 0.0, 1.0, 0.0, 0.731743, 0.0, 0.0, 0.0, 1.0],
                [0.61045, 0.0, -0.792055, -5e-06, -0.792055, 0.0, -0.61045, 0.000946, 0.0, 1.0, 0.0, 0.731244, 0.0, 0.0, 0.0, 1.0],
                [0.61045, 0.0, -0.792055, -5e-06, -0.792055, 0.0, -0.61045, 0.000946, 0.0, 1.0, 0.0, 0.730807, 0.0, 0.0, 0.0, 1.0],
                [0.61045, 0.0, -0.792055, -5e-06, -0.792055, 0.0, -0.61045, 0.000946, 0.0, 1.0, 0.0, 0.730437, 0.0, 0.0, 0.0, 1.0],
                [0.61045, 0.0, -0.792055, -5e-06, -0.792055, 0.0, -0.61045, 0.000946, 0.0, 1.0, 0.0, 0.730136, 0.0, 0.0, 0.0, 1.0],
                [0.61045, 0.0, -0.792055, -5e-06, -0.792055, 0.0, -0.61045, 0.000946, 0.0, 1.0, 0.0, 0.729903, 0.0, 0.0, 0.0, 1.0],
                [0.61045, 0.0, -0.792055, -5e-06, -0.792055, 0.0, -0.61045, 0.000946, 0.0, 1.0, 0.0, 0.729708, 0.0, 0.0, 0.0, 1.0],
                [0.61045, 0.0, -0.792055, -5e-06, -0.792055, 0.0, -0.61045, 0.000946, 0.0, 1.0, 0.0, 0.729517, 0.0, 0.0, 0.0, 1.0],
                [0.61045, 0.0, -0.792055, -5e-06, -0.792055, 0.0, -0.61045, 0.000946, 0.0, 1.0, 0.0, 0.729332, 0.0, 0.0, 0.0, 1.0],
                [0.61045, 0.0, -0.792055, -5e-06, -0.792055, 0.0, -0.61045, 0.000946, 0.0, 1.0, 0.0, 0.729153, 0.0, 0.0, 0.0, 1.0],
                [0.61045, 0.0, -0.792055, -5e-06, -0.792055, 0.0, -0.61045, 0.000946, 0.0, 1.0, 0.0, 0.72898, 0.0, 0.0, 0.0, 1.0],
                [0.61045, 0.0, -0.792055, -5e-06, -0.792055, 0.0, -0.61045, 0.000946, 0.0, 1.0, 0.0, 0.728812, 0.0, 0.0, 0.0, 1.0],
                [0.61045, 0.0, -0.792055, -5e-06, -0.792055, 0.0, -0.61045, 0.000946, 0.0, 1.0, 0.0, 0.728652, 0.0, 0.0, 0.0, 1.0],
                [0.61045, 0.0, -0.792055, -5e-06, -0.792055, 0.0, -0.61045, 0.000946, 0.0, 1.0, 0.0, 0.728498, 0.0, 0.0, 0.0, 1.0],
                [0.61045, 0.0, -0.792055, -5e-06, -0.792055, 0.0, -0.61045, 0.000946, 0.0, 1.0, 0.0, 0.728351, 0.0, 0.0, 0.0, 1.0],
                [0.61045, 0.0, -0.792055, -5e-06, -0.792055, 0.0, -0.61045, 0.000946, 0.0, 1.0, 0.0, 0.728211, 0.0, 0.0, 0.0, 1.0],
                [0.61045, 0.0, -0.792055, -5e-06, -0.792055, 0.0, -0.61045, 0.000946, 0.0, 1.0, 0.0, 0.728079, 0.0, 0.0, 0.0, 1.0],
                [0.61045, 0.0, -0.792055, -5e-06, -0.792055, 0.0, -0.61045, 0.000946, 0.0, 1.0, 0.0, 0.727954, 0.0, 0.0, 0.0, 1.0],
                [0.61045, 0.0, -0.792055, -5e-06, -0.792055, 0.0, -0.61045, 0.000946, 0.0, 1.0, 0.0, 0.727837, 0.0, 0.0, 0.0, 1.0],
                [0.61045, 0.0, -0.792055, -5e-06, -0.792055, 0.0, -0.61045, 0.000946, 0.0, 1.0, 0.0, 0.727727, 0.0, 0.0, 0.0, 1.0],
                [0.61045, 0.0, -0.792055, -5e-06, -0.792055, 0.0, -0.61045, 0.000946, 0.0, 1.0, 0.0, 0.727626, 0.0, 0.0, 0.0, 1.0],
                [0.61045, 0.0, -0.792055, -5e-06, -0.792055, 0.0, -0.61045, 0.000946, 0.0, 1.0, 0.0, 0.727533, 0.0, 0.0, 0.0, 1.0],
                [0.61045, 0.0, -0.792055, -5e-06, -0.792055, 0.0, -0.61045, 0.000946, 0.0, 1.0, 0.0, 0.727447, 0.0, 0.0, 0.0, 1.0],
                [0.61045, 0.0, -0.792055, -5e-06, -0.792055, 0.0, -0.61045, 0.000946, 0.0, 1.0, 0.0, 0.727369, 0.0, 0.0, 0.0, 1.0],
                [0.61045, 0.0, -0.792055, -5e-06, -0.792055, 0.0, -0.61045, 0.000946, 0.0, 1.0, 0.0, 0.727298, 0.0, 0.0, 0.0, 1.0],
                [0.61045, 0.0, -0.792055, -5e-06, -0.792055, 0.0, -0.61045, 0.000946, 0.0, 1.0, 0.0, 0.727234, 0.0, 0.0, 0.0, 1.0],
                [0.61045, 0.0, -0.792055, -5e-06, -0.792055, 0.0, -0.61045, 0.000946, 0.0, 1.0, 0.0, 0.727178, 0.0, 0.0, 0.0, 1.0],
                [0.61045, 0.0, -0.792055, -5e-06, -0.792055, 0.0, -0.61045, 0.000946, 0.0, 1.0, 0.0, 0.727128, 0.0, 0.0, 0.0, 1.0],
                [0.61045, 0.0, -0.792055, -5e-06, -0.792055, 0.0, -0.61045, 0.000946, 0.0, 1.0, 0.0, 0.727085, 0.0, 0.0, 0.0, 1.0],
                [0.61045, 0.0, -0.792055, -5e-06, -0.792055, 0.0, -0.61045, 0.000946, 0.0, 1.0, 0.0, 0.727047, 0.0, 0.0, 0.0, 1.0],
                [0.61045, 0.0, -0.792055, -5e-06, -0.792055, 0.0, -0.61045, 0.000946, 0.0, 1.0, 0.0, 0.727015, 0.0, 0.0, 0.0, 1.0],
                [0.61045, 0.0, -0.792055, -5e-06, -0.792055, 0.0, -0.61045, 0.000946, 0.0, 1.0, 0.0, 0.726987, 0.0, 0.0, 0.0, 1.0],
                [0.61045, 0.0, -0.792055, -5e-06, -0.792055, 0.0, -0.61045, 0.000946, 0.0, 1.0, 0.0, 0.726964, 0.0, 0.0, 0.0, 1.0],
                [0.61045, 0.0, -0.792055, -5e-06, -0.792055, 0.0, -0.61045, 0.000946, 0.0, 1.0, 0.0, 0.726946, 0.0, 0.0, 0.0, 1.0],
                [0.61045, 0.0, -0.792055, -5e-06, -0.792055, 0.0, -0.61045, 0.000946, 0.0, 1.0, 0.0, 0.72693, 0.0, 0.0, 0.0, 1.0],
                [0.61045, 0.0, -0.792055, -5e-06, -0.792055, 0.0, -0.61045, 0.000946, 0.0, 1.0, 0.0, 0.726918, 0.0, 0.0, 0.0, 1.0],
                [0.61045, 0.0, -0.792055, -5e-06, -0.792055, 0.0, -0.61045, 0.000946, 0.0, 1.0, 0.0, 0.726909, 0.0, 0.0, 0.0, 1.0],
                [0.61045, 0.0, -0.792055, -5e-06, -0.792055, 0.0, -0.61045, 0.000946, 0.0, 1.0, 0.0, 0.726902, 0.0, 0.0, 0.0, 1.0],
                [0.61045, 0.0, -0.792055, -5e-06, -0.792055, 0.0, -0.61045, 0.000946, 0.0, 1.0, 0.0, 0.726897, 0.0, 0.0, 0.0, 1.0],
                [0.61045, 0.0, -0.792055, -5e-06, -0.792055, 0.0, -0.61045, 0.000946, 0.0, 1.0, 0.0, 0.726893, 0.0, 0.0, 0.0, 1.0],
                [0.61045, 0.0, -0.792055, -5e-06, -0.792055, 0.0, -0.61045, 0.000946, 0.0, 1.0, 0.0, 0.726891, 0.0, 0.0, 0.0, 1.0],
                [0.61045, 0.0, -0.792055, -5e-06, -0.792055, 0.0, -0.61045, 0.000946, 0.0, 1.0, 0.0, 0.726889, 0.0, 0.0, 0.0, 1.0],
                [0.61045, 0.0, -0.792055, -5e-06, -0.792055, 0.0, -0.61045, 0.000946, 0.0, 1.0, 0.0, 0.726889, 0.0, 0.0, 0.0, 1.0],
                [0.61045, 0.0, -0.792055, -5e-06, -0.792055, 0.0, -0.61045, 0.000946, 0.0, 1.0, 0.0, 0.726889, 0.0, 0.0, 0.0, 1.0],
                [0.61045, 0.0, -0.792055, -5e-06, -0.792055, 0.0, -0.61045, 0.000946, 0.0, 1.0, 0.0, 0.726888, 0.0, 0.0, 0.0, 1.0],
                [0.61045, 0.0, -0.792055, -5e-06, -0.792055, 0.0, -0.61045, 0.000946, 0.0, 1.0, 0.0, 0.72708, 0.0, 0.0, 0.0, 1.0],
                [0.61045, 0.0, -0.792055, -5e-06, -0.792055, 0.0, -0.61045, 0.000946, 0.0, 1.0, 0.0, 0.727658, 0.0, 0.0, 0.0, 1.0],
                [0.61045, 0.0, -0.792055, -5e-06, -0.792055, 0.0, -0.61045, 0.000946, 0.0, 1.0, 0.0, 0.728611, 0.0, 0.0, 0.0, 1.0],
                [0.61045, 0.0, -0.792055, -5e-06, -0.792055, 0.0, -0.61045, 0.000946, 0.0, 1.0, 0.0, 0.729898, 0.0, 0.0, 0.0, 1.0],
                [0.61045, 0.0, -0.792055, -5e-06, -0.792055, 0.0, -0.61045, 0.000946, 0.0, 1.0, 0.0, 0.731438, 0.0, 0.0, 0.0, 1.0],
                [0.61045, 0.0, -0.792055, -5e-06, -0.792055, 0.0, -0.61045, 0.000946, 0.0, 1.0, 0.0, 0.733117, 0.0, 0.0, 0.0, 1.0],
                [0.61045, 0.0, -0.792055, -5e-06, -0.792055, 0.0, -0.61045, 0.000946, 0.0, 1.0, 0.0, 0.734796, 0.0, 0.0, 0.0, 1.0],
                [0.61045, 0.0, -0.792055, -5e-06, -0.792055, 0.0, -0.61045, 0.000946, 0.0, 1.0, 0.0, 0.736337, 0.0, 0.0, 0.0, 1.0],
                [0.61045, 0.0, -0.792055, -5e-06, -0.792055, 0.0, -0.61045, 0.000946, 0.0, 1.0, 0.0, 0.737623, 0.0, 0.0, 0.0, 1.0],
                [0.61045, 0.0, -0.792055, -5e-06, -0.792055, 0.0, -0.61045, 0.000946, 0.0, 1.0, 0.0, 0.738576, 0.0, 0.0, 0.0, 1.0],
                [0.61045, 0.0, -0.792055, -5e-06, -0.792055, 0.0, -0.61045, 0.000946, 0.0, 1.0, 0.0, 0.739154, 0.0, 0.0, 0.0, 1.0],
                [0.61045, 0.0, -0.792055, -5e-06, -0.792055, 0.0, -0.61045, 0.000946, 0.0, 1.0, 0.0, 0.739346, 0.0, 0.0, 0.0, 1.0],
                [0.61045, 0.0, -0.792055, -5e-06, -0.792055, 0.0, -0.61045, 0.000854, 0.0, 1.0, 0.0, 0.73931, 0.0, 0.0, 0.0, 1.0],
                [0.61045, 0.0, -0.792055, -5e-06, -0.792055, 0.0, -0.61045, 0.000575, 0.0, 1.0, 0.0, 0.739202, 0.0, 0.0, 0.0, 1.0],
                [0.61045, 0.0, -0.792055, -5e-06, -0.792055, 0.0, -0.61045, 0.000107, 0.0, 1.0, 0.0, 0.739021, 0.0, 0.0, 0.0, 1.0],
                [0.61045, 0.0, -0.792055, -5e-06, -0.792055, 0.0, -0.61045, -0.000546, 0.0, 1.0, 0.0, 0.738768, 0.0, 0.0, 0.0, 1.0],
                [0.61045, 0.0, -0.792055, -5e-06, -0.792055, 0.0, -0.61045, -0.001378, 0.0, 1.0, 0.0, 0.738445, 0.0, 0.0, 0.0, 1.0],
                [0.61045, 0.0, -0.792055, -5e-06, -0.792055, 0.0, -0.61045, -0.002376, 0.0, 1.0, 0.0, 0.738059, 0.0, 0.0, 0.0, 1.0],
                [0.61045, 0.0, -0.792055, -5e-06, -0.792055, 0.0, -0.61045, -0.003523, 0.0, 1.0, 0.0, 0.737614, 0.0, 0.0, 0.0, 1.0],
                [0.61045, 0.0, -0.792055, -5e-06, -0.792055, 0.0, -0.61045, -0.004794, 0.0, 1.0, 0.0, 0.737122, 0.0, 0.0, 0.0, 1.0],
                [0.61045, 0.0, -0.792055, -5e-06, -0.792055, 0.0, -0.61045, -0.006159, 0.0, 1.0, 0.0, 0.736593, 0.0, 0.0, 0.0, 1.0],
                [0.61045, 0.0, -0.792055, -5e-06, -0.792055, 0.0, -0.61045, -0.007583, 0.0, 1.0, 0.0, 0.736041, 0.0, 0.0, 0.0, 1.0],
                [0.61045, 0.0, -0.792055, -5e-06, -0.792055, 0.0, -0.61045, -0.009026, 0.0, 1.0, 0.0, 0.735482, 0.0, 0.0, 0.0, 1.0],
                [0.61045, 0.0, -0.792055, -5e-06, -0.792055, 0.0, -0.61045, -0.01045, 0.0, 1.0, 0.0, 0.73493, 0.0, 0.0, 0.0, 1.0],
                [0.61045, 0.0, -0.792055, -5e-06, -0.792055, 0.0, -0.61045, -0.011815, 0.0, 1.0, 0.0, 0.734401, 0.0, 0.0, 0.0, 1.0],
                [0.61045, 0.0, -0.792055, -5e-06, -0.792055, 0.0, -0.61045, -0.013086, 0.0, 1.0, 0.0, 0.733909, 0.0, 0.0, 0.0, 1.0],
                [0.61045, 0.0, -0.792055, -5e-06, -0.792055, 0.0, -0.61045, -0.014233, 0.0, 1.0, 0.0, 0.733464, 0.0, 0.0, 0.0, 1.0],
                [0.61045, 0.0, -0.792055, -5e-06, -0.792055, 0.0, -0.61045, -0.015232, 0.0, 1.0, 0.0, 0.733078, 0.0, 0.0, 0.0, 1.0],
                [0.61045, 0.0, -0.792055, -5e-06, -0.792055, 0.0, -0.61045, -0.016063, 0.0, 1.0, 0.0, 0.732755, 0.0, 0.0, 0.0, 1.0],
                [0.61045, 0.0, -0.792055, -5e-06, -0.792055, 0.0, -0.61045, -0.016716, 0.0, 1.0, 0.0, 0.732502, 0.0, 0.0, 0.0, 1.0],
                [0.61045, 0.0, -0.792055, -5e-06, -0.792055, 0.0, -0.61045, -0.017184, 0.0, 1.0, 0.0, 0.732321, 0.0, 0.0, 0.0, 1.0],
                [0.61045, 0.0, -0.792055, -5e-06, -0.792055, 0.0, -0.61045, -0.017463, 0.0, 1.0, 0.0, 0.732213, 0.0, 0.0, 0.0, 1.0],
                [0.61045, 0.0, -0.792055, -5e-06, -0.792055, 0.0, -0.61045, -0.017556, 0.0, 1.0, 0.0, 0.732177, 0.0, 0.0, 0.0, 1.0],
                [0.61045, 0.0, -0.792055, -5e-06, -0.792055, 0.0, -0.61045, -0.0175, 0.0, 1.0, 0.0, 0.732199, 0.0, 0.0, 0.0, 1.0],
                [0.61045, 0.0, -0.792055, -5e-06, -0.792055, 0.0, -0.61045, -0.017331, 0.0, 1.0, 0.0, 0.732264, 0.0, 0.0, 0.0, 1.0],
                [0.61045, 0.0, -0.792055, -5e-06, -0.792055, 0.0, -0.61045, -0.017049, 0.0, 1.0, 0.0, 0.732373, 0.0, 0.0, 0.0, 1.0],
                [0.61045, 0.0, -0.792055, -5e-06, -0.792055, 0.0, -0.61045, -0.016653, 0.0, 1.0, 0.0, 0.732527, 0.0, 0.0, 0.0, 1.0],
                [0.61045, 0.0, -0.792055, -5e-06, -0.792055, 0.0, -0.61045, -0.016145, 0.0, 1.0, 0.0, 0.732724, 0.0, 0.0, 0.0, 1.0],
                [0.61045, 0.0, -0.792055, -5e-06, -0.792055, 0.0, -0.61045, -0.015528, 0.0, 1.0, 0.0, 0.732963, 0.0, 0.0, 0.0, 1.0],
                [0.61045, 0.0, -0.792055, -5e-06, -0.792055, 0.0, -0.61045, -0.014808, 0.0, 1.0, 0.0, 0.733242, 0.0, 0.0, 0.0, 1.0],
                [0.61045, 0.0, -0.792055, -5e-06, -0.792055, 0.0, -0.61045, -0.013991, 0.0, 1.0, 0.0, 0.733558, 0.0, 0.0, 0.0, 1.0],
                [0.61045, 0.0, -0.792055, -5e-06, -0.792055, 0.0, -0.61045, -0.013086, 0.0, 1.0, 0.0, 0.733909, 0.0, 0.0, 0.0, 1.0],
                [0.61045, 0.0, -0.792055, -5e-06, -0.792055, 0.0, -0.61045, -0.012107, 0.0, 1.0, 0.0, 0.734288, 0.0, 0.0, 0.0, 1.0],
                [0.61045, 0.0, -0.792055, -5e-06, -0.792055, 0.0, -0.61045, -0.011066, 0.0, 1.0, 0.0, 0.734691, 0.0, 0.0, 0.0, 1.0],
                [0.61045, 0.0, -0.792055, -5e-06, -0.792055, 0.0, -0.61045, -0.00998, 0.0, 1.0, 0.0, 0.735112, 0.0, 0.0, 0.0, 1.0],
                [0.61045, 0.0, -0.792055, -5e-06, -0.792055, 0.0, -0.61045, -0.008866, 0.0, 1.0, 0.0, 0.735544, 0.0, 0.0, 0.0, 1.0],
                [0.61045, 0.0, -0.792055, -5e-06, -0.792055, 0.0, -0.61045, -0.007743, 0.0, 1.0, 0.0, 0.735979, 0.0, 0.0, 0.0, 1.0],
                [0.61045, 0.0, -0.792055, -5e-06, -0.792055, 0.0, -0.61045, -0.006629, 0.0, 1.0, 0.0, 0.736411, 0.0, 0.0, 0.0, 1.0],
                [0.61045, 0.0, -0.792055, -5e-06, -0.792055, 0.0, -0.61045, -0.005543, 0.0, 1.0, 0.0, 0.736831, 0.0, 0.0, 0.0, 1.0],
                [0.61045, 0.0, -0.792055, -5e-06, -0.792055, 0.0, -0.61045, -0.004502, 0.0, 1.0, 0.0, 0.737235, 0.0, 0.0, 0.0, 1.0],
                [0.61045, 0.0, -0.792055, -5e-06, -0.792055, 0.0, -0.61045, -0.003523, 0.0, 1.0, 0.0, 0.737614, 0.0, 0.0, 0.0, 1.0],
                [0.61045, 0.0, -0.792055, -5e-06, -0.792055, 0.0, -0.61045, -0.002619, 0.0, 1.0, 0.0, 0.737964, 0.0, 0.0, 0.0, 1.0],
                [0.61045, 0.0, -0.792055, -5e-06, -0.792055, 0.0, -0.61045, -0.001802, 0.0, 1.0, 0.0, 0.738281, 0.0, 0.0, 0.0, 1.0],
                [0.61045, 0.0, -0.792055, -5e-06, -0.792055, 0.0, -0.61045, -0.001081, 0.0, 1.0, 0.0, 0.73856, 0.0, 0.0, 0.0, 1.0],
                [0.61045, 0.0, -0.792055, -5e-06, -0.792055, 0.0, -0.61045, -0.000464, 0.0, 1.0, 0.0, 0.738799, 0.0, 0.0, 0.0, 1.0],
                [0.61045, 0.0, -0.792055, -5e-06, -0.792055, 0.0, -0.61045, 4.4e-05, 0.0, 1.0, 0.0, 0.738996, 0.0, 0.0, 0.0, 1.0],
                [0.61045, 0.0, -0.792055, -5e-06, -0.792055, 0.0, -0.61045, 0.00044, 0.0, 1.0, 0.0, 0.739149, 0.0, 0.0, 0.0, 1.0],
                [0.61045, 0.0, -0.792055, -5e-06, -0.792055, 0.0, -0.61045, 0.000722, 0.0, 1.0, 0.0, 0.739259, 0.0, 0.0, 0.0, 1.0],
                [0.61045, 0.0, -0.792055, -5e-06, -0.792055, 0.0, -0.61045, 0.000891, 0.0, 1.0, 0.0, 0.739324, 0.0, 0.0, 0.0, 1.0],
                [0.61045, 0.0, -0.792055, -5e-06, -0.792055, 0.0, -0.61045, 0.000946, 0.0, 1.0, 0.0, 0.739346, 0.0, 0.0, 0.0, 1.0]
            ]
        },
        {
            "name": "Thigh_R",
            "time": [0.0, 0.0167, 0.0333, 0.05, 0.0667, 0.0833, 0.1, 0.1167, 0.1333, 0.15, 0.1667, 0.1833, 0.2, 0.2167, 0.2333, 0.25, 0.2667, 0.2833, 0.3, 0.3167, 0.3333, 0.35, 0.3667, 0.3833, 0.4, 0.4167, 0.4333, 0.45, 0.4667, 0.4833, 0.5, 0.5167, 0.5333, 0.55, 0.5667, 0.5833, 0.6, 0.6167, 0.6333, 0.65, 0.6667, 0.6833, 0.7, 0.7167, 0.7333, 0.75, 0.7667, 0.7833, 0.8, 0.8167, 0.8333, 0.85, 0.8667, 0.8833, 0.9, 0.9167, 0.9333, 0.95, 0.9667, 0.9833, 1.0, 1.0167, 1.0333, 1.05, 1.0667, 1.0833, 1.1, 1.1167, 1.1333, 1.15, 1.1667, 1.1833, 1.2, 1.2167, 1.2333, 1.25, 1.2667, 1.2833, 1.3, 1.3167, 1.3333, 1.35, 1.3667, 1.3833, 1.4, 1.4167, 1.4333, 1.45, 1.4667, 1.4833, 1.5, 1.5167, 1.5333, 1.55, 1.5667, 1.5833, 1.6, 1.6167, 1.6333, 1.65, 1.6667, 1.6833, 1.7, 1.7167, 1.7333, 1.75, 1.7667, 1.7833, 1.8, 1.8167, 1.8333, 1.85, 1.8667, 1.8833, 1.9, 1.9167, 1.9333, 1.95, 1.9667, 1.9833, 2.0],
            "transform": [
                [0.916032, 0.208837, -0.342437, 0.086814, 0.13512, -0.964531, -0.226756, -0.002831, -0.377661, 0.161453, -0.911724, -0.089074, 0.0, 0.0, 0.0, 1.0],
                [0.916033, 0.208848, -0.342429, 0.086814, 0.135129, -0.964528, -0.226767, -0.002831, -0.377656, 0.161461, -0.911725, -0.089074, 0.0, 0.0, 0.0, 1.0],
                [0.916035, 0.20888, -0.342404, 0.086814, 0.135154, -0.964517, -0.226799, -0.002831, -0.377642, 0.161486, -0.911726, -0.089074, 0.0, 0.0, 0.0, 1.0],
                [0.916038, 0.208934, -0.342361, 0.086814, 0.135196, -0.964498, -0.226854, -0.002831, -0.377618, 0.161528, -0.911728, -0.089074, 0.0, 0.0, 0.0, 1.0],
                [0.916044, 0.209009, -0.342301, 0.086814, 0.135255, -0.964472, -0.22693, -0.002831, -0.377585, 0.161587, -0.911732, -0.089074, 0.0, 0.0, 0.0, 1.0],
                [0.91605, 0.209106, -0.342224, 0.086814, 0.135331, -0.964438, -0.227028, -0.002831, -0.377541, 0.161663, -0.911736, -0.089074, 0.0, 0.0, 0.0, 1.0],
                [0.916058, 0.209224, -0.342131, 0.086814, 0.135423, -0.964397, -0.227148, -0.002831, -0.377489, 0.161755, -0.911742, -0.089074, 0.0, 0.0, 0.0, 1.0],
                [0.916068, 0.209361, -0.342022, 0.086814, 0.135529, -0.964349, -0.227286, -0.002831, -0.377428, 0.161862, -0.911748, -0.089074, 0.0, 0.0, 0.0, 1.0],
                [0.916078, 0.209514, -0.341901, 0.086814, 0.135649, -0.964296, -0.227441, -0.002831, -0.37736, 0.161982, -0.911755, -0.089074, 0.0, 0.0, 0.0, 1.0],
                [0.916089, 0.209681, -0.341768, 0.086814, 0.13578, -0.964238, -0.22761, -0.002831, -0.377286, 0.162112, -0.911762, -0.089074, 0.0, 0.0, 0.0, 1.0],
                [0.916101, 0.209858, -0.341627, 0.086814, 0.135918, -0.964176, -0.227789, -0.002831, -0.377207, 0.162251, -0.91177, -0.089074, 0.0, 0.0, 0.0, 1.0],
                [0.916109, 0.203028, -0.34571, 0.086814, 0.136084, -0.968573, -0.208192, -0.002831, -0.377129, 0.143688, -0.914912, -0.089074, 0.0, 0.0, 0.0, 1.0],
                [0.916116, 0.194679, -0.35046, 0.086814, 0.136255, -0.973341, -0.184495, -0.002831, -0.37705, 0.121275, -0.918184, -0.089074, 0.0, 0.0, 0.0, 1.0],
                [0.916125, 0.189439, -0.353298, 0.086814, 0.136415, -0.976025, -0.169597, -0.002831, -0.37697, 0.107185, -0.919967, -0.089074, 0.0, 0.0, 0.0, 1.0],
                [0.916134, 0.185402, -0.355409, 0.086814, 0.136566, -0.977931, -0.158107, -0.002831, -0.376893, 0.096318, -0.9212, -0.089074, 0.0, 0.0, 0.0, 1.0],
                [0.916143, 0.182124, -0.357076, 0.086814, 0.136706, -0.979376, -0.148765, -0.002831, -0.37682, 0.087483, -0.922111, -0.089074, 0.0, 0.0, 0.0, 1.0],
                [0.916152, 0.179416, -0.358423, 0.086814, 0.136834, -0.980501, -0.141038, -0.002831, -0.376753, 0.080176, -0.922802, -0.089074, 0.0, 0.0, 0.0, 1.0],
                [0.916159, 0.177174, -0.359516, 0.086814, 0.136949, -0.981385, -0.134634, -0.002831, -0.376692, 0.074119, -0.923333, -0.089074, 0.0, 0.0, 0.0, 1.0],
                [0.916166, 0.175333, -0.3604, 0.086814, 0.137049, -0.982078, -0.129371, -0.002831, -0.376639, 0.069141, -0.923741, -0.089074, 0.0, 0.0, 0.0, 1.0],
                [0.916172, 0.173846, -0.361104, 0.086814, 0.137134, -0.982617, -0.125119, -0.002831, -0.376594, 0.065119, -0.924052, -0.089074, 0.0, 0.0, 0.0, 1.0],
                [0.916177, 0.17268, -0.361651, 0.086814, 0.137203, -0.983027, -0.12178, -0.002831, -0.376557, 0.061961, -0.924284, -0.089074, 0.0, 0.0, 0.0, 1.0],
                [0.916181, 0.171805, -0.362058, 0.086814, 0.137256, -0.983327, -0.119275, -0.002831, -0.376528, 0.059591, -0.924451, -0.089074, 0.0, 0.0, 0.0, 1.0],
                [0.916184, 0.171085, -0.362391, 0.086814, 0.137301, -0.983569, -0.11721, -0.002831, -0.376504, 0.057638, -0.924585, -0.089074, 0.0, 0.0, 0.0, 1.0],
                [0.916187, 0.170397, -0.362708, 0.086814, 0.137344, -0.983796, -0.115237, -0.002831, -0.376481, 0.055772, -0.924709, -0.089074, 0.0, 0.0, 0.0, 1.0],
                [0.91619, 0.169739, -0.363008, 0.086814, 0.137386, -0.984009, -0.113352, -0.002831, -0.376458, 0.053988, -0.924824, -0.089074, 0.0, 0.0, 0.0, 1.0],
                [0.916193, 0.169112, -0.363293, 0.086814, 0.137427, -0.984209, -0.111553, -0.002831, -0.376436, 0.052286, -0.924931, -0.089074, 0.0, 0.0, 0.0, 1.0],
                [0.916196, 0.168515, -0.363564, 0.086814, 0.137467, -0.984396, -0.10984, -0.002831, -0.376415, 0.050666, -0.92503, -0.089074, 0.0, 0.0, 0.0, 1.0],
                [0.916198, 0.167948, -0.363819, 0.086814, 0.137505, -0.984571, -0.108211, -0.002831, -0.376394, 0.049125, -0.925121, -0.089074, 0.0, 0.0, 0.0, 1.0],
                [0.916201, 0.167409, -0.36406, 0.086814, 0.137542, -0.984734, -0.106666, -0.002831, -0.376374, 0.047662, -0.925206, -0.089074, 0.0, 0.0, 0.0, 1.0],
                [0.916204, 0.1669, -0.364288, 0.086814, 0.137577, -0.984887, -0.105204, -0.002831, -0.376355, 0.04628, -0.925284, -0.089074, 0.0, 0.0, 0.0, 1.0],
                [0.916206, 0.16642, -0.364501, 0.086814, 0.13761, -0.985029, -0.103824, -0.002831, -0.376337, 0.044974, -0.925355, -0.089074, 0.0, 0.0, 0.0, 1.0],
                [0.916208, 0.165969, -0.364701, 0.086814, 0.137642, -0.98516, -0.102527, -0.002831, -0.37632, 0.043746, -0.925421, -0.089074, 0.0, 0.0, 0.0, 1.0],
                [0.916211, 0.165545, -0.364888, 0.086814, 0.137672, -0.985282, -0.10131, -0.002831, -0.376304, 0.042595, -0.925481, -0.089074, 0.0, 0.0, 0.0, 1.0],
                [0.916213, 0.16515, -0.365062, 0.086814, 0.137701, -0.985394, -0.100173, -0.002831, -0.376288, 0.041519, -0.925537, -0.089074, 0.0, 0.0, 0.0, 1.0],
                [0.916215, 0.164782, -0.365223, 0.086814, 0.137728, -0.985497, -0.099116, -0.002831, -0.376274, 0.040519, -0.925587, -0.089074, 0.0, 0.0, 0.0, 1.0],
                [0.916216, 0.164442, -0.365372, 0.086814, 0.137753, -0.985592, -0.098137, -0.002831, -0.37626, 0.039592, -0.925633, -0.089074, 0.0, 0.0, 0.0, 1.0],
                [0.916218, 0.164129, -0.365509, 0.086814, 0.137776, -0.985678, -0.097236, -0.002831, -0.376248, 0.03874, -0.925674, -0.089074, 0.0, 0.0, 0.0, 1.0],
                [0.91622, 0.163841, -0.365634, 0.086814, 0.137797, -0.985756, -0.096409, -0.002831, -0.376236, 0.037958, -0.925711, -0.089074, 0.0, 0.0, 0.0, 1.0],
                [0.916221, 0.16358, -0.365747, 0.086814, 0.137817, -0.985827, -0.095656, -0.002831, -0.376225, 0.037245, -0.925744, -0.089074, 0.0, 0.0, 0.0, 1.0],
                [0.916222, 0.163343, -0.36585, 0.086814, 0.137834, -0.98589, -0.094974, -0.002831, -0.376216, 0.036599, -0.925774, -0.089074, 0.0, 0.0, 0.0, 1.0],
                [0.916224, 0.163129, -0.365942, 0.086814, 0.13785, -0.985947, -0.09436, -0.002831, -0.376207, 0.036018, -0.9258, -0.089074, 0.0, 0.0, 0.0, 1.0],
                [0.916224, 0.162939, -0.366024, 0.086814, 0.137865, -0.985997, -0.093811, -0.002831, -0.376199, 0.035499, -0.925823, -0.089074, 0.0, 0.0, 0.0, 1.0],
                [0.916226, 0.16277, -0.366097, 0.086814, 0.137878, -0.986041, -0.093324, -0.002831, -0.376192, 0.035038, -0.925844, -0.089074, 0.0, 0.0, 0.0, 1.0],
                [0.916226, 0.162621, -0.366161, 0.086814, 0.137889, -0.98608, -0.092896, -0.002831, -0.376186, 0.034633, -0.925861, -0.089074, 0.0, 0.0, 0.0, 1.0],
                [0.916227, 0.162492, -0.366217, 0.086814, 0.137899, -0.986114, -0.092523, -0.002831, -0.37618, 0.03428, -0.925877, -0.089074, 0.0, 0.0, 0.0, 1.0],
                [0.916228, 0.16238, -0.366265, 0.086814, 0.137908, -0.986143, -0.092201, -0.002831, -0.376176, 0.033975, -0.92589, -0.089074, 0.0, 0.0, 0.0, 1.0],
                [0.916228, 0.162284, -0.366306, 0.086814, 0.137915, -0.986168, -0.091925, -0.002831, -0.376172, 0.033714, -0.925901, -0.089074, 0.0, 0.0, 0.0, 1.0],
                [0.916229, 0.162203, -0.366341, 0.086814, 0.137921, -0.986188, -0.091692, -0.002831, -0.376168, 0.033493, -0.925911, -0.089074, 0.0, 0.0, 0.0, 1.0],
                [0.916229, 0.162136, -0.366369, 0.086814, 0.137927, -0.986206, -0.091499, -0.002831, -0.376166, 0.03331, -0.925918, -0.089074, 0.0, 0.0, 0.0, 1.0],
                [0.916229, 0.162081, -0.366393, 0.086814, 0.137931, -0.98622, -0.091339, -0.002831, -0.376163, 0.033159, -0.925925, -0.089074, 0.0, 0.0, 0.0, 1.0],
                [0.91623, 0.162036, -0.366412, 0.086814, 0.137934, -0.986231, -0.09121, -0.002831, -0.376161, 0.033037, -0.92593, -0.089074, 0.0, 0.0, 0.0, 1.0],
                [0.91623, 0.162, -0.366428, 0.086814, 0.137937, -0.986241, -0.091107, -0.002831, -0.37616, 0.03294, -0.925934, -0.089074, 0.0, 0.0, 0.0, 1.0],
                [0.91623, 0.161973, -0.366439, 0.086814, 0.137939, -0.986247, -0.091028, -0.002831, -0.376159, 0.032865, -0.925937, -0.089074, 0.0, 0.0, 0.0, 1.0],
                [0.91623, 0.161952, -0.366448, 0.086814, 0.137941, -0.986253, -0.090968, -0.002831, -0.376158, 0.032808, -0.925939, -0.089074, 0.0, 0.0, 0.0, 1.0],
                [0.91623, 0.161937, -0.366455, 0.086814, 0.137942, -0.986257, -0.090924, -0.002831, -0.376157, 0.032767, -0.925941, -0.089074, 0.0, 0.0, 0.0, 1.0],
                [0.91623, 0.161926, -0.366459, 0.086814, 0.137943, -0.986259, -0.090895, -0.002831, -0.376157, 0.032739, -0.925942, -0.089074, 0.0, 0.0, 0.0, 1.0],
                [0.91623, 0.16192, -0.366462, 0.086814, 0.137943, -0.986261, -0.090875, -0.002831, -0.376156, 0.032721, -0.925943, -0.089074, 0.0, 0.0, 0.0, 1.0],
                [0.91623, 0.161916, -0.366464, 0.086814, 0.137944, -0.986262, -0.090864, -0.002831, -0.376156, 0.03271, -0.925943, -0.089074, 0.0, 0.0, 0.0, 1.0],
                [0.91623, 0.161914, -0.366464, 0.086814, 0.137944, -0.986262, -0.090859, -0.002831, -0.376156, 0.032705, -0.925944, -0.089074, 0.0, 0.0, 0.0, 1.0],
                [0.91623, 0.161913, -0.366465, 0.086814, 0.137944, -0.986263, -0.090856, -0.002831, -0.376156, 0.032702, -0.925944, -0.089074, 0.0, 0.0, 0.0, 1.0],
                [0.91623, 0.161913, -0.366465, 0.086814, 0.137944, -0.986263, -0.090856, -0.002831, -0.376156, 0.032702, -0.925944, -0.089074, 0.0, 0.0, 0.0, 1.0],
                [0.916227, 0.162478, -0.366223, 0.086814, 0.1379, -0.986118, -0.092484, -0.002831, -0.37618, 0.034243, -0.925879, -0.089074, 0.0, 0.0, 0.0, 1.0],
                [0.916218, 0.164227, -0.365466, 0.086814, 0.137768, -0.985651, -0.097519, -0.002831, -0.376252, 0.039008, -0.925661, -0.089074, 0.0, 0.0, 0.0, 1.0],
                [0.916202, 0.167275, -0.36412, 0.086814, 0.137551, -0.984775, -0.10628, -0.002831, -0.376369, 0.047298, -0.925226, -0.089074, 0.0, 0.0, 0.0, 1.0],
                [0.916181, 0.171785, -0.362068, 0.086814, 0.137257, -0.983334, -0.119216, -0.002831, -0.376528, 0.059536, -0.924455, -0.089074, 0.0, 0.0, 0.0, 1.0],
                [0.916156, 0.178028, -0.359102, 0.086814, 0.136905, -0.981053, -0.137074, -0.002831, -0.376716, 0.076427, -0.923136, -0.089074, 0.0, 0.0, 0.0, 1.0],
                [0.916131, 0.18666, -0.354757, 0.086814, 0.136516, -0.977352, -0.161691, -0.002831, -0.376919, 0.099708, -0.920829, -0.089074, 0.0, 0.0, 0.0, 1.0],
                [0.916109, 0.201349, -0.346688, 0.086814, 0.13611, -0.969581, -0.20343, -0.002831, -0.377117, 0.139183, -0.915612, -0.089074, 0.0, 0.0, 0.0, 1.0],
                [0.916087, 0.209649, -0.341793, 0.086814, 0.135755, -0.964249, -0.227578, -0.002831, -0.3773, 0.162088, -0.911761, -0.089074, 0.0, 0.0, 0.0, 1.0],
                [0.916063, 0.209301, -0.342069, 0.086814, 0.135483, -0.96437, -0.227226, -0.002831, -0.377455, 0.161816, -0.911745, -0.089074, 0.0, 0.0, 0.0, 1.0],
                [0.916046, 0.209044, -0.342273, 0.086814, 0.135282, -0.964459, -0.226966, -0.002831, -0.377569, 0.161615, -0.911734, -0.089074, 0.0, 0.0, 0.0, 1.0],
                [0.916035, 0.208889, -0.342396, 0.086814, 0.135161, -0.964513, -0.226808, -0.002831, -0.377638, 0.161493, -0.911726, -0.089074, 0.0, 0.0, 0.0, 1.0],
                [0.916032, 0.208837, -0.342437, 0.086814, 0.13512, -0.964531, -0.226756, -0.002831, -0.377661, 0.161453, -0.911724, -0.089074, 0.0, 0.0, 0.0, 1.0],
                [0.916026, 0.208757, -0.342501, 0.086814, 0.135057, -0.964559, -0.226676, -0.002831, -0.377697, 0.161391, -0.91172, -0.089074, 0.0, 0.0, 0.0, 1.0],
                [0.916009, 0.208512, -0.342695, 0.086814, 0.134864, -0.964643, -0.226432, -0.002831, -0.377807, 0.161204, -0.911708, -0.089074, 0.0, 0.0, 0.0, 1.0],
                [0.915981, 0.208104, -0.343018, 0.086814, 0.134543, -0.964784, -0.226024, -0.002831, -0.37799, 0.16089, -0.911687, -0.089074, 0.0, 0.0, 0.0, 1.0],
                [0.915942, 0.207532, -0.34347, 0.086814, 0.134093, -0.96498, -0.225454, -0.002831, -0.378245, 0.160452, -0.911658, -0.089074, 0.0, 0.0, 0.0, 1.0],
                [0.915891, 0.206803, -0.344045, 0.086814, 0.133521, -0.965229, -0.224726, -0.002831, -0.378571, 0.159894, -0.911621, -0.089074, 0.0, 0.0, 0.0, 1.0],
                [0.915829, 0.205926, -0.344734, 0.086814, 0.132834, -0.965527, -0.223849, -0.002831, -0.378961, 0.159222, -0.911577, -0.089074, 0.0, 0.0, 0.0, 1.0],
                [0.915758, 0.204917, -0.345524, 0.086814, 0.132045, -0.965869, -0.222839, -0.002831, -0.379409, 0.158449, -0.911525, -0.089074, 0.0, 0.0, 0.0, 1.0],
                [0.915678, 0.203795, -0.346398, 0.086814, 0.13117, -0.966247, -0.221715, -0.002831, -0.379905, 0.157589, -0.911468, -0.089074, 0.0, 0.0, 0.0, 1.0],
                [0.915584, 0.191668, -0.353496, 0.086814, 0.130264, -0.973065, -0.190192, -0.002831, -0.380443, 0.128096, -0.915855, -0.089074, 0.0, 0.0, 0.0, 1.0],
                [0.915487, 0.181245, -0.359198, 0.086814, 0.129312, -0.977968, -0.163874, -0.002831, -0.381001, 0.103583, -0.918719, -0.089074, 0.0, 0.0, 0.0, 1.0],
                [0.915389, 0.173509, -0.363245, 0.086814, 0.128338, -0.981045, -0.14518, -0.002831, -0.381564, 0.086286, -0.920271, -0.089074, 0.0, 0.0, 0.0, 1.0],
                [0.915293, 0.167011, -0.366519, 0.086814, 0.127374, -0.983302, -0.129961, -0.002831, -0.382119, 0.072275, -0.921247, -0.089074, 0.0, 0.0, 0.0, 1.0],
                [0.915199, 0.161396, -0.369257, 0.086814, 0.126447, -0.985033, -0.117131, -0.002831, -0.38265, 0.060515, -0.921874, -0.089074, 0.0, 0.0, 0.0, 1.0],
                [0.915112, 0.156539, -0.371558, 0.086814, 0.125583, -0.986376, -0.106253, -0.002831, -0.383144, 0.05058, -0.922268, -0.089074, 0.0, 0.0, 0.0, 1.0],
                [0.915032, 0.152389, -0.373475, 0.086814, 0.124802, -0.987417, -0.09711, -0.002831, -0.383589, 0.042256, -0.922502, -0.089074, 0.0, 0.0, 0.0, 1.0],
                [0.914962, 0.148919, -0.375042, 0.086814, 0.124123, -0.988215, -0.089569, -0.002831, -0.383976, 0.035409, -0.922629, -0.089074, 0.0, 0.0, 0.0, 1.0],
                [0.914904, 0.146115, -0.376286, 0.086814, 0.123556, -0.988814, -0.083539, -0.002831, -0.384298, 0.029946, -0.922688, -0.089074, 0.0, 0.0, 0.0, 1.0],
                [0.914858, 0.143962, -0.377227, 0.086814, 0.123111, -0.989247, -0.078947, -0.002831, -0.38455, 0.025792, -0.922708, -0.089074, 0.0, 0.0, 0.0, 1.0],
                [0.914824, 0.142445, -0.377882, 0.086814, 0.122792, -0.989538, -0.07573, -0.002831, -0.384731, 0.022887, -0.92271, -0.089074, 0.0, 0.0, 0.0, 1.0],
                [0.914805, 0.141547, -0.378268, 0.086814, 0.122602, -0.989705, -0.073834, -0.002831, -0.384839, 0.021175, -0.922705, -0.089074, 0.0, 0.0, 0.0, 1.0],
                [0.914798, 0.141251, -0.378394, 0.086814, 0.122539, -0.989759, -0.07321, -0.002831, -0.384875, 0.020612, -0.922703, -0.089074, 0.0, 0.0, 0.0, 1.0],
                [0.914802, 0.14143, -0.378318, 0.086814, 0.122577, -0.989726, -0.073586, -0.002831, -0.384854, 0.020952, -0.922705, -0.089074, 0.0, 0.0, 0.0, 1.0],
                [0.914814, 0.141971, -0.378086, 0.086814, 0.122692, -0.989626, -0.074727, -0.002831, -0.384788, 0.021981, -0.922708, -0.089074, 0.0, 0.0, 0.0, 1.0],
                [0.914834, 0.142881, -0.377695, 0.086814, 0.122884, -0.989455, -0.076653, -0.002831, -0.384679, 0.02372, -0.92271, -0.089074, 0.0, 0.0, 0.0, 1.0],
                [0.914862, 0.14417, -0.377136, 0.086814, 0.123154, -0.989206, -0.079388, -0.002831, -0.384526, 0.026191, -0.922707, -0.089074, 0.0, 0.0, 0.0, 1.0],
                [0.914898, 0.145844, -0.376405, 0.086814, 0.1235, -0.98887, -0.082959, -0.002831, -0.384329, 0.029421, -0.922692, -0.089074, 0.0, 0.0, 0.0, 1.0],
                [0.914942, 0.147911, -0.375491, 0.086814, 0.123921, -0.988435, -0.087394, -0.002831, -0.384091, 0.033438, -0.922655, -0.089074, 0.0, 0.0, 0.0, 1.0],
                [0.914992, 0.150378, -0.374387, 0.086814, 0.124411, -0.987887, -0.092729, -0.002831, -0.383811, 0.038276, -0.922583, -0.089074, 0.0, 0.0, 0.0, 1.0],
                [0.915049, 0.153251, -0.37308, 0.086814, 0.124968, -0.987208, -0.098999, -0.002831, -0.383495, 0.043974, -0.92246, -0.089074, 0.0, 0.0, 0.0, 1.0],
                [0.915112, 0.156539, -0.371558, 0.086814, 0.125583, -0.986376, -0.106253, -0.002831, -0.383144, 0.05058, -0.922268, -0.089074, 0.0, 0.0, 0.0, 1.0],
                [0.915179, 0.160254, -0.369804, 0.086814, 0.126249, -0.985361, -0.114555, -0.002831, -0.382763, 0.058159, -0.921979, -0.089074, 0.0, 0.0, 0.0, 1.0],
                [0.915251, 0.164416, -0.367795, 0.086814, 0.126955, -0.984126, -0.123997, -0.002831, -0.382359, 0.066802, -0.921561, -0.089074, 0.0, 0.0, 0.0, 1.0],
                [0.915325, 0.169069, -0.365495, 0.086814, 0.127692, -0.982618, -0.134735, -0.002831, -0.381936, 0.076663, -0.920968, -0.089074, 0.0, 0.0, 0.0, 1.0],
                [0.9154, 0.174297, -0.36284, 0.086814, 0.128446, -0.980752, -0.147053, -0.002831, -0.381502, 0.088015, -0.920133, -0.089074, 0.0, 0.0, 0.0, 1.0],
                [0.915476, 0.180301, -0.359701, 0.086814, 0.129204, -0.978367, -0.161557, -0.002831, -0.381063, 0.101434, -0.918933, -0.089074, 0.0, 0.0, 0.0, 1.0],
                [0.915552, 0.187649, -0.355729, 0.086814, 0.129952, -0.975066, -0.179875, -0.002831, -0.380627, 0.118465, -0.917074, -0.089074, 0.0, 0.0, 0.0, 1.0],
                [0.915629, 0.200401, -0.348503, 0.086814, 0.130663, -0.96818, -0.213426, -0.002831, -0.380199, 0.14989, -0.912643, -0.089074, 0.0, 0.0, 0.0, 1.0],
                [0.915697, 0.204053, -0.346198, 0.086814, 0.131371, -0.966161, -0.221973, -0.002831, -0.379792, 0.157787, -0.911481, -0.089074, 0.0, 0.0, 0.0, 1.0],
                [0.915758, 0.204917, -0.345524, 0.086814, 0.132045, -0.965869, -0.222839, -0.002831, -0.379409, 0.158449, -0.911525, -0.089074, 0.0, 0.0, 0.0, 1.0],
                [0.915814, 0.205713, -0.344901, 0.086814, 0.132667, -0.9656, -0.223635, -0.002831, -0.379056, 0.159058, -0.911566, -0.089074, 0.0, 0.0, 0.0, 1.0],
                [0.915865, 0.206431, -0.344338, 0.086814, 0.133229, -0.965356, -0.224354, -0.002831, -0.378737, 0.159609, -0.911602, -0.089074, 0.0, 0.0, 0.0, 1.0],
                [0.915909, 0.207063, -0.34384, 0.086814, 0.133725, -0.96514, -0.224985, -0.002831, -0.378455, 0.160093, -0.911635, -0.089074, 0.0, 0.0, 0.0, 1.0],
                [0.915947, 0.207604, -0.343414, 0.086814, 0.134149, -0.964955, -0.225525, -0.002831, -0.378214, 0.160507, -0.911662, -0.089074, 0.0, 0.0, 0.0, 1.0],
                [0.915977, 0.208048, -0.343062, 0.086814, 0.134499, -0.964803, -0.225969, -0.002831, -0.378015, 0.160848, -0.911684, -0.089074, 0.0, 0.0, 0.0, 1.0],
                [0.916001, 0.208394, -0.342788, 0.086814, 0.134772, -0.964684, -0.226314, -0.002831, -0.37786, 0.161113, -0.911702, -0.089074, 0.0, 0.0, 0.0, 1.0],
                [0.916018, 0.208641, -0.342593, 0.086814, 0.134966, -0.964599, -0.226561, -0.002831, -0.377749, 0.161302, -0.911714, -0.089074, 0.0, 0.0, 0.0, 1.0],
                [0.916028, 0.208789, -0.342476, 0.086814, 0.135082, -0.964548, -0.226707, -0.002831, -0.377683, 0.161415, -0.911722, -0.089074, 0.0, 0.0, 0.0, 1.0],
                [0.916032, 0.208837, -0.342437, 0.086814, 0.13512, -0.964531, -0.226756, -0.002831, -0.377661, 0.161453, -0.911724, -0.089074, 0.0, 0.0, 0.0, 1.0]
            ]
        },
        {
            "name": "Leg_R",
            "time": [0.0, 0.0167, 0.0333, 0.05, 0.0667, 0.0833, 0.1, 0.1167, 0.1333, 0.15, 0.1667, 0.1833, 0.2, 0.2167, 0.2333, 0.25, 0.2667, 0.2833, 0.3, 0.3167, 0.3333, 0.35, 0.3667, 0.3833, 0.4, 0.4167, 0.4333, 0.45, 0.4667, 0.4833, 0.5, 0.5167, 0.5333, 0.55, 0.5667, 0.5833, 0.6, 0.6167, 0.6333, 0.65, 0.6667, 0.6833, 0.7, 0.7167, 0.7333, 0.75, 0.7667, 0.7833, 0.8, 0.8167, 0.8333, 0.85, 0.8667, 0.8833, 0.9, 0.9167, 0.9333, 0.95, 0.9667, 0.9833, 1.0, 1.0167, 1.0333, 1.05, 1.0667, 1.0833, 1.1, 1.1167, 1.1333, 1.15, 1.1667, 1.1833, 1.2, 1.2167, 1.2333, 1.25, 1.2667, 1.2833, 1.3, 1.3167, 1.3333, 1.35, 1.3667, 1.3833, 1.4, 1.4167, 1.4333, 1.45, 1.4667, 1.4833, 1.5, 1.5167, 1.5333, 1.55, 1.5667, 1.5833, 1.6, 1.6167, 1.6333, 1.65, 1.6667, 1.6833, 1.7, 1.7167, 1.7333, 1.75, 1.7667, 1.7833, 1.8, 1.8167, 1.8333, 1.85, 1.8667, 1.8833, 1.9, 1.9167, 1.9333, 1.95, 1.9667, 1.9833, 2.0],
            "transform": [
                [1.0, -6e-06, -0.000115, 0.0, 7e-06, 0.999986, 0.005375, 0.375166, 0.000115, -0.005363, 0.999986, -0.0, 0.0, 0.0, 0.0, 1.0],
                [1.0, -6e-06, -0.000115, -0.0, 7e-06, 0.999986, 0.005375, 0.375166, 0.000115, -0.005363, 0.999986, -0.0, 0.0, 0.0, 0.0, 1.0],
                [1.0, -6e-06, -0.000115, -0.0, 7e-06, 0.999986, 0.005375, 0.375166, 0.000115, -0.005363, 0.999986, -0.0, 0.0, 0.0, 0.0, 1.0],
                [1.0, -6e-06, -0.000115, 0.0, 7e-06, 0.999986, 0.005375, 0.375166, 0.000115, -0.005363, 0.999986, 0.0, 0.0, 0.0, 0.0, 1.0],
                [1.0, -6e-06, -0.000115, 0.0, 7e-06, 0.999986, 0.005375, 0.375166, 0.000115, -0.005363, 0.999986, -0.0, 0.0, 0.0, 0.0, 1.0],
                [1.0, -6e-06, -0.000115, 0.0, 7e-06, 0.999986, 0.005375, 0.375166, 0.000115, -0.005363, 0.999986, -0.0, 0.0, 0.0, 0.0, 1.0],
                [1.0, -6e-06, -0.000115, 0.0, 7e-06, 0.999986, 0.005374, 0.375166, 0.000115, -0.005362, 0.999986, 0.0, 0.0, 0.0, 0.0, 1.0],
                [0.999999, -6e-06, -0.000115, 0.0, 7e-06, 0.999986, 0.005374, 0.375166, 0.000115, -0.005362, 0.999986, 0.0, 0.0, 0.0, 0.0, 1.0],
